#mag    e_mag    col1   e_col1    m_ini
22.3692    0.0505   1.0748   0.0890   1.9977
23.4726    0.0896   1.2535   0.1623   0.9494
22.7579    0.0594   1.1196   0.1056   1.8935
22.3700    0.0511   1.0351   0.0902   1.9893
22.5484    0.0552   1.1666   0.0977   1.9365
22.5680    0.0544   1.2148   0.0962   1.9449
22.6392    0.0566   1.2983   0.1004   1.9222
22.7024    0.0587   1.2570   0.1043   1.9006
22.6146    0.0552   1.1455   0.0977   1.9365
22.7071    0.0602   1.2745   0.1070   1.8854
22.3964    0.0499   1.0763   0.0880   2.0049
22.6526    0.0580   1.3632   0.1030   1.9078
22.6968    0.0566   1.1985   0.1004   1.9222
23.2592    0.0788   1.2049   0.1418   0.9911
22.4999    0.0544   1.3869   0.0962   1.9449
22.5665    0.0544   1.2221   0.0962   1.9449
23.2489    0.0823   1.0160   0.1486   0.9767
22.6349    0.0573   1.3335   0.1017   1.9150
22.6510    0.0600   1.3636   0.1066   1.8877
22.5601    0.0553   1.0539   0.0980   1.9391
22.7772    0.0606   1.3064   0.1078   1.8810
22.6413    0.0580   1.2681   0.1030   1.9078
22.5543    0.0544   1.1946   0.0962   1.9449
22.6238    0.0552   1.2004   0.0977   1.9365
22.7389    0.0573   1.3276   0.1017   1.9150
22.5660    0.0552   1.1345   0.0977   1.9365
22.7475    0.0580   1.2865   0.1030   1.9078
22.7095    0.0602   1.1306   0.1070   1.8854
22.7975    0.0600   1.2445   0.1066   1.8877
22.4292    0.0515   1.1436   0.0910   1.9834
22.5974    0.0559   1.1917   0.0990   1.9293
22.6886    0.0573   1.2424   0.1017   1.9150
22.5748    0.0561   1.1893   0.0994   1.9288
23.1042    0.0770   1.0441   0.1386   0.9982
22.6456    0.0552   1.2788   0.0977   1.9365
22.3303    0.0477   1.0429   0.0839   2.0156
22.7602    0.0591   0.9286   0.1050   1.0887
22.9053    0.0641   0.9473   0.1144   1.0603
22.4253    0.0501   1.0759   0.0884   1.9987
22.1766    0.0444   1.0543   0.0779   2.0819
22.4752    0.0506   1.1380   0.0892   1.9843
22.7703    0.0621   0.9711   0.1105   1.0716
22.1530    0.0459   1.0379   0.0806   2.0351
22.5469    0.0536   1.2392   0.0948   1.9526
22.3927    0.0487   0.9915   0.0858   2.0042
22.3151    0.0464   1.0695   0.0816   2.0291
22.2248    0.0449   0.9977   0.0787   2.0684
22.8676    0.0641   1.0112   0.1144   1.0603
22.3253    0.0477   1.1336   0.0839   2.0156
22.9687    0.0702   0.9180   0.1258   1.0292
22.9011    0.0688   1.0725   0.1232   1.0359
22.1566    0.0454   1.0871   0.0796   2.0410
22.1684    0.0456   0.9359   0.0801   2.0381
22.4089    0.0503   1.1119   0.0886   1.9876
22.1978    0.0462   1.0833   0.0811   2.0321
22.1577    0.0459   1.0297   0.0806   2.0351
22.9003    0.0662   1.0236   0.1182   1.0494
22.2519    0.0468   1.0757   0.0823   2.0460
22.2073    0.0459   1.0832   0.0806   2.0351
22.0839    0.0426   0.9874   0.0746   2.1020
22.2971    0.0487   1.0767   0.0858   2.0042
22.8500    0.0652   1.0102   0.1164   1.0546
22.2603    0.0456   1.1577   0.0801   2.0381
22.2720    0.0451   0.9827   0.0790   2.0442
22.8599    0.0682   1.1132   0.1219   1.0393
22.3691    0.0498   1.0622   0.0877   1.9929
22.6495    0.0563   1.1401   0.0997   1.1060
22.4803    0.0540   1.2413   0.0955   1.9488
22.6631    0.0585   0.9709   0.1039   1.0923
22.8231    0.0662   1.1955   0.1182   1.0494
22.7749    0.0621   0.8842   0.1105   1.0716
22.6858    0.0591   1.0333   0.1050   1.0887
22.4467    0.0501   1.2629   0.0884   1.9987
22.4251    0.0498   1.1689   0.0877   1.9929
21.8953    0.0375   0.9904   0.0651   2.1979
22.8060    0.0641   1.1066   0.1144   1.0603
22.3985    0.0482   1.1575   0.0848   2.0099
22.8583    0.0621   0.9510   0.1105   1.0716
22.1330    0.0431   1.0031   0.0755   2.0973
22.1812    0.0442   1.0466   0.0774   2.0720
22.1780    0.0464   1.1508   0.0816   2.0291
22.2727    0.0460   1.0681   0.0808   2.0336
22.1325    0.0438   0.9632   0.0767   2.0819
22.9957    0.0717   1.2914   0.1286   1.0219
22.6840    0.0611   1.0718   0.1087   1.0773
22.7605    0.0611   1.0390   0.1087   1.0773
22.3098    0.0472   1.1012   0.0829   2.0213
22.7063    0.0611   0.9363   0.1087   1.0773
22.4968    0.0529   1.1804   0.0935   1.9602
22.3527    0.0498   1.1852   0.0877   1.9929
22.4935    0.0512   1.1058   0.0904   1.9775
22.9563    0.0702   1.0539   0.1258   1.0292
22.3607    0.0487   1.0225   0.0858   2.0042
22.3412    0.0472   1.0126   0.0829   2.0213
22.4659    0.0512   1.0896   0.0904   1.9775
22.2774    0.0474   1.0492   0.0834   2.0283
22.3335    0.0503   1.1752   0.0886   1.9876
23.0321    0.0717   0.8293   0.1286   1.0219
22.2266    0.0464   1.1868   0.0816   2.0291
22.5005    0.0519   0.9842   0.0916   1.9708
22.2031    0.0463   1.0277   0.0813   2.0306
23.0231    0.0717   1.1465   0.1286   1.0219
22.9741    0.0652   1.1702   0.1164   1.0546
22.6882    0.0591   0.9494   0.1050   1.0887
22.2303    0.0440   0.9451   0.0771   2.0812
22.4017    0.0506   1.0316   0.0892   1.9843
22.4136    0.0498   1.0970   0.0877   1.9929
21.8705    0.0383   0.9897   0.0666   2.1833
22.4768    0.0506   1.1479   0.0892   1.9843
22.2675    0.0482   1.0836   0.0848   2.0099
22.8278    0.0641   0.9585   0.1144   1.0603
22.2426    0.0454   0.9435   0.0796   2.0410
22.3962    0.0497   1.1431   0.0877   1.9965
22.6251    0.0591   1.0132   0.1050   1.0887
22.3498    0.0482   1.2230   0.0848   2.0099
22.7258    0.0563   0.8120   0.0997   1.1060
21.9551    0.0389   0.9521   0.0677   2.1727
22.3332    0.0488   1.0745   0.0859   2.0098
22.4883    0.0532   1.2333   0.0941   1.9564
22.2426    0.0439   1.0921   0.0770   2.0879
22.4250    0.0509   1.2384   0.0898   1.9809
22.2858    0.0466   1.0721   0.0819   2.0270
22.2639    0.0466   1.0412   0.0819   2.0270
22.4500    0.0529   1.1977   0.0935   1.9602
22.9577    0.0662   0.9592   0.1182   1.0494
22.9331    0.0652   0.8594   0.1164   1.0546
22.3676    0.0519   1.0509   0.0916   1.9708
22.2923    0.0485   1.0882   0.0854   2.0194
22.4798    0.0532   1.2137   0.0941   1.9564
22.3465    0.0487   1.0028   0.0858   2.0042
22.1282    0.0451   1.1468   0.0791   2.0713
22.8011    0.0621   0.9364   0.1105   1.0716
22.2420    0.0449   1.1522   0.0787   2.0752
22.3015    0.0472   1.0060   0.0829   2.0213
22.4031    0.0487   1.1221   0.0858   2.0042
22.6565    0.0563   0.9363   0.0997   1.1060
22.7640    0.0641   0.9298   0.1144   1.0603
22.5303    0.0536   1.0939   0.0948   1.9526
21.8959    0.0373   0.9400   0.0648   2.2015
22.5827    0.0572   0.8932   0.1016   1.0998
22.2393    0.0456   1.0572   0.0801   2.0381
22.8116    0.0631   0.8694   0.1125   1.0660
22.5389    0.0532   0.9996   0.0941   1.9564
22.2638    0.0436   1.0432   0.0763   2.0897
22.2787    0.0451   1.1004   0.0790   2.0442
22.2674    0.0458   0.9777   0.0803   2.0366
22.9734    0.0702   1.2737   0.1258   1.0292
22.5092    0.0522   1.1425   0.0922   1.9675
22.4683    0.0529   1.2209   0.0935   1.9602
22.2841    0.0471   0.9080   0.0828   2.0385
22.5065    0.0508   1.1024   0.0895   1.9915
22.6173    0.0591   1.0571   0.1050   1.0887
22.2407    0.0462   1.0470   0.0811   2.0321
22.7695    0.0611   0.9107   0.1087   1.0773
22.0800    0.0427   0.8199   0.0747   2.0931
22.2586    0.0445   1.0139   0.0781   2.0676
22.1350    0.0446   0.7123   0.0782   1.1915
21.6949    0.0334   0.9494   0.0576   2.2688
21.9256    0.0394   0.9985   0.0686   2.1115
21.9408    0.0394   1.0513   0.0686   2.1115
21.8481    0.0366   0.9587   0.0635   2.1629
21.9529    0.0398   1.0167   0.0694   2.1518
21.6875    0.0338   0.8695   0.0584   2.2656
21.8769    0.0359   0.9396   0.0623   2.1844
21.6653    0.0332   0.9157   0.0573   2.2835
21.8860    0.0368   0.9308   0.0639   2.1975
21.6151    0.0315   0.8209   0.0543   2.3173
22.0826    0.0432   1.0002   0.0757   2.0663
22.2104    0.0479   0.9915   0.0842   1.1646
22.1970    0.0446   0.9593   0.0782   1.1915
21.7914    0.0351   0.9244   0.0608   2.2406
21.7897    0.0351   0.8288   0.0608   2.2007
22.1565    0.0433   0.9613   0.0758   2.0641
22.1432    0.0425   0.8083   0.0744   1.2096
22.1157    0.0436   0.9040   0.0763   1.2005
22.4634    0.0532   0.9572   0.0941   1.1259
21.7995    0.0357   0.9901   0.0619   2.2227
22.2615    0.0457   0.7834   0.0802   1.1824
22.3875    0.0479   0.9593   0.0842   1.1646
22.1587    0.0446   0.8478   0.0782   1.1915
21.9346    0.0387   0.9980   0.0673   2.1206
22.3941    0.0490   0.9163   0.0863   1.1561
21.7972    0.0357   1.0254   0.0619   2.1916
22.1461    0.0432   1.1200   0.0756   2.0714
21.8869    0.0368   1.0250   0.0638   2.2107
22.2300    0.0468   0.9285   0.0822   1.1733
21.5725    0.0315   0.8331   0.0542   2.3201
22.1173    0.0436   0.7722   0.0763   1.2005
22.0812    0.0425   0.8238   0.0744   1.2096
22.2703    0.0468   0.8156   0.0822   1.1733
21.7559    0.0349   0.8485   0.0604   2.2419
21.9756    0.0399   0.8472   0.0696   2.1328
21.8711    0.0380   0.9648   0.0660   2.1297
21.9481    0.0387   0.9102   0.0673   2.1206
22.3268    0.0468   0.7669   0.0822   1.1733
22.4891    0.0532   0.9290   0.0941   1.1259
21.8124    0.0361   0.9201   0.0626   2.1897
22.1453    0.0431   0.8773   0.0753   2.0859
22.2094    0.0436   0.8322   0.0763   1.2005
21.8042    0.0357   0.8368   0.0619   2.1916
22.4077    0.0495   0.8458   0.0873   1.1519
22.2126    0.0436   0.7465   0.0763   1.2005
21.7577    0.0355   0.9238   0.0616   2.1863
22.2404    0.0457   0.7430   0.0802   1.1824
22.0195    0.0387   0.8237   0.0673   2.1206
21.9622    0.0401   0.8387   0.0699   2.1028
21.5553    0.0311   0.8488   0.0535   2.3292
22.0029    0.0393   0.9361   0.0684   2.1379
22.4749    0.0521   0.9488   0.0919   1.1338
21.9662    0.0400   0.9789   0.0698   2.1134
22.3397    0.0468   0.9263   0.0822   1.1733
21.6975    0.0335   0.8547   0.0578   2.2608
21.9549    0.0385   0.9901   0.0671   2.1758
22.0189    0.0401   0.7261   0.0699   2.1028
21.9510    0.0387   0.8140   0.0673   2.1206
22.2004    0.0457   0.7888   0.0802   1.1824
21.5969    0.0314   0.8635   0.0542   2.3228
21.8721    0.0371   0.9010   0.0644   2.1895
22.1545    0.0436   0.7153   0.0763   1.2005
21.9710    0.0401   1.0054   0.0699   2.1028
22.1749    0.0446   0.8298   0.0782   1.1915
21.8217    0.0368   0.8034   0.0639   2.1876
21.9300    0.0374   0.9898   0.0651   2.1924
21.8555    0.0379   0.8202   0.0660   2.1447
21.6472    0.0333   0.9626   0.0575   2.2801
21.9925    0.0394   0.8810   0.0686   2.1115
21.4837    0.0297   0.8393   0.0510   2.3647
21.8578    0.0357   0.9005   0.0619   2.1792
21.3918    0.0286   0.8111   0.0491   2.3920
22.3105    0.0504   0.8691   0.0889   1.1457
22.2660    0.0457   0.8717   0.0802   1.1824
21.9638    0.0385   0.9937   0.0671   2.1569
21.6263    0.0316   0.9282   0.0545   2.3079
21.6398    0.0340   0.8882   0.0588   2.2517
22.2369    0.0446   0.9377   0.0782   1.1915
22.2402    0.0457   0.6958   0.0802   1.1824
21.4954    0.0308   0.9315   0.0530   2.3316
21.8439    0.0366   0.9092   0.0635   2.1479
21.9301    0.0375   0.9006   0.0652   2.1961
22.6071    0.0543   0.8319   0.0960   1.1188
21.6191    0.0317   0.7470   0.0545   2.3162
22.4318    0.0509   0.8501   0.0899   1.1417
21.7562    0.0348   0.9350   0.0603   2.2274
22.0369    0.0394   0.9092   0.0686   2.1115
21.7345    0.0337   0.8923   0.0583   2.2455
22.1338    0.0439   0.9373   0.0770   2.0570
21.8522    0.0370   0.8926   0.0643   2.1610
22.4917    0.0504   0.9204   0.0889   1.1457
22.2375    0.0457   0.9944   0.0802   1.1824
21.9857    0.0387   1.0084   0.0673   2.1206
21.9787    0.0394   0.8434   0.0687   2.1358
21.7690    0.0351   0.8384   0.0607   2.2336
21.6158    0.0328   0.8303   0.0565   2.2853
21.6648    0.0336   0.8527   0.0580   2.2631
21.9861    0.0389   0.9698   0.0678   2.1624
21.7837    0.0355   0.9305   0.0615   2.2299
21.8849    0.0373   1.0316   0.0647   2.1388
21.6868    0.0324   0.8905   0.0558   2.2869
21.8321    0.0356   0.9688   0.0617   2.2343
21.9785    0.0389   0.9551   0.0677   2.1681
22.2135    0.0457   0.9097   0.0802   1.1824
21.8931    0.0368   0.9535   0.0639   2.1876
21.4475    0.0296   0.7744   0.0509   2.3651
21.5936    0.0320   0.9896   0.0553   2.3038
22.2151    0.0436   0.7559   0.0763   1.2005
21.8941    0.0371   1.0074   0.0644   2.1933
22.3228    0.0468   0.8491   0.0822   1.1733
21.9821    0.0392   1.0069   0.0683   2.1350
21.5975    0.0324   0.9388   0.0559   2.2942
21.9239    0.0394   0.9378   0.0686   2.1115
22.1149    0.0446   0.7725   0.0782   1.1915
22.3354    0.0498   0.8239   0.0878   1.1497
21.5732    0.0317   0.9516   0.0545   2.3162
22.4627    0.0521   0.7588   0.0919   1.1338
21.6174    0.0320   0.9482   0.0551   2.3103
21.4568    0.0297   0.8685   0.0510   2.3647
21.7857    0.0357   1.0694   0.0619   2.2287
21.9176    0.0373   0.9205   0.0647   2.1538
22.0786    0.0431   0.9196   0.0755   2.0819
21.8708    0.0364   0.7979   0.0631   2.1825
21.8317    0.0349   0.9629   0.0604   2.2187
21.8163    0.0355   0.8512   0.0615   2.2358
21.4733    0.0304   0.8446   0.0523   2.3469
22.2341    0.0446   0.8628   0.0782   1.1915
22.6360    0.0548   1.0443   0.0969   1.1156
21.9165    0.0370   1.1063   0.0643   2.2064
22.0589    0.0425   0.7011   0.0744   1.2096
22.4021    0.0515   0.9359   0.0909   1.1378
22.5025    0.0515   0.8844   0.0909   1.1378
21.5388    0.0304   0.8733   0.0524   2.3466
21.6194    0.0341   0.9136   0.0591   2.2636
21.7729    0.0359   1.0037   0.0623   2.2170
21.9920    0.0392   0.9972   0.0682   2.1320
22.4729    0.0504   0.9977   0.0889   1.1457
22.3866    0.0495   0.8841   0.0873   1.1519
21.6105    0.0318   0.8137   0.0548   2.3144
22.1582    0.0446   0.9534   0.0782   1.1915
21.7547    0.0357   0.9927   0.0619   2.1792
21.7738    0.0344   0.9473   0.0595   2.2506
21.4633    0.0296   0.8154   0.0507   2.3658
22.1013    0.0434   0.9147   0.0760   2.0787
21.7144    0.0329   0.8697   0.0568   2.2699
22.4056    0.0521   0.7623   0.0919   1.1338
21.5849    0.0316   0.8177   0.0544   2.3190
21.9228    0.0387   0.8290   0.0673   2.1206
22.5405    0.0543   0.8939   0.0960   1.1188
22.0587    0.0399   1.0259   0.0696   2.1073
22.1888    0.0436   1.0414   0.0764   2.0602
22.1632    0.0425   0.7831   0.0744   1.2096
22.1812    0.0436   0.8666   0.0763   1.2005
21.3843    0.0283   0.7813   0.0485   2.4011
22.2511    0.0468   0.8103   0.0822   1.1733
21.4565    0.0293   0.7942   0.0503   2.3738
21.8387    0.0371   0.9500   0.0644   2.1957
21.8234    0.0361   0.9926   0.0627   2.2106
21.5132    0.0297   0.7829   0.0510   2.3647
22.5663    0.0515   0.9904   0.0909   1.1378
21.9368    0.0395   1.0562   0.0689   2.1516
21.7826    0.0349   0.9143   0.0605   2.2317
22.4288    0.0526   0.8559   0.0930   1.1298
22.2454    0.0457   0.8301   0.0802   1.1824
22.3693    0.0504   0.8332   0.0889   1.1457
22.1149    0.0436   0.8302   0.0763   1.2005
21.4904    0.0300   0.8100   0.0515   2.3567
21.7931    0.0342   0.8642   0.0592   2.2589
21.8380    0.0379   0.9056   0.0659   2.1572
22.2070    0.0445   0.9253   0.0780   2.0506
22.3736    0.0493   0.9390   0.0868   1.1540
21.9091    0.0373   0.8650   0.0647   2.1388
21.8751    0.0383   1.0390   0.0666   2.1737
21.8803    0.0371   1.0206   0.0645   2.1433
22.3267    0.0468   0.8864   0.0822   1.1733
22.0623    0.0425   0.7852   0.0744   1.2096
22.1739    0.0436   1.1318   0.0764   2.0602
21.4935    0.0297   0.7960   0.0510   2.3616
21.9752    0.0394   0.9099   0.0687   2.1582
21.8399    0.0367   0.9217   0.0637   2.2043
22.1678    0.0436   0.8166   0.0763   1.2005
22.1653    0.0446   0.8048   0.0782   1.1915
21.8875    0.0370   1.0287   0.0642   2.1734
22.0211    0.0399   0.9838   0.0695   2.1360
22.1504    0.0425   0.7794   0.0744   1.2096
21.7153    0.0336   0.8366   0.0580   2.2631
22.1812    0.0457   0.8433   0.0802   1.1824
21.9691    0.0394   0.9312   0.0686   2.1115
22.5917    0.0543   0.9416   0.0960   1.1188
21.9898    0.0394   0.9757   0.0686   2.1115
21.7202    0.0337   0.9606   0.0582   2.2654
22.2154    0.0457   0.8112   0.0802   1.1824
21.7816    0.0361   0.6585   0.0626   1.2740
21.7551    0.0343   0.6869   0.0594   1.2952
21.7151    0.0348   0.8029   0.0602   1.2896
21.9010    0.0371   0.7047   0.0645   1.2628
21.9613    0.0382   0.8137   0.0665   1.2511
21.9814    0.0388   0.7197   0.0675   1.2453
22.0567    0.0399   0.9385   0.0696   1.2337
21.3911    0.0291   0.8852   0.0499   2.3597
21.9053    0.0394   0.6760   0.0686   1.2395
22.1067    0.0415   0.7068   0.0725   1.2187
21.6683    0.0329   0.8958   0.0568   2.2535
21.2575    0.0260   0.7239   0.0444   2.4472
21.3899    0.0289   0.9114   0.0495   2.3833
21.2049    0.0252   0.8372   0.0430   2.4776
21.7946    0.0348   0.6670   0.0602   1.2896
21.7652    0.0339   0.7159   0.0586   1.3009
21.7502    0.0352   0.9199   0.0610   2.1661
21.7733    0.0362   0.7216   0.0629   1.2726
21.2906    0.0273   0.7775   0.0467   2.4019
21.4502    0.0295   0.7083   0.0506   2.2762
21.0356    0.0229   0.7449   0.0387   2.5636
21.3584    0.0277   0.8444   0.0474   2.4066
21.3544    0.0267   0.8245   0.0457   2.4315
21.1889    0.0251   0.7474   0.0426   2.4799
21.5466    0.0294   0.7935   0.0504   2.3057
21.8324    0.0361   0.6421   0.0626   1.2740
21.4068    0.0292   0.7462   0.0501   2.3038
21.5922    0.0314   0.8571   0.0541   2.2221
21.4308    0.0280   0.7877   0.0479   2.3448
21.6777    0.0328   0.8449   0.0566   2.2424
21.7503    0.0339   0.6598   0.0586   1.3009
21.5500    0.0306   0.8382   0.0526   2.3170
21.4886    0.0299   0.9078   0.0513   2.2791
21.5661    0.0310   0.7582   0.0534   2.2278
21.9499    0.0394   0.8344   0.0686   1.2395
21.5841    0.0318   0.7156   0.0547   2.2165
21.2644    0.0257   0.8007   0.0439   2.4668
21.1734    0.0253   0.8331   0.0430   2.4836
21.7422    0.0348   0.7628   0.0602   1.2896
21.3651    0.0272   0.7720   0.0464   2.4277
21.7976    0.0343   0.7126   0.0594   1.2952
21.8968    0.0388   0.7974   0.0675   1.2453
21.8303    0.0365   0.7562   0.0633   1.2699
21.7863    0.0361   0.6787   0.0626   1.2740
21.1565    0.0253   0.8023   0.0430   2.4742
21.8377    0.0353   0.6670   0.0611   1.2839
21.7148    0.0343   0.7022   0.0594   1.2952
21.6823    0.0334   0.7216   0.0577   1.3066
21.0305    0.0230   0.7227   0.0389   2.5606
21.8948    0.0371   0.7764   0.0645   1.2628
21.2772    0.0259   0.7902   0.0441   2.4666
21.1816    0.0248   0.7562   0.0422   2.4924
21.8661    0.0366   0.8547   0.0635   2.1479
21.2369    0.0259   0.7952   0.0441   2.4674
21.8111    0.0365   0.8496   0.0633   1.2699
21.3624    0.0274   0.7667   0.0468   2.4026
21.8223    0.0348   0.6805   0.0602   1.2896
21.8155    0.0357   0.7080   0.0620   1.2782
21.8483    0.0359   0.9348   0.0622   2.1570
21.7463    0.0348   0.7640   0.0602   1.2896
21.1070    0.0243   0.8030   0.0413   2.5105
21.8397    0.0362   0.8567   0.0629   1.2726
21.4896    0.0307   0.8625   0.0528   2.2335
21.6433    0.0326   0.8199   0.0562   2.2436
22.0369    0.0399   0.8012   0.0696   1.2337
21.1677    0.0246   0.7305   0.0417   2.5060
21.7422    0.0348   0.6918   0.0602   1.2896
21.4571    0.0293   0.7491   0.0504   2.3615
21.8670    0.0377   0.7378   0.0655   1.2570
21.3415    0.0277   0.7821   0.0475   2.3849
21.6899    0.0332   0.8605   0.0573   2.1952
21.8602    0.0382   0.7886   0.0665   1.2511
21.4474    0.0285   0.7622   0.0489   2.3902
21.6709    0.0334   0.7655   0.0577   1.3066
21.2283    0.0256   0.7589   0.0436   2.4757
21.9595    0.0399   0.6997   0.0696   1.2337
22.0670    0.0425   0.7024   0.0744   1.2096
21.2645    0.0262   0.8070   0.0446   2.4575
21.2964    0.0272   0.8380   0.0465   2.4097
21.5075    0.0301   0.8662   0.0517   2.3174
21.1327    0.0242   0.7269   0.0411   2.5174
21.1535    0.0242   0.7453   0.0411   2.5197
21.7286    0.0344   0.9306   0.0595   2.1778
21.6324    0.0324   0.8486   0.0559   2.2576
21.9548    0.0382   0.8069   0.0665   1.2511
21.1073    0.0238   0.6846   0.0403   2.5337
21.3001    0.0271   0.7836   0.0463   2.4310
21.4342    0.0289   0.7871   0.0496   2.3356
21.1624    0.0244   0.7414   0.0414   2.5119
21.8245    0.0377   0.6883   0.0655   1.2570
21.8313    0.0357   0.7639   0.0620   1.2782
20.9990    0.0225   0.6994   0.0381   2.5763
21.8426    0.0365   0.8074   0.0633   1.2699
21.7445    0.0344   0.7774   0.0595   2.1778
21.3755    0.0276   0.7930   0.0472   2.4085
21.5547    0.0307   0.8056   0.0528   2.3311
21.7742    0.0359   0.8119   0.0622   1.2767
21.9311    0.0377   0.7809   0.0655   1.2570
20.9894    0.0223   0.7652   0.0377   2.5848
21.8268    0.0353   0.6910   0.0611   1.2839
21.1743    0.0251   0.6808   0.0427   2.4906
21.6242    0.0319   0.8286   0.0550   2.2754
21.3263    0.0267   0.8798   0.0455   2.4322
21.1594    0.0249   0.8139   0.0424   2.4965
21.7579    0.0337   0.9021   0.0582   2.2368
21.8358    0.0360   0.7260   0.0624   1.2753
21.9140    0.0382   0.8247   0.0665   1.2511
21.6762    0.0324   0.8261   0.0560   2.2482
21.7756    0.0357   0.7718   0.0620   1.2782
21.2792    0.0263   0.7998   0.0449   2.4473
21.5817    0.0312   0.8696   0.0536   2.3108
21.8080    0.0357   0.6791   0.0620   1.2782
21.3770    0.0277   0.8048   0.0474   2.3864
21.5704    0.0307   0.8964   0.0527   2.3030
21.3419    0.0273   0.7175   0.0466   2.4283
21.0409    0.0229   0.7272   0.0387   2.5636
21.6811    0.0325   0.7792   0.0561   2.2671
21.6245    0.0319   0.8629   0.0551   2.2136
21.1420    0.0246   0.7130   0.0417   2.5015
21.8379    0.0351   0.9238   0.0608   2.1705
21.9266    0.0388   0.6409   0.0675   1.2453
21.7354    0.0348   0.6832   0.0602   1.2896
21.0781    0.0232   0.7892   0.0393   2.5525
21.9957    0.0388   0.8936   0.0675   1.2453
21.8926    0.0377   0.7512   0.0655   1.2570
21.8816    0.0364   0.6821   0.0631   1.2713
21.4526    0.0295   0.8318   0.0506   2.3456
21.4706    0.0300   0.7566   0.0515   2.3466
21.6641    0.0328   0.7842   0.0566   2.2010
21.8641    0.0359   0.7907   0.0622   1.2767
21.2440    0.0253   0.6685   0.0430   2.4742
21.7832    0.0377   0.6836   0.0655   1.2570
21.0328    0.0226   0.7646   0.0383   2.5734
21.4948    0.0299   0.7956   0.0514   2.2516
21.4724    0.0294   0.8689   0.0505   2.3115
21.8508    0.0361   0.6532   0.0626   1.2740
21.4810    0.0298   0.9125   0.0511   2.3536
21.6372    0.0320   0.8539   0.0551   2.2395
21.6527    0.0343   0.6613   0.0594   1.2952
21.7798    0.0339   0.6892   0.0586   1.3009
21.1279    0.0239   0.7298   0.0406   2.5282
21.8398    0.0359   0.6830   0.0622   1.2767
21.5702    0.0313   0.7752   0.0539   2.2288
21.5983    0.0325   0.8219   0.0561   2.2594
21.7208    0.0338   0.8897   0.0585   2.2019
21.8610    0.0377   0.7436   0.0655   1.2570
21.9800    0.0399   0.8940   0.0696   1.2337
21.3279    0.0276   0.8504   0.0471   2.4136
21.4457    0.0291   0.8383   0.0499   2.3693
21.3888    0.0280   0.7867   0.0480   2.3887
21.7266    0.0339   0.7646   0.0586   1.3009
21.3751    0.0277   0.8617   0.0474   2.3898
21.7160    0.0343   0.7281   0.0594   1.2952
21.7285    0.0344   0.8322   0.0595   2.1889
20.9762    0.0223   0.7052   0.0377   2.5848
21.7809    0.0348   0.6855   0.0602   1.2896
21.3778    0.0280   0.8086   0.0480   2.4020
21.7828    0.0353   0.7156   0.0611   1.2839
21.7654    0.0351   0.8562   0.0607   2.1883
21.7156    0.0334   0.7175   0.0577   1.3066
21.2181    0.0255   0.8002   0.0434   2.4789
21.8543    0.0377   0.8667   0.0655   1.2570
21.3528    0.0283   0.8276   0.0484   2.4011
21.3934    0.0289   0.8162   0.0496   2.3829
21.6860    0.0330   0.6699   0.0569   1.3123
21.4863    0.0301   0.7816   0.0517   2.3485
21.9119    0.0377   0.7768   0.0655   1.2570
21.5192    0.0298   0.9009   0.0512   2.3343
21.6789    0.0335   0.8664   0.0578   2.2162
21.3911    0.0277   0.8031   0.0474   2.4045
21.9119    0.0377   0.7187   0.0655   1.2570
21.5830    0.0318   0.8842   0.0549   2.2960
21.3490    0.0276   0.7597   0.0471   2.4192
21.3501    0.0278   0.7288   0.0477   2.3804
22.1267    0.0425   0.7979   0.0744   1.2096
21.3654    0.0277   0.7691   0.0473   2.3879
21.4603    0.0293   0.8094   0.0502   2.3265
21.2340    0.0259   0.7951   0.0441   2.4673
21.7130    0.0348   0.7837   0.0602   1.2896
21.2515    0.0258   0.7145   0.0440   2.4484
21.8322    0.0362   0.7461   0.0629   1.2726
22.0291    0.0394   0.6963   0.0686   1.2395
21.8668    0.0361   0.6509   0.0626   1.2740
21.7133    0.0343   0.8773   0.0593   2.2169
21.4084    0.0283   0.7685   0.0485   2.3392
21.8112    0.0359   0.8120   0.0622   2.1570
21.1911    0.0251   0.7760   0.0426   2.4799
21.8254    0.0366   0.8161   0.0635   1.2686
21.2905    0.0262   0.7503   0.0447   2.4500
21.9082    0.0394   0.7854   0.0686   1.2395
21.9216    0.0371   0.7161   0.0645   1.2628
21.9497    0.0388   0.7466   0.0675   1.2453
21.6157    0.0320   0.7703   0.0552   2.2123
21.4148    0.0290   0.7588   0.0497   2.3048
21.3390    0.0279   0.7720   0.0477   2.3933
21.7141    0.0339   0.6324   0.0586   1.3009
21.2749    0.0264   0.7968   0.0450   2.4524
21.4836    0.0296   0.8597   0.0508   2.3247
21.3503    0.0269   0.8010   0.0459   2.4049
21.2321    0.0257   0.6216   0.0438   2.4571
21.3820    0.0286   0.8597   0.0491   2.3757
21.7907    0.0348   0.7698   0.0602   1.2896
21.9658    0.0399   0.7925   0.0696   1.2337
21.5205    0.0306   0.7774   0.0526   2.3260
22.1246    0.0425   0.8689   0.0744   1.2096
21.7925    0.0353   0.7648   0.0611   1.2839
21.4673    0.0287   0.8418   0.0492   2.3812
21.5993    0.0334   0.6546   0.0577   1.3066
21.7867    0.0343   0.7906   0.0594   1.2952
21.7125    0.0343   0.6173   0.0594   1.2952
21.6604    0.0330   0.6028   0.0569   1.3123
21.2031    0.0257   0.7604   0.0439   2.4523
21.8136    0.0359   0.7711   0.0622   1.2767
21.8291    0.0361   0.7630   0.0626   1.2740
22.0157    0.0394   0.7253   0.0686   1.2395
21.6707    0.0334   0.7226   0.0577   1.3066
21.5701    0.0308   0.8691   0.0530   2.2885
22.0253    0.0394   0.6955   0.0686   1.2395
21.6801    0.0317   0.9075   0.0546   2.2209
21.7028    0.0343   0.7176   0.0594   1.2952
21.7430    0.0348   0.7036   0.0602   1.2896
21.2556    0.0258   0.7707   0.0439   2.4577
21.5106    0.0306   0.8634   0.0526   2.3170
21.6662    0.0333   0.8288   0.0576   2.2005
21.0808    0.0239   0.7656   0.0405   2.5296
21.3214    0.0267   0.7378   0.0455   2.4273
21.5295    0.0301   0.8587   0.0518   2.2963
21.7118    0.0328   0.8536   0.0566   2.2010
21.2071    0.0249   0.7198   0.0424   2.4935
21.7873    0.0366   0.7414   0.0635   1.2686
21.9931    0.0382   0.7535   0.0665   1.2511
21.7970    0.0348   0.6739   0.0602   1.2896
21.6634    0.0339   0.7063   0.0586   1.3009
21.7039    0.0339   0.6760   0.0586   1.3009
21.6605    0.0334   0.6554   0.0577   1.3066
21.9246    0.0382   0.8034   0.0665   1.2511
21.8402    0.0365   0.7601   0.0633   1.2699
21.2595    0.0264   0.7475   0.0450   2.4517
21.1472    0.0242   0.7313   0.0411   2.5197
21.6257    0.0321   0.8102   0.0554   2.2109
21.3672    0.0278   0.7818   0.0476   2.4006
21.0773    0.0233   0.7297   0.0395   2.5461
21.8829    0.0371   0.7108   0.0645   1.2628
21.5525    0.0307   0.8756   0.0528   2.2867
21.4209    0.0292   0.7276   0.0501   2.3654
21.9127    0.0388   0.7321   0.0675   1.2453
21.9781    0.0394   0.6771   0.0686   1.2395
21.3241    0.0268   0.7020   0.0457   2.4361
21.2769    0.0261   0.7576   0.0445   2.4012
21.4031    0.0286   0.6652   0.0491   1.3732
21.5726    0.0313   0.6879   0.0538   1.3347
21.3714    0.0275   0.7052   0.0470   2.3429
21.3792    0.0279   0.5998   0.0477   1.3851
21.0610    0.0228   0.7521   0.0386   2.5246
21.6465    0.0330   0.6566   0.0569   1.3123
21.5854    0.0308   0.7143   0.0531   1.3409
21.4913    0.0296   0.6582   0.0507   1.3594
21.2452    0.0259   0.7432   0.0442   2.4279
21.3978    0.0286   0.7176   0.0491   2.2713
21.4179    0.0282   0.8296   0.0483   2.2841
21.3945    0.0283   0.6365   0.0485   1.3783
20.9751    0.0221   0.7143   0.0374   2.5781
20.6608    0.0181   0.6669   0.0302   2.7590
21.4124    0.0282   0.5902   0.0482   1.3806
21.2445    0.0257   0.8083   0.0437   2.4239
21.2863    0.0264   0.6479   0.0451   1.4094
20.5920    0.0174   0.6232   0.0290   2.7942
21.6145    0.0330   0.7709   0.0569   1.3123
20.8453    0.0204   0.7077   0.0343   2.6547
21.4659    0.0296   0.7428   0.0507   1.3594
21.4313    0.0283   0.6191   0.0485   1.3783
21.6144    0.0313   0.7006   0.0538   1.3347
21.3497    0.0275   0.8109   0.0470   2.3547
21.2868    0.0268   0.7728   0.0458   2.3590
21.3506    0.0273   0.6317   0.0467   1.3947
21.5961    0.0320   0.6843   0.0551   1.3252
21.5242    0.0296   0.6736   0.0507   1.3594
21.3308    0.0275   0.6125   0.0470   1.3919
21.5733    0.0325   0.6649   0.0561   1.3177
20.9476    0.0219   0.7173   0.0370   2.5975
21.6236    0.0325   0.6947   0.0561   1.3177
21.0756    0.0231   0.7272   0.0391   2.5189
21.5404    0.0308   0.6604   0.0531   1.3409
20.7408    0.0189   0.7024   0.0317   2.7173
21.3459    0.0276   0.7195   0.0473   2.3352
21.4879    0.0304   0.7215   0.0523   1.3471
21.2511    0.0259   0.7730   0.0442   2.3892
20.7487    0.0192   0.6779   0.0322   2.7065
21.5601    0.0308   0.6337   0.0531   1.3409
21.2956    0.0260   0.7524   0.0444   2.3931
21.1815    0.0246   0.8436   0.0418   2.4747
21.6535    0.0330   0.6536   0.0569   1.3123
21.3707    0.0282   0.6267   0.0482   1.3806
20.5903    0.0177   0.6743   0.0294   2.7802
21.5603    0.0323   0.5682   0.0557   1.3207
20.9909    0.0224   0.6535   0.0379   2.5516
21.4364    0.0288   0.5978   0.0493   1.3712
21.0991    0.0234   0.7148   0.0397   2.4453
21.6563    0.0325   0.7128   0.0561   1.3177
21.1214    0.0248   0.7472   0.0421   2.4838
21.3081    0.0260   0.7906   0.0444   2.4220
21.6114    0.0317   0.7675   0.0546   1.3285
21.1369    0.0246   0.6906   0.0418   2.3948
21.3831    0.0276   0.6787   0.0472   1.3897
21.4721    0.0297   0.8411   0.0509   2.2506
21.6704    0.0330   0.7587   0.0569   1.3123
21.2248    0.0257   0.7283   0.0439   2.3886
21.3272    0.0278   0.6901   0.0475   1.3874
21.1398    0.0248   0.7176   0.0422   2.4856
21.6147    0.0323   0.6720   0.0557   1.3207
21.6339    0.0321   0.6953   0.0553   1.3237
21.5562    0.0308   0.5991   0.0531   1.3409
21.3375    0.0279   0.6466   0.0477   1.3851
21.5065    0.0291   0.6929   0.0500   1.3656
21.3274    0.0267   0.6579   0.0456   1.4045
21.3362    0.0270   0.6385   0.0462   1.3996
21.6143    0.0325   0.6804   0.0561   1.3177
21.0859    0.0227   0.7102   0.0384   2.5235
20.7288    0.0190   0.6133   0.0318   2.7111
21.2029    0.0248   0.8113   0.0421   2.4668
21.1447    0.0242   0.6766   0.0410   2.4323
21.1445    0.0243   0.7181   0.0414   2.5016
21.1724    0.0249   0.7048   0.0423   2.3856
21.2993    0.0267   0.6606   0.0456   1.4045
21.5510    0.0319   0.7379   0.0549   1.3266
20.9485    0.0217   0.6589   0.0367   2.5834
21.5395    0.0308   0.6794   0.0531   1.3409
21.4643    0.0304   0.6767   0.0523   1.3471
21.4359    0.0282   0.7446   0.0483   2.3342
21.0966    0.0236   0.6785   0.0400   2.5262
21.3462    0.0270   0.7744   0.0461   2.3783
21.3200    0.0273   0.6375   0.0467   1.3947
21.3805    0.0279   0.7933   0.0477   2.3516
21.3003    0.0270   0.7368   0.0462   2.3310
21.2254    0.0261   0.6638   0.0445   2.3897
21.2157    0.0258   0.7054   0.0439   2.4182
21.4372    0.0288   0.6231   0.0493   1.3712
21.2120    0.0255   0.7241   0.0435   2.4021
20.6928    0.0187   0.6474   0.0313   2.7267
21.2995    0.0273   0.8374   0.0466   2.3320
21.3110    0.0275   0.6616   0.0470   1.3919
21.5893    0.0317   0.6406   0.0546   1.3285
21.3516    0.0279   0.6773   0.0477   1.3851
21.6446    0.0325   0.6922   0.0561   1.3177
21.2000    0.0248   0.6599   0.0422   2.4178
21.4558    0.0285   0.7069   0.0487   1.3762
21.4630    0.0288   0.6968   0.0493   1.3712
21.4058    0.0291   0.6149   0.0500   1.3656
21.4859    0.0296   0.5206   0.0507   1.3594
21.6354    0.0321   0.6750   0.0553   1.3237
21.5897    0.0317   0.6469   0.0546   1.3285
20.7146    0.0190   0.6992   0.0318   2.7176
21.5610    0.0304   0.6092   0.0523   1.3471
21.0014    0.0224   0.7254   0.0378   2.5264
21.6546    0.0320   0.7180   0.0551   1.3252
21.2593    0.0264   0.5592   0.0451   1.4094
20.8800    0.0206   0.6749   0.0346   2.6386
21.5368    0.0300   0.6778   0.0515   1.3532
21.6099    0.0317   0.7174   0.0546   1.3285
20.9503    0.0223   0.7116   0.0377   2.5217
21.4814    0.0296   0.7040   0.0507   1.3594
21.6739    0.0324   0.6172   0.0559   1.3192
21.6615    0.0330   0.7497   0.0569   1.3123
21.1711    0.0243   0.7463   0.0413   2.3978
21.6522    0.0317   0.6236   0.0546   1.3285
21.2884    0.0267   0.6370   0.0456   1.4045
21.4252    0.0291   0.6129   0.0500   1.3656
21.5054    0.0296   0.6831   0.0507   1.3594
20.7478    0.0194   0.6794   0.0326   2.6876
20.8447    0.0207   0.7254   0.0348   2.6379
20.7694    0.0194   0.6684   0.0326   2.6952
21.4818    0.0304   0.6814   0.0523   1.3471
21.2537    0.0264   0.6171   0.0451   1.4094
20.7160    0.0190   0.7087   0.0318   2.7160
21.3693    0.0279   0.6451   0.0477   1.3851
20.9227    0.0214   0.7126   0.0361   2.6149
20.9695    0.0216   0.7089   0.0365   2.6040
21.1444    0.0243   0.7041   0.0413   2.4930
21.6347    0.0323   0.7933   0.0557   1.3207
21.0243    0.0225   0.6634   0.0381   2.5751
20.8525    0.0206   0.6828   0.0347   2.6376
20.7818    0.0195   0.6783   0.0326   2.6891
21.3708    0.0273   0.6218   0.0467   1.3947
21.2243    0.0259   0.7142   0.0441   2.3813
21.4299    0.0285   0.6113   0.0487   1.3762
21.3326    0.0273   0.5765   0.0467   1.3947
21.4191    0.0291   0.6148   0.0500   1.3656
20.7611    0.0196   0.6711   0.0329   2.6908
21.0468    0.0233   0.6889   0.0394   2.4834
20.9086    0.0212   0.7030   0.0357   2.6043
21.0990    0.0236   0.6830   0.0399   2.4827
21.6156    0.0319   0.6668   0.0549   1.3266
21.0567    0.0235   0.7424   0.0399   2.4351
21.0138    0.0227   0.6324   0.0384   2.5325
21.3266    0.0275   0.5851   0.0470   1.3919
21.0351    0.0226   0.7209   0.0382   2.5136
20.8123    0.0196   0.6893   0.0328   2.6834
20.9175    0.0216   0.6436   0.0365   2.5902
21.3788    0.0276   0.6273   0.0472   1.3897
21.4750    0.0300   0.6211   0.0515   1.3532
20.9113    0.0217   0.6668   0.0367   2.5899
21.3684    0.0278   0.6430   0.0475   1.3874
21.4718    0.0300   0.7175   0.0515   1.3532
21.3973    0.0279   0.6691   0.0477   1.3851
21.6872    0.0330   0.6074   0.0569   1.3123
21.2937    0.0263   0.7124   0.0448   2.3796
21.0258    0.0227   0.7061   0.0384   2.5693
21.3755    0.0280   0.7547   0.0480   2.2971
21.4009    0.0278   0.6483   0.0475   1.3874
21.5975    0.0319   0.7150   0.0549   1.3266
20.6924    0.0186   0.7194   0.0311   2.7356
21.6098    0.0323   0.6476   0.0557   1.3207
20.6104    0.0178   0.6626   0.0296   2.7753
21.3044    0.0270   0.7606   0.0462   2.3310
21.1119    0.0240   0.7365   0.0408   2.4853
21.3386    0.0268   0.7058   0.0458   2.3146
20.9504    0.0218   0.7730   0.0369   2.6019
21.5846    0.0308   0.6711   0.0531   1.3409
21.6493    0.0322   0.5577   0.0555   1.3222
21.4646    0.0296   0.6555   0.0507   1.3594
20.8112    0.0198   0.6896   0.0332   2.6736
21.3956    0.0282   0.7456   0.0483   2.3034
20.8129    0.0200   0.7286   0.0337   2.6547
21.6089    0.0319   0.5910   0.0549   1.3266
21.5761    0.0308   0.6772   0.0531   1.3409
21.6419    0.0322   0.6605   0.0555   1.3222
21.4837    0.0296   0.6753   0.0507   1.3594
21.0718    0.0231   0.6570   0.0391   2.5327
21.3776    0.0275   0.6457   0.0470   1.3919
21.3880    0.0280   0.6649   0.0480   1.3829
21.2440    0.0265   0.7590   0.0451   2.3802
21.5381    0.0313   0.6328   0.0538   1.3347
20.9996    0.0220   0.7588   0.0371   2.5920
20.8949    0.0209   0.7225   0.0352   2.6366
21.5572    0.0313   0.6797   0.0538   1.3347
21.5516    0.0313   0.6360   0.0538   1.3347
21.3404    0.0270   0.5946   0.0462   1.3996
21.6483    0.0320   0.6973   0.0551   1.3252
21.4666    0.0300   0.6256   0.0515   1.3532
20.9980    0.0221   0.7363   0.0373   2.5862
21.0347    0.0227   0.7226   0.0385   2.5622
21.4932    0.0296   0.6010   0.0507   1.3594
21.5543    0.0308   0.6609   0.0531   1.3409
21.6099    0.0313   0.6650   0.0538   1.3347
20.8087    0.0204   0.6962   0.0342   2.6594
21.0851    0.0237   0.7202   0.0402   2.4821
20.9797    0.0224   0.7070   0.0379   2.5474
21.1357    0.0244   0.7449   0.0415   2.4116
21.1338    0.0242   0.7028   0.0411   2.4500
21.5674    0.0322   0.6717   0.0555   1.3222
21.4722    0.0296   0.6966   0.0507   1.3594
21.4321    0.0284   0.6381   0.0486   1.3772
21.2782    0.0265   0.7670   0.0453   2.3515
21.1392    0.0244   0.6883   0.0414   2.4866
21.3315    0.0273   0.6700   0.0467   1.3947
21.3516    0.0278   0.6383   0.0475   1.3874
21.1685    0.0249   0.6944   0.0423   2.3918
21.6354    0.0313   0.6267   0.0538   1.3347
21.3901    0.0286   0.7298   0.0490   1.3742
21.4771    0.0284   0.7358   0.0486   1.3772
20.8734    0.0204   0.6563   0.0343   2.6382
21.4264    0.0286   0.7239   0.0491   1.3732
20.7308    0.0192   0.6667   0.0322   2.7005
20.9901    0.0225   0.7253   0.0381   2.5747
21.0210    0.0225   0.6978   0.0381   2.5431
20.9646    0.0214   0.7111   0.0361   2.6189
21.3818    0.0276   0.7143   0.0472   1.3897
20.5945    0.0178   0.6466   0.0296   2.7757
21.3327    0.0277   0.7597   0.0473   2.3617
21.4715    0.0296   0.6995   0.0507   1.3594
21.6075    0.0313   0.7488   0.0538   1.3347
21.3529    0.0267   0.5972   0.0456   1.4045
21.7014    0.0324   0.6896   0.0559   1.3192
21.5991    0.0317   0.7730   0.0546   1.3285
21.2952    0.0260   0.7280   0.0443   2.3737
21.3005    0.0271   0.7655   0.0463   2.3528
20.9056    0.0213   0.6571   0.0360   2.5868
21.0950    0.0233   0.6614   0.0396   2.5382
21.5703    0.0308   0.6820   0.0531   1.3409
21.6510    0.0322   0.7061   0.0555   1.3222
21.2225    0.0253   0.8020   0.0430   2.4503
20.8917    0.0213   0.7624   0.0360   2.6176
21.4557    0.0304   0.6551   0.0523   1.3471
21.5550    0.0300   0.6772   0.0515   1.3532
21.3996    0.0279   0.6856   0.0477   1.3851
21.6843    0.0330   0.7051   0.0569   1.3123
21.5296    0.0304   0.6340   0.0523   1.3471
20.8896    0.0208   0.6508   0.0350   2.6413
21.1830    0.0252   0.7440   0.0429   2.3969
21.4651    0.0286   0.6374   0.0491   1.3732
21.6321    0.0325   0.7353   0.0561   1.3177
21.2443    0.0259   0.7173   0.0441   2.4311
21.5848    0.0313   0.5804   0.0538   1.3347
21.4080    0.0291   0.5942   0.0500   1.3656
21.3588    0.0280   0.6043   0.0480   1.3829
21.4800    0.0291   0.7362   0.0500   1.3656
21.3640    0.0279   0.6696   0.0477   1.3851
21.4986    0.0292   0.7155   0.0501   2.2649
21.3665    0.0279   0.6329   0.0477   1.3851
21.4015    0.0285   0.5668   0.0487   1.3762
21.4973    0.0296   0.6802   0.0507   1.3594
21.0659    0.0243   0.7493   0.0412   2.4906
21.3289    0.0265   0.7213   0.0451   2.3690
20.8619    0.0204   0.6652   0.0343   2.6479
21.1601    0.0243   0.7561   0.0413   2.3978
20.7817    0.0195   0.7056   0.0328   2.6941
20.8349    0.0204   0.6295   0.0343   2.6551
21.3189    0.0267   0.6141   0.0456   1.4045
21.6295    0.0317   0.6254   0.0546   1.3285
21.0293    0.0227   0.6984   0.0384   2.5326
21.2171    0.0251   0.6899   0.0428   2.4150
20.9503    0.0213   0.7381   0.0360   2.6109
20.7639    0.0193   0.7233   0.0324   2.7006
21.5824    0.0317   0.6910   0.0546   1.3285
20.7987    0.0193   0.6228   0.0324   2.7017
20.8178    0.0197   0.6402   0.0331   2.6722
21.5238    0.0308   0.6943   0.0531   1.3409
20.4933    0.0169   0.6218   0.0281   2.8038
20.8553    0.0207   0.6637   0.0349   2.5835
21.2100    0.0253   0.6533   0.0431   1.4287
21.1834    0.0250   0.6231   0.0425   1.4352
20.5548    0.0173   0.6198   0.0287   2.7975
20.8248    0.0201   0.6341   0.0338   2.5498
21.0680    0.0231   0.5807   0.0392   1.4712
20.7854    0.0197   0.7078   0.0330   2.6712
20.9960    0.0228   0.6636   0.0386   2.4566
21.2418    0.0259   0.5976   0.0441   1.4192
20.3293    0.0151   0.5625   0.0249   2.9191
20.6959    0.0187   0.6718   0.0313   2.7182
20.7885    0.0196   0.6112   0.0328   2.6125
20.7661    0.0195   0.7253   0.0326   2.6829
20.9738    0.0223   0.5686   0.0376   1.4891
20.7397    0.0189   0.6699   0.0316   2.6479
20.4439    0.0157   0.5862   0.0260   2.8786
20.7314    0.0191   0.6767   0.0319   2.7031
20.6505    0.0181   0.6248   0.0303   2.7349
20.5339    0.0168   0.6439   0.0279   2.8076
21.0525    0.0229   0.5700   0.0388   1.4751
21.2832    0.0259   0.6233   0.0441   1.4192
20.9856    0.0221   0.5923   0.0374   1.4917
21.1698    0.0246   0.5035   0.0419   1.4418
20.9245    0.0220   0.7199   0.0372   2.4708
20.4373    0.0161   0.5803   0.0267   2.8534
21.1577    0.0241   0.5837   0.0410   1.4518
21.0041    0.0226   0.5643   0.0383   1.4813
21.1600    0.0248   0.5900   0.0422   1.4385
20.9167    0.0212   0.6148   0.0356   2.5141
21.2535    0.0262   0.6689   0.0446   1.4143
20.6463    0.0181   0.6010   0.0302   2.7539
20.4754    0.0163   0.5926   0.0270   2.8513
20.6535    0.0179   0.6668   0.0299   2.7605
21.1721    0.0250   0.6538   0.0425   1.4352
20.9175    0.0216   0.6213   0.0364   1.5039
21.2809    0.0262   0.5746   0.0446   1.4143
20.8717    0.0213   0.5732   0.0358   1.5107
20.4519    0.0159   0.6252   0.0263   2.8737
20.7966    0.0199   0.6822   0.0334   2.6596
20.5102    0.0166   0.5855   0.0276   2.8025
21.2303    0.0253   0.6337   0.0431   1.4287
21.0599    0.0233   0.6079   0.0395   1.4673
20.8058    0.0200   0.6474   0.0335   2.6052
20.9657    0.0220   0.5416   0.0372   1.4943
21.0130    0.0220   0.6409   0.0372   1.4943
21.0436    0.0228   0.5448   0.0385   1.4787
20.7692    0.0191   0.6730   0.0320   2.7038
21.3044    0.0262   0.5939   0.0446   1.4143
20.6875    0.0188   0.5759   0.0314   2.6167
21.1193    0.0239   0.5364   0.0406   1.4556
21.2293    0.0256   0.7067   0.0436   1.4241
20.5024    0.0167   0.5937   0.0277   2.8160
21.1820    0.0252   0.5410   0.0428   1.4319
20.3105    0.0149   0.5487   0.0245   2.9309
21.1017    0.0237   0.6188   0.0402   1.4595
20.5750    0.0173   0.6184   0.0287   2.7871
20.7161    0.0192   0.6830   0.0322   2.6813
20.4085    0.0157   0.6063   0.0260   2.8782
21.2070    0.0250   0.5908   0.0425   1.4352
21.0981    0.0241   0.6003   0.0410   1.4518
21.1734    0.0256   0.6431   0.0436   1.4241
20.8357    0.0205   0.6608   0.0344   2.5719
21.0523    0.0233   0.5239   0.0395   1.4673
20.9391    0.0218   0.7648   0.0368   2.5125
21.0147    0.0228   0.5884   0.0385   1.4787
20.6076    0.0177   0.6611   0.0295   2.7533
20.5495    0.0169   0.6602   0.0280   2.7924
20.9040    0.0214   0.5592   0.0361   1.5073
20.4705    0.0165   0.5927   0.0273   2.8392
21.2553    0.0256   0.6372   0.0436   1.4241
21.0078    0.0225   0.5115   0.0381   1.4839
20.7143    0.0190   0.6564   0.0318   2.6929
21.2080    0.0246   0.6068   0.0419   1.4418
21.1076    0.0235   0.5650   0.0399   1.4634
20.4505    0.0160   0.5687   0.0265   2.8675
21.1156    0.0241   0.6008   0.0410   1.4518
21.0698    0.0231   0.6003   0.0392   1.4712
20.5943    0.0174   0.6365   0.0290   2.7571
20.6104    0.0180   0.6441   0.0301   2.7011
20.9796    0.0221   0.6019   0.0374   1.4917
21.0650    0.0233   0.5674   0.0395   1.4673
21.2661    0.0262   0.6918   0.0446   1.4143
21.2259    0.0253   0.6561   0.0431   1.4287
20.9851    0.0226   0.6107   0.0383   1.4813
20.4523    0.0159   0.6061   0.0263   2.8664
21.2610    0.0252   0.6150   0.0428   1.4319
21.1402    0.0245   0.5990   0.0416   1.4451
21.2700    0.0262   0.5194   0.0446   1.4143
21.0684    0.0235   0.5806   0.0399   1.4634
20.2329    0.0140   0.5903   0.0230   2.9863
21.0128    0.0221   0.5471   0.0374   1.4917
21.1961    0.0250   0.5954   0.0425   1.4352
20.6941    0.0184   0.6412   0.0308   2.6974
21.0128    0.0225   0.5976   0.0381   1.4839
20.9330    0.0214   0.5496   0.0361   1.5073
20.7230    0.0190   0.6907   0.0318   2.6929
20.2619    0.0143   0.6303   0.0236   2.9635
21.2738    0.0256   0.6034   0.0436   1.4241
20.8301    0.0202   0.7097   0.0340   2.6087
20.9339    0.0217   0.5459   0.0366   1.5005
20.5606    0.0171   0.6238   0.0285   2.7667
21.0198    0.0223   0.6486   0.0376   2.5014
20.8776    0.0208   0.6817   0.0351   2.5974
21.2523    0.0250   0.5621   0.0425   1.4352
21.1595    0.0250   0.5510   0.0425   1.4352
21.2103    0.0252   0.5380   0.0428   1.4319
20.7565    0.0195   0.6763   0.0328   2.5989
21.1371    0.0246   0.6058   0.0419   1.4418
21.0379    0.0231   0.6995   0.0391   2.4308
20.4135    0.0156   0.6011   0.0258   2.8835
21.0609    0.0233   0.5110   0.0395   1.4673
20.9242    0.0215   0.6565   0.0363   2.5718
21.0657    0.0235   0.7007   0.0399   2.4210
20.8652    0.0207   0.6126   0.0348   2.6019
20.6720    0.0184   0.6767   0.0308   2.7281
20.5044    0.0166   0.6590   0.0275   2.8165
20.6529    0.0182   0.6262   0.0303   2.6920
20.9867    0.0217   0.5862   0.0366   1.5005
20.9716    0.0221   0.5650   0.0374   1.4917
20.9231    0.0213   0.6614   0.0359   2.5401
21.0781    0.0231   0.7734   0.0392   2.4411
21.1035    0.0233   0.6122   0.0395   1.4673
20.5965    0.0175   0.6325   0.0292   2.7798
20.5115    0.0165   0.6093   0.0273   2.8367
20.7914    0.0198   0.5936   0.0332   2.6341
20.2674    0.0142   0.5756   0.0234   2.9704
21.0107    0.0229   0.5655   0.0388   1.4751
21.1137    0.0241   0.5576   0.0410   1.4518
20.8052    0.0197   0.5954   0.0331   2.5603
20.8164    0.0202   0.6663   0.0340   2.5325
20.9975    0.0220   0.5614   0.0372   1.4943
21.0616    0.0231   0.5735   0.0392   1.4712
21.0995    0.0239   0.5573   0.0406   1.4556
20.7884    0.0198   0.6288   0.0333   2.5489
21.3099    0.0262   0.6496   0.0446   1.4143
21.0032    0.0225   0.4840   0.0381   1.4839
20.4152    0.0157   0.6170   0.0261   2.8759
21.1788    0.0253   0.6439   0.0431   1.4287
21.1234    0.0235   0.5938   0.0399   1.4634
20.9411    0.0218   0.6341   0.0367   2.5364
20.9379    0.0213   0.6978   0.0360   2.5827
21.1662    0.0256   0.5904   0.0436   1.4241
21.2693    0.0264   0.6292   0.0451   1.4094
20.7638    0.0197   0.6923   0.0331   2.6636
20.6180    0.0178   0.6193   0.0297   2.7479
21.1376    0.0248   0.5645   0.0422   1.4385
20.5144    0.0170   0.5866   0.0283   2.7787
21.1022    0.0233   0.6057   0.0395   1.4673
20.1624    0.0136   0.6060   0.0223   3.0112
21.0237    0.0225   0.6782   0.0381   2.4679
21.2225    0.0248   0.6405   0.0422   1.4385
20.4590    0.0161   0.5883   0.0267   2.8521
21.1408    0.0241   0.6147   0.0410   1.4518
20.9397    0.0213   0.6411   0.0359   2.5578
20.9800    0.0225   0.5992   0.0381   1.4839
20.6365    0.0179   0.6406   0.0298   2.7318
21.1849    0.0246   0.6205   0.0419   1.4418
21.2257    0.0256   0.6088   0.0436   1.4241
21.1178    0.0245   0.6473   0.0416   1.4451
21.2718    0.0262   0.6076   0.0446   1.4143
21.0923    0.0241   0.5612   0.0410   1.4518
21.1953    0.0252   0.6167   0.0428   1.4319
20.9990    0.0223   0.5271   0.0376   1.4891
21.1144    0.0233   0.5672   0.0395   1.4673
20.9827    0.0219   0.6084   0.0369   1.4971
20.7605    0.0196   0.6506   0.0328   2.6771
21.0921    0.0233   0.5595   0.0395   1.4673
20.7253    0.0192   0.6005   0.0321   2.6940
21.2165    0.0256   0.6293   0.0436   1.4241
20.9906    0.0220   0.5920   0.0372   1.4943
21.2758    0.0262   0.6450   0.0446   1.4143
21.0153    0.0231   0.5593   0.0392   1.4712
20.6808    0.0182   0.6326   0.0303   2.6863
21.2155    0.0256   0.6104   0.0436   1.4241
20.3329    0.0148   0.5227   0.0243   2.9356
20.9608    0.0220   0.6003   0.0372   1.4943
21.2715    0.0262   0.5838   0.0446   1.4143
20.4117    0.0156   0.5762   0.0258   2.8875
20.7484    0.0194   0.6262   0.0325   2.5699
21.1501    0.0250   0.5684   0.0425   1.4352
21.2157    0.0259   0.6285   0.0441   1.4192
21.1821    0.0250   0.6326   0.0425   1.4352
20.9814    0.0223   0.6083   0.0376   1.4891
20.9652    0.0220   0.6642   0.0372   2.5194
20.5619    0.0173   0.5858   0.0288   2.7599
20.5931    0.0173   0.5954   0.0287   2.7817
20.8774    0.0210   0.6547   0.0353   2.5387
20.7789    0.0197   0.6641   0.0331   2.6636
20.9867    0.0228   0.6288   0.0385   1.4787
20.6100    0.0177   0.6509   0.0295   2.7587
21.0624    0.0239   0.5931   0.0406   1.4556
20.9271    0.0214   0.5892   0.0361   1.5073
20.9354    0.0216   0.5954   0.0365   2.5215
21.0213    0.0223   0.6566   0.0376   2.4677
21.0785    0.0235   0.6200   0.0399   1.4634
20.4781    0.0163   0.6339   0.0270   2.8319
21.2490    0.0259   0.6470   0.0441   1.4192
21.1629    0.0245   0.5615   0.0416   1.4451
21.2964    0.0262   0.6173   0.0446   1.4143
20.3530    0.0150   0.5498   0.0248   2.9167
20.9815    0.0226   0.6075   0.0383   1.4813
20.4315    0.0157   0.6375   0.0260   2.8806
21.1816    0.0252   0.5870   0.0428   1.4319
20.7736    0.0195   0.6306   0.0326   2.5802
21.1356    0.0239   0.5441   0.0406   1.4556
20.7831    0.0198   0.6481   0.0332   2.6289
20.9235    0.0215   0.6534   0.0364   2.5640
20.7779    0.0199   0.6467   0.0334   2.5971
21.2133    0.0248   0.6107   0.0422   1.4385
20.5517    0.0173   0.6827   0.0289   2.7760
20.7811    0.0192   0.5928   0.0322   2.5789
21.0874    0.0239   0.5644   0.0406   1.4556
20.7611    0.0192   0.6575   0.0321   2.6484
20.6385    0.0180   0.5982   0.0301   2.7553
21.0079    0.0221   0.5938   0.0374   1.4917
21.0418    0.0231   0.6753   0.0391   2.4449
20.5764    0.0172   0.6077   0.0286   2.7791
20.8499    0.0204   0.6779   0.0342   2.6118
20.9855    0.0217   0.6203   0.0366   1.5005
20.7538    0.0194   0.6112   0.0326   2.6638
21.1777    0.0241   0.5417   0.0410   1.4518
20.2762    0.0144   0.5763   0.0237   2.9596
21.0197    0.0228   0.6607   0.0385   1.4787
21.0353    0.0229   0.5879   0.0388   1.4751
20.9465    0.0217   0.6173   0.0366   1.5005
21.0888    0.0235   0.6229   0.0399   1.4634
20.4263    0.0161   0.6139   0.0266   2.8476
20.7520    0.0191   0.6818   0.0320   2.6922
21.1464    0.0246   0.5855   0.0419   1.4418
20.9410    0.0216   0.5032   0.0364   1.5039
21.1274    0.0239   0.6702   0.0406   1.4556
20.3956    0.0157   0.5968   0.0260   2.8717
20.4293    0.0157   0.5946   0.0260   2.8836
20.3881    0.0157   0.6353   0.0260   2.8796
20.8233    0.0204   0.6998   0.0343   2.6201
21.1394    0.0245   0.5643   0.0416   1.4451
20.4411    0.0160   0.5853   0.0265   2.8537
20.6652    0.0184   0.6938   0.0308   2.7364
21.1629    0.0245   0.5170   0.0416   1.4451
20.6444    0.0181   0.6144   0.0302   2.6535
20.4533    0.0161   0.6258   0.0267   2.7685
20.5024    0.0166   0.5977   0.0276   2.7675
20.7117    0.0189   0.5308   0.0317   1.5637
20.6418    0.0180   0.5358   0.0300   1.5866
20.6898    0.0189   0.5103   0.0317   1.5637
20.7863    0.0198   0.6176   0.0333   1.5424
20.2752    0.0143   0.5658   0.0234   2.9499
20.0063    0.0122   0.5270   0.0199   3.0946
20.4761    0.0165   0.6261   0.0274   2.7418
20.9131    0.0208   0.5592   0.0351   1.5201
20.7153    0.0186   0.5598   0.0312   1.5710
20.4355    0.0159   0.5611   0.0263   2.7688
20.8273    0.0202   0.5076   0.0339   1.5342
20.7768    0.0193   0.5812   0.0323   1.5552
20.1426    0.0134   0.5633   0.0219   3.0211
20.0007    0.0120   0.5699   0.0195   3.1129
20.6073    0.0178   0.6069   0.0297   2.6489
20.5072    0.0164   0.5944   0.0272   2.8000
20.9378    0.0209   0.5368   0.0353   1.5175
20.6796    0.0185   0.5691   0.0309   1.5753
20.6252    0.0175   0.5407   0.0292   1.5989
20.5719    0.0173   0.5887   0.0288   2.6768
20.6968    0.0185   0.6009   0.0309   1.5753
19.8466    0.0111   0.5511   0.0179   3.1897
20.0614    0.0127   0.5370   0.0206   3.0746
20.1926    0.0136   0.5337   0.0223   3.0099
20.6921    0.0188   0.5879   0.0315   2.6028
20.3233    0.0153   0.5790   0.0253   2.8788
20.3840    0.0154   0.6170   0.0255   2.8707
20.2285    0.0139   0.5820   0.0229   2.9657
20.4131    0.0156   0.5680   0.0259   2.8419
20.8664    0.0208   0.5765   0.0351   1.5201
20.5152    0.0164   0.6040   0.0272   2.7325
20.9183    0.0209   0.5645   0.0353   1.5175
20.3417    0.0150   0.5635   0.0248   2.8285
20.1618    0.0135   0.5799   0.0221   3.0173
20.5934    0.0175   0.5259   0.0292   1.5989
20.4801    0.0164   0.5539   0.0272   2.8064
20.8571    0.0204   0.6045   0.0342   1.5305
20.1205    0.0130   0.5654   0.0213   3.0220
20.8905    0.0205   0.6022   0.0345   1.5272
20.4256    0.0160   0.6072   0.0266   2.7283
20.7390    0.0189   0.5527   0.0317   1.5637
20.4417    0.0158   0.6255   0.0262   2.7717
20.7595    0.0197   0.5227   0.0330   1.5467
20.6451    0.0182   0.5788   0.0304   1.5818
20.5692    0.0174   0.5272   0.0289   1.6028
20.8853    0.0208   0.5748   0.0350   1.5213
20.2190    0.0140   0.5799   0.0230   2.9379
20.3341    0.0150   0.5914   0.0247   2.8536
20.6865    0.0184   0.6048   0.0307   1.5774
20.3230    0.0149   0.5852   0.0245   2.8114
20.5949    0.0175   0.5137   0.0292   1.5989
20.7384    0.0189   0.5478   0.0317   1.5637
20.9184    0.0209   0.5443   0.0353   1.5175
20.2329    0.0141   0.5536   0.0232   2.9443
20.6493    0.0179   0.5265   0.0299   1.5882
20.5803    0.0174   0.5052   0.0289   1.6028
20.2498    0.0142   0.5973   0.0234   2.9702
20.8303    0.0204   0.4982   0.0342   1.5305
20.5828    0.0174   0.5898   0.0289   1.6028
20.0972    0.0129   0.5832   0.0211   3.0366
20.4315    0.0158   0.6393   0.0262   2.8522
20.1173    0.0131   0.5379   0.0215   3.0349
20.2855    0.0146   0.6138   0.0240   2.9296
19.9102    0.0114   0.5271   0.0185   3.1634
20.7896    0.0197   0.6012   0.0330   1.5467
20.8011    0.0197   0.5212   0.0330   1.5467
20.5848    0.0178   0.6063   0.0296   2.6998
20.2112    0.0138   0.5587   0.0227   2.9594
20.8421    0.0204   0.5566   0.0342   1.5305
20.7088    0.0184   0.5952   0.0308   1.5763
20.5795    0.0174   0.5997   0.0289   1.6028
20.7315    0.0189   0.5140   0.0317   1.5637
20.7476    0.0191   0.5521   0.0320   1.5595
20.2602    0.0144   0.5496   0.0236   2.9136
20.7911    0.0197   0.5526   0.0330   1.5467
20.4621    0.0161   0.6100   0.0267   2.8270
20.2165    0.0139   0.5364   0.0228   2.9290
20.4302    0.0157   0.6096   0.0260   2.8445
20.3482    0.0147   0.5905   0.0243   2.8690
20.1997    0.0140   0.6050   0.0230   2.9444
20.3387    0.0152   0.5919   0.0250   2.8978
20.4617    0.0164   0.6060   0.0272   2.6974
20.3357    0.0152   0.6036   0.0251   2.8874
20.6194    0.0179   0.5591   0.0299   1.5882
20.2852    0.0144   0.5656   0.0237   2.9557
20.3058    0.0147   0.6125   0.0241   2.9228
20.3852    0.0155   0.6031   0.0257   2.8377
20.7904    0.0193   0.5775   0.0323   1.5552
20.5079    0.0164   0.6273   0.0272   2.7461
20.1675    0.0134   0.5887   0.0220   3.0148
20.6060    0.0175   0.5339   0.0292   1.5989
20.5689    0.0169   0.6043   0.0281   2.6708
20.5134    0.0164   0.5262   0.0272   2.7188
19.9823    0.0120   0.5469   0.0195   3.1211
20.6221    0.0177   0.5391   0.0295   1.5949
20.6826    0.0188   0.5377   0.0314   1.5680
20.7893    0.0195   0.5295   0.0327   1.5510
20.8820    0.0213   0.5874   0.0358   1.5107
20.7938    0.0197   0.5448   0.0330   1.5467
20.6354    0.0182   0.6608   0.0303   2.6262
20.7797    0.0197   0.5524   0.0330   1.5467
20.6778    0.0181   0.5233   0.0303   1.5834
20.7730    0.0197   0.5365   0.0330   1.5467
20.6599    0.0183   0.5169   0.0306   1.5787
20.6216    0.0180   0.5315   0.0300   1.5866
20.8295    0.0200   0.5473   0.0337   1.5379
20.6945    0.0186   0.5532   0.0310   1.5731
20.8639    0.0206   0.5144   0.0346   1.5260
20.5935    0.0177   0.5292   0.0295   1.5949
20.3783    0.0154   0.5513   0.0254   2.8240
20.7569    0.0198   0.5842   0.0333   1.5424
20.2372    0.0141   0.5864   0.0231   2.9797
20.7080    0.0186   0.6265   0.0312   2.6232
20.7954    0.0198   0.4951   0.0333   1.5424
20.8178    0.0203   0.4826   0.0341   1.5323
20.7723    0.0195   0.5217   0.0327   1.5510
20.9178    0.0211   0.5535   0.0355   1.5141
20.6012    0.0179   0.5251   0.0299   1.5882
20.6337    0.0177   0.6178   0.0295   2.6516
20.2778    0.0143   0.5544   0.0235   2.9423
20.3674    0.0154   0.5820   0.0254   2.8775
20.2824    0.0147   0.5999   0.0242   2.8972
20.4064    0.0155   0.5786   0.0255   2.7446
20.8068    0.0198   0.5142   0.0333   1.5424
20.0406    0.0126   0.5511   0.0206   3.0622
20.6725    0.0182   0.6257   0.0305   2.6115
20.2004    0.0137   0.5554   0.0225   2.9808
20.2120    0.0139   0.5861   0.0228   2.9842
20.8021    0.0198   0.5729   0.0333   1.5424
19.8476    0.0111   0.5639   0.0179   3.1897
20.1565    0.0135   0.5568   0.0221   2.9993
20.5164    0.0167   0.6316   0.0277   2.7841
20.3304    0.0149   0.5756   0.0246   2.8999
20.2313    0.0140   0.5908   0.0230   2.9235
20.6067    0.0177   0.5651   0.0295   1.5949
20.6622    0.0186   0.5796   0.0310   1.5731
20.7052    0.0186   0.5646   0.0311   1.5721
20.3515    0.0153   0.6475   0.0252   2.8096
20.7323    0.0191   0.5249   0.0320   1.5595
20.7651    0.0191   0.5658   0.0320   1.5595
20.3237    0.0149   0.5747   0.0245   2.8595
20.8840    0.0206   0.5939   0.0347   1.5249
20.8652    0.0208   0.5380   0.0351   1.5201
20.8726    0.0208   0.5638   0.0351   1.5201
20.6001    0.0174   0.6051   0.0290   2.7163
20.2248    0.0139   0.5718   0.0229   2.9546
20.1632    0.0133   0.5457   0.0218   3.0197
20.0492    0.0125   0.5096   0.0204   3.0735
20.6801    0.0188   0.6143   0.0315   2.5861
20.6976    0.0188   0.5449   0.0314   1.5680
20.3875    0.0156   0.5904   0.0258   2.7732
20.3148    0.0148   0.5492   0.0243   2.9104
20.8976    0.0204   0.5698   0.0344   1.5286
20.6827    0.0186   0.5430   0.0311   1.5721
20.2748    0.0144   0.5878   0.0236   2.9234
20.9004    0.0209   0.5278   0.0353   1.5175
20.2748    0.0146   0.5401   0.0240   2.8656
20.3849    0.0156   0.6149   0.0258   2.8735
20.7446    0.0193   0.5252   0.0323   1.5552
20.8127    0.0204   0.4943   0.0342   1.5305
20.0062    0.0121   0.5419   0.0196   3.1026
20.6571    0.0179   0.5538   0.0299   1.5882
20.1715    0.0135   0.5498   0.0222   3.0130
20.7201    0.0189   0.5930   0.0317   2.5994
20.3300    0.0150   0.5375   0.0247   2.8719
20.0017    0.0123   0.5927   0.0200   3.0867
20.6053    0.0175   0.5480   0.0292   1.5989
20.8153    0.0200   0.5577   0.0335   1.5397
20.7038    0.0188   0.5397   0.0314   1.5680
20.7471    0.0197   0.5699   0.0330   1.5467
20.4584    0.0162   0.5953   0.0269   2.7196
20.8194    0.0195   0.5208   0.0327   1.5510
20.6124    0.0177   0.5471   0.0295   1.5949
20.3849    0.0155   0.5845   0.0257   2.8547
20.4249    0.0155   0.6126   0.0256   2.7772
20.6471    0.0182   0.5277   0.0304   1.5818
20.2178    0.0138   0.6075   0.0226   2.9872
20.6001    0.0178   0.5970   0.0297   1.5909
20.4613    0.0167   0.5823   0.0277   2.7923
20.4277    0.0160   0.6160   0.0266   2.7422
20.5567    0.0175   0.5683   0.0292   1.5989
20.4419    0.0161   0.5824   0.0268   2.7369
20.1450    0.0134   0.5692   0.0218   2.9903
20.8267    0.0198   0.5995   0.0333   1.5424
20.4456    0.0160   0.6123   0.0266   2.7576
20.2014    0.0137   0.5561   0.0225   2.9650
20.3390    0.0149   0.5998   0.0246   2.8402
20.6090    0.0177   0.5900   0.0295   1.5949
20.6946    0.0185   0.5458   0.0309   1.5753
20.3837    0.0154   0.5780   0.0255   2.7863
20.2792    0.0145   0.6000   0.0239   2.8638
20.7204    0.0188   0.5102   0.0314   1.5680
20.7036    0.0183   0.5980   0.0305   1.5803
20.9370    0.0213   0.6382   0.0358   1.5107
20.1429    0.0132   0.5888   0.0216   3.0311
20.5419    0.0170   0.5724   0.0284   1.6108
20.5941    0.0174   0.5876   0.0290   2.7328
20.7728    0.0197   0.4990   0.0330   1.5467
20.5203    0.0169   0.5743   0.0280   2.7768
20.4789    0.0164   0.6018   0.0272   2.7461
20.5192    0.0167   0.6119   0.0278   2.7700
20.8522    0.0204   0.5485   0.0342   1.5305
20.6369    0.0181   0.5408   0.0303   1.5834
19.9835    0.0120   0.5762   0.0195   3.0568
20.0750    0.0126   0.6079   0.0206   3.0434
20.1204    0.0131   0.5768   0.0213   2.9084
20.1571    0.0134   0.6137   0.0220   2.9681
20.3091    0.0148   0.6046   0.0244   1.6731
20.3665    0.0156   0.5399   0.0258   1.6494
20.5121    0.0167   0.5931   0.0278   1.6193
20.3226    0.0146   0.5855   0.0241   1.6772
20.2805    0.0144   0.5805   0.0237   1.6838
20.1488    0.0136   0.6115   0.0223   1.7083
19.7744    0.0106   0.6062   0.0170   3.1933
19.7140    0.0101   0.5571   0.0162   3.2465
20.1849    0.0137   0.5867   0.0225   1.7051
20.4855    0.0162   0.5283   0.0268   1.6347
19.8926    0.0113   0.5326   0.0183   3.1535
19.8459    0.0110   0.5267   0.0177   3.1755
19.7300    0.0101   0.5607   0.0162   3.2643
20.2093    0.0138   0.5559   0.0226   1.7019
19.8518    0.0111   0.5393   0.0180   3.1746
20.5518    0.0167   0.4705   0.0278   1.6193
20.0176    0.0121   0.5844   0.0197   3.0242
20.2136    0.0139   0.5718   0.0228   1.6987
19.5271    0.0089   0.5804   0.0141   3.3676
20.0795    0.0127   0.5560   0.0207   3.0418
20.2394    0.0142   0.5635   0.0233   1.6905
20.2522    0.0140   0.5640   0.0230   1.6956
20.3541    0.0152   0.5694   0.0250   1.6623
20.4479    0.0159   0.5508   0.0262   1.6430
19.8562    0.0111   0.5418   0.0178   3.1558
19.5252    0.0090   0.5787   0.0142   3.3610
20.1874    0.0136   0.6046   0.0223   1.7083
20.3753    0.0154   0.5587   0.0254   1.6559
19.9555    0.0117   0.5323   0.0190   3.1179
19.9035    0.0114   0.5732   0.0185   3.1225
19.7517    0.0103   0.5709   0.0166   3.2346
20.4214    0.0160   0.5655   0.0265   1.6385
20.2453    0.0143   0.5634   0.0234   1.6883
19.7993    0.0107   0.5735   0.0172   3.1731
20.3399    0.0149   0.5727   0.0246   1.6689
20.3671    0.0153   0.5439   0.0252   1.6591
19.8818    0.0112   0.5710   0.0181   3.1655
20.3645    0.0151   0.6049   0.0249   1.6648
20.2567    0.0143   0.5724   0.0234   1.6883
20.3229    0.0146   0.5602   0.0241   1.6772
20.4758    0.0164   0.5449   0.0271   1.6290
20.4463    0.0160   0.5358   0.0264   1.6404
20.1974    0.0136   0.5770   0.0222   2.9418
19.6925    0.0100   0.5723   0.0160   3.2770
20.1824    0.0139   0.6102   0.0228   1.6987
20.1992    0.0139   0.5961   0.0228   1.6987
20.1903    0.0138   0.5810   0.0226   1.7019
19.9128    0.0114   0.5853   0.0185   3.0645
20.3799    0.0152   0.5950   0.0250   1.6623
20.2614    0.0142   0.5895   0.0234   2.8352
20.0208    0.0124   0.6195   0.0202   2.9923
20.3555    0.0152   0.5527   0.0250   1.6623
20.0918    0.0129   0.5791   0.0211   2.9361
19.8987    0.0113   0.5793   0.0182   3.1346
20.2153    0.0138   0.5839   0.0226   1.7019
20.0577    0.0125   0.6133   0.0204   3.0091
20.5337    0.0167   0.4908   0.0278   1.6193
20.4484    0.0162   0.5258   0.0268   1.6347
20.2275    0.0141   0.5846   0.0231   2.8987
19.8721    0.0112   0.5691   0.0182   3.1670
20.0285    0.0123   0.6244   0.0199   2.9238
20.2700    0.0142   0.5594   0.0234   2.8076
20.0864    0.0128   0.5802   0.0209   2.9714
19.9042    0.0113   0.6036   0.0183   3.0848
20.3237    0.0149   0.5024   0.0245   1.6710
19.8408    0.0110   0.5537   0.0177   3.1674
19.9572    0.0119   0.5450   0.0193   3.1039
20.5123    0.0167   0.5407   0.0277   1.6209
19.6735    0.0100   0.5674   0.0160   3.2582
20.4894    0.0165   0.5100   0.0275   1.6240
20.3159    0.0149   0.5311   0.0246   1.6689
20.5267    0.0165   0.5066   0.0275   1.6240
20.1241    0.0130   0.5398   0.0213   2.9752
20.1871    0.0135   0.5747   0.0222   2.9356
20.1763    0.0138   0.5594   0.0226   1.7019
20.0920    0.0128   0.5783   0.0210   3.0022
20.2788    0.0146   0.5480   0.0240   1.6793
20.0305    0.0125   0.6194   0.0204   2.9466
20.0557    0.0127   0.6399   0.0208   2.8910
20.1172    0.0131   0.5455   0.0215   2.9326
20.2987    0.0148   0.5821   0.0244   1.6731
20.5095    0.0166   0.5286   0.0276   1.6225
19.9874    0.0119   0.5682   0.0193   3.0410
19.6423    0.0096   0.6038   0.0153   3.2933
20.3561    0.0153   0.5866   0.0252   1.6591
20.0877    0.0130   0.5352   0.0211   2.9568
19.5615    0.0091   0.5968   0.0145   3.3417
20.2884    0.0146   0.5693   0.0240   1.6793
20.0877    0.0127   0.5855   0.0207   3.0057
20.4519    0.0159   0.5297   0.0262   1.6430
20.0320    0.0123   0.5615   0.0201   3.0708
19.8501    0.0111   0.5939   0.0179   3.1079
20.1810    0.0138   0.6039   0.0226   1.7019
20.0856    0.0128   0.5952   0.0209   2.8819
20.4602    0.0162   0.5179   0.0269   1.6328
20.3403    0.0149   0.5714   0.0246   1.6689
19.6484    0.0097   0.5469   0.0155   3.2929
20.0290    0.0125   0.5983   0.0203   3.0350
20.4290    0.0160   0.5836   0.0264   1.6404
19.9087    0.0115   0.5857   0.0186   3.1205
20.5021    0.0166   0.4820   0.0276   1.6225
20.2636    0.0143   0.5680   0.0236   2.8443
20.3308    0.0149   0.5808   0.0246   1.6689
20.5126    0.0165   0.5454   0.0275   1.6240
19.6494    0.0096   0.5313   0.0154   3.3023
20.4586    0.0164   0.5631   0.0271   1.6290
19.8310    0.0107   0.5744   0.0173   3.1976
20.1025    0.0130   0.6001   0.0212   2.9297
19.8447    0.0110   0.5610   0.0177   3.1897
20.0502    0.0127   0.5889   0.0207   3.0057
20.2109    0.0140   0.5918   0.0229   2.8377
20.4236    0.0160   0.5113   0.0264   1.6404
20.1901    0.0137   0.6173   0.0225   1.7051
20.5273    0.0168   0.5508   0.0279   1.6177
19.7601    0.0106   0.5707   0.0170   3.2076
20.1813    0.0136   0.5889   0.0223   2.9000
20.3091    0.0148   0.5778   0.0244   1.6731
20.3227    0.0147   0.5158   0.0242   1.6751
20.0828    0.0127   0.5955   0.0207   2.9800
20.3696    0.0154   0.5643   0.0254   1.6559
19.8998    0.0113   0.5880   0.0183   3.1545
19.9905    0.0119   0.5613   0.0193   3.1095
20.0586    0.0125   0.5536   0.0204   3.0422
20.4441    0.0160   0.5473   0.0264   1.6404
20.1158    0.0130   0.5785   0.0213   3.0095
20.2103    0.0138   0.5754   0.0226   1.7019
20.2476    0.0143   0.5872   0.0236   1.6860
20.2997    0.0146   0.5761   0.0241   1.6772
19.9781    0.0118   0.6316   0.0192   3.0085
20.4662    0.0161   0.5479   0.0267   1.6366
20.2261    0.0143   0.5464   0.0234   1.6883
20.1455    0.0134   0.5836   0.0219   2.8534
20.3644    0.0155   0.5513   0.0256   1.6527
20.5507    0.0170   0.5093   0.0284   1.6108
20.5350    0.0168   0.4868   0.0279   1.6177
20.3389    0.0151   0.5625   0.0249   1.6648
20.0468    0.0126   0.6262   0.0205   2.8961
19.6620    0.0098   0.5229   0.0156   3.2898
20.5719    0.0170   0.5714   0.0284   1.6108
20.3579    0.0149   0.5841   0.0246   1.6689
20.2512    0.0142   0.5617   0.0233   1.6905
20.1950    0.0138   0.5842   0.0226   1.7019
20.2221    0.0140   0.6102   0.0230   1.6956
19.7973    0.0106   0.5410   0.0170   3.2175
20.2121    0.0140   0.6245   0.0230   2.8572
20.0012    0.0121   0.6029   0.0197   3.0366
20.1432    0.0133   0.5961   0.0218   2.9070
20.5016    0.0163   0.5371   0.0270   1.6309
20.3929    0.0154   0.5950   0.0254   1.6559
19.9859    0.0121   0.5813   0.0197   3.0703
19.7252    0.0103   0.5335   0.0164   3.2297
19.9768    0.0120   0.5894   0.0194   3.1043
20.1224    0.0132   0.5677   0.0216   2.9244
20.2506    0.0143   0.5975   0.0234   2.8534
19.7533    0.0104   0.5929   0.0166   3.2026
19.7922    0.0107   0.5370   0.0172   3.2151
20.2557    0.0140   0.5820   0.0230   2.8227
20.2930    0.0146   0.5655   0.0240   2.8155
19.6327    0.0095   0.5770   0.0152   3.3056
20.3481    0.0149   0.6042   0.0246   1.6689
20.5489    0.0170   0.5519   0.0284   1.6108
20.4938    0.0164   0.5752   0.0271   1.6290
20.3536    0.0149   0.5379   0.0245   1.6710
20.4446    0.0160   0.5648   0.0264   1.6404
19.9878    0.0120   0.6402   0.0195   2.9536
20.3031    0.0150   0.5883   0.0248   1.6669
19.5806    0.0092   0.5800   0.0147   3.3384
20.4656    0.0162   0.5518   0.0269   1.6328
20.0893    0.0129   0.5733   0.0211   2.9984
19.7872    0.0106   0.5752   0.0170   3.1944
20.3410    0.0150   0.5198   0.0248   1.6669
20.4768    0.0164   0.5247   0.0271   1.6290
20.4231    0.0160   0.5877   0.0265   1.6385
20.4393    0.0159   0.5461   0.0262   1.6430
19.5354    0.0090   0.6000   0.0142   3.3382
19.8197    0.0109   0.5930   0.0175   3.1151
20.0049    0.0121   0.6806   0.0196   1.7576
19.6198    0.0095   0.6971   0.0151   3.2254
19.9740    0.0119   0.6909   0.0194   1.7626
19.8064    0.0107   0.7933   0.0173   1.8062
19.8646    0.0112   0.7511   0.0180   1.7903
19.7123    0.0100   0.7388   0.0160   3.1067
19.3976    0.0082   0.6854   0.0129   3.3960
20.0475    0.0125   0.6664   0.0203   1.7448
20.1301    0.0133   0.5942   0.0217   1.7187
19.9212    0.0115   0.7021   0.0187   1.7771
19.5287    0.0088   0.6241   0.0140   3.3392
19.9457    0.0117   0.6993   0.0190   1.7698
19.9918    0.0121   0.6749   0.0196   1.7576
19.6303    0.0096   0.6011   0.0152   3.2884
19.3371    0.0079   0.6710   0.0124   3.4356
19.5240    0.0090   0.7012   0.0143   3.2628
20.0862    0.0129   0.6076   0.0211   1.7295
19.6201    0.0096   0.7942   0.0153   3.1128
19.9624    0.0118   0.6756   0.0191   1.7674
20.1286    0.0133   0.6121   0.0217   1.7187
19.8287    0.0109   0.7811   0.0176   1.7994
19.5580    0.0092   0.5991   0.0146   3.3215
19.3142    0.0077   0.6934   0.0121   3.4588
19.6041    0.0094   0.7647   0.0150   3.1755
19.5175    0.0088   0.6045   0.0139   3.3643
19.7300    0.0103   0.6268   0.0166   3.1545
20.0244    0.0125   0.6531   0.0203   1.7448
19.8209    0.0109   0.7546   0.0176   1.7994
19.8024    0.0107   0.7832   0.0173   1.8062
20.0188    0.0125   0.6332   0.0203   1.7448
19.3414    0.0079   0.6562   0.0124   3.4512
19.9081    0.0113   0.7118   0.0183   1.7835
19.9266    0.0118   0.6678   0.0191   1.7674
20.1704    0.0135   0.5884   0.0221   1.7115
19.9619    0.0119   0.7069   0.0194   1.7626
19.9765    0.0119   0.6828   0.0192   1.7650
19.6596    0.0098   0.5726   0.0156   3.2629
19.8868    0.0112   0.7399   0.0180   1.7903
20.0698    0.0127   0.6419   0.0207   1.7359
19.8293    0.0109   0.7425   0.0176   1.7994
20.0535    0.0125   0.6170   0.0204   1.7424
19.5064    0.0089   0.5952   0.0140   3.3652
20.0972    0.0128   0.6347   0.0209   1.7338
20.1140    0.0130   0.5855   0.0213   1.7257
19.8291    0.0108   0.7885   0.0174   1.8039
19.9216    0.0116   0.6142   0.0187   3.0156
20.0958    0.0130   0.6571   0.0212   1.7274
19.7943    0.0107   0.6134   0.0173   3.1146
19.7178    0.0101   0.7371   0.0162   3.0472
19.7373    0.0102   0.6675   0.0163   3.1282
19.2359    0.0074   0.6596   0.0115   3.5063
19.4727    0.0086   0.6100   0.0136   3.3752
19.8094    0.0107   0.7559   0.0173   1.8062
20.0261    0.0125   0.6651   0.0203   1.7448
19.7863    0.0105   0.6937   0.0168   3.0659
19.2046    0.0072   0.6950   0.0112   3.5287
19.5173    0.0088   0.5904   0.0140   3.3681
19.5782    0.0092   0.5848   0.0146   3.3355
19.8659    0.0112   0.7226   0.0181   1.7880
19.8830    0.0112   0.7650   0.0180   1.7903
19.7318    0.0101   0.6489   0.0162   3.1475
20.0948    0.0127   0.6118   0.0206   1.7381
19.8581    0.0109   0.7569   0.0176   1.7994
19.4831    0.0087   0.7226   0.0137   3.3220
20.1177    0.0133   0.6031   0.0217   1.7187
19.7005    0.0101   0.5857   0.0161   3.2348
19.8364    0.0110   0.7454   0.0177   1.7971
20.1079    0.0132   0.5995   0.0216   1.7204
19.9101    0.0114   0.6946   0.0185   1.7800
20.0162    0.0121   0.6844   0.0197   1.7550
19.7541    0.0104   0.6546   0.0167   3.0773
19.9002    0.0113   0.6947   0.0183   1.7835
19.3755    0.0081   0.6145   0.0128   3.4273
19.1328    0.0068   0.7273   0.0105   3.5736
19.9312    0.0115   0.6083   0.0187   3.0213
19.9593    0.0117   0.6830   0.0190   1.7698
19.4328    0.0083   0.7237   0.0131   3.3679
19.7728    0.0105   0.6543   0.0169   3.0934
19.3272    0.0078   0.6256   0.0122   3.4630
19.9972    0.0121   0.6610   0.0197   1.7550
19.9914    0.0120   0.6615   0.0195   1.7601
19.9380    0.0115   0.7184   0.0187   1.7771
19.7315    0.0101   0.6679   0.0162   3.1306
20.1020    0.0130   0.6178   0.0212   1.7274
19.7549    0.0104   0.6259   0.0167   3.1447
20.0656    0.0126   0.6415   0.0205   1.7402
19.8406    0.0109   0.6279   0.0176   3.0433
19.8840    0.0113   0.7036   0.0183   1.7835
19.3512    0.0079   0.6127   0.0124   3.4538
19.6712    0.0098   0.6115   0.0156   3.2339
19.9576    0.0118   0.6611   0.0191   1.7674
19.9330    0.0115   0.7278   0.0186   1.7780
19.8443    0.0109   0.7676   0.0176   1.7994
19.9573    0.0119   0.6583   0.0192   1.7650
19.4250    0.0084   0.6127   0.0132   3.4058
19.6801    0.0098   0.7237   0.0157   3.0743
20.0080    0.0122   0.6384   0.0199   1.7525
20.1257    0.0130   0.6095   0.0213   1.7257
20.0054    0.0121   0.5833   0.0196   2.9302
20.1572    0.0135   0.5873   0.0221   1.7115
19.8390    0.0108   0.6163   0.0173   3.0771
19.5030    0.0088   0.6306   0.0139   3.3539
19.9425    0.0117   0.7020   0.0189   1.7722
19.9912    0.0122   0.6874   0.0199   1.7525
20.0127    0.0122   0.6634   0.0199   1.7525
19.5466    0.0092   0.5986   0.0146   3.3246
19.4086    0.0082   0.6105   0.0129   3.4208
20.1260    0.0130   0.6155   0.0213   1.7257
19.4617    0.0085   0.6694   0.0134   3.3586
19.1740    0.0070   0.7070   0.0108   3.5531
19.8576    0.0111   0.7584   0.0179   1.7926
20.1339    0.0132   0.5929   0.0216   1.7204
19.7482    0.0102   0.6739   0.0164   3.1495
19.6789    0.0100   0.6862   0.0160   3.1670
19.3211    0.0077   0.6938   0.0120   3.4642
19.9457    0.0118   0.6747   0.0191   1.7674
19.6380    0.0096   0.6893   0.0153   3.1860
19.5823    0.0093   0.6106   0.0148   3.2924
19.9176    0.0114   0.7239   0.0184   1.7815
19.3516    0.0079   0.6520   0.0124   3.4483
19.0882    0.0066   0.7472   0.0102   3.5919
19.8273    0.0108   0.7693   0.0174   1.8039
20.1752    0.0135   0.5790   0.0221   1.7115
19.6923    0.0099   0.5800   0.0158   3.2447
19.8465    0.0109   0.7863   0.0176   1.7994
19.9228    0.0116   0.7194   0.0188   1.7747
19.8154    0.0107   0.7654   0.0173   1.8062
19.5581    0.0090   0.5650   0.0143   3.3513
19.7855    0.0105   0.6738   0.0168   3.0861
20.0814    0.0129   0.6113   0.0211   1.7295
20.1582    0.0131   0.6127   0.0215   1.7222
19.2105    0.0071   0.6892   0.0111   3.5372
19.9831    0.0121   0.6373   0.0196   1.7576
19.6070    0.0094   0.5709   0.0149   3.3143
19.8905    0.0113   0.7577   0.0182   1.7857
20.0592    0.0126   0.6411   0.0205   1.7402
19.2861    0.0075   0.6633   0.0117   3.4876
20.1520    0.0132   0.5795   0.0216   1.7204
20.1244    0.0131   0.5874   0.0214   1.7239
20.0866    0.0129   0.6030   0.0211   1.7295
19.4363    0.0084   0.6439   0.0133   3.4071
19.6009    0.0095   0.7168   0.0151   3.1948
19.4839    0.0086   0.7223   0.0137   3.3180
19.7851    0.0105   0.6508   0.0168   3.0438
20.0570    0.0126   0.6529   0.0205   1.7402
19.8548    0.0111   0.7350   0.0179   1.7926
19.3787    0.0081   0.6054   0.0127   3.4441
20.0338    0.0123   0.6788   0.0200   1.7499
19.5899    0.0093   0.7234   0.0148   3.1822
19.9399    0.0118   0.6311   0.0192   2.9658
19.8339    0.0109   0.7601   0.0176   1.7994
19.7871    0.0106   0.6352   0.0171   3.1212
19.9627    0.0119   0.6924   0.0192   1.7650
18.4165    0.0040   1.8929   0.0057   3.7349
19.0599    0.0065   1.6671   0.0100   3.2103
19.6726    0.0099   0.7821   0.0158   1.8289
18.9500    0.0060   0.8241   0.0091   3.6502
19.1316    0.0069   0.8206   0.0106   3.4233
19.1777    0.0070   1.8398   0.0109   1.9004
18.6808    0.0049   1.3684   0.0072   3.6631
19.6260    0.0095   0.7308   0.0151   3.1230
19.5787    0.0092   0.8261   0.0146   3.1346
19.5092    0.0088   0.7603   0.0139   3.2561
19.2347    0.0073   1.8448   0.0113   1.8836
19.2171    0.0072   1.8499   0.0112   1.8915
17.4043    0.0014   2.4638   0.0015   3.2951
18.9911    0.0062   1.4532   0.0094   3.4300
18.8505    0.0056   1.3061   0.0084   3.5943
19.2286    0.0073   1.8395   0.0113   1.8836
18.2874    0.0035   2.0181   0.0050   3.2348
18.1137    0.0031   1.8363   0.0042   3.5139
18.9793    0.0061   1.6031   0.0093   3.3044
19.1921    0.0071   1.8463   0.0110   1.8973
19.6187    0.0096   0.7554   0.0153   1.8314
19.7888    0.0106   0.7862   0.0171   1.8107
19.2259    0.0072   1.8689   0.0113   1.8875
19.2005    0.0072   1.9433   0.0111   1.8411
18.8838    0.0057   1.3599   0.0087   3.5363
19.2713    0.0076   0.6942   0.0118   3.4639
19.2140    0.0072   1.8473   0.0112   1.8915
19.7629    0.0105   0.7971   0.0169   1.8146
18.2687    0.0035   2.2391   0.0049   1.8552
19.5324    0.0089   0.7686   0.0141   3.2525
18.7679    0.0052   1.3352   0.0078   3.6090
18.9348    0.0059   1.4764   0.0090   3.4501
19.1693    0.0070   1.8313   0.0109   1.9004
18.1684    0.0032   2.1768   0.0044   3.1628
18.8515    0.0056   1.3185   0.0084   3.5870
18.1455    0.0031   1.9196   0.0043   3.4176
19.2105    0.0072   1.8154   0.0112   1.8895
17.5240    0.0017   2.5978   0.0018   1.8497
18.0996    0.0030   1.8426   0.0041   3.5140
19.0291    0.0064   1.5027   0.0098   3.3767
18.7735    0.0052   1.3098   0.0078   3.6582
18.2521    0.0035   2.2442   0.0048   1.8539
19.6844    0.0100   0.7945   0.0159   1.8274
18.8906    0.0057   1.4145   0.0087   3.5093
19.1696    0.0070   1.8858   0.0109   1.8680
19.7369    0.0103   0.8005   0.0164   1.8223
19.1327    0.0069   1.8854   0.0106   1.8625
19.1932    0.0071   1.8752   0.0111   1.8618
19.7671    0.0105   0.8273   0.0169   1.8146
19.6920    0.0099   0.7947   0.0158   1.8282
18.9260    0.0059   1.4941   0.0090   3.4381
19.7912    0.0106   0.7913   0.0171   1.8107
18.4015    0.0039   1.8796   0.0056   3.7774
19.0297    0.0064   1.6382   0.0097   3.2676
17.8318    0.0023   1.9950   0.0030   3.5289
18.7833    0.0053   1.3227   0.0079   3.6211
18.9967    0.0062   1.4658   0.0094   3.4200
19.3783    0.0081   0.7637   0.0127   3.3675
19.2066    0.0072   1.8724   0.0112   1.8732
18.1904    0.0033   2.3255   0.0045   1.8451
19.6595    0.0096   0.7889   0.0154   1.8310
19.1020    0.0067   0.7167   0.0104   3.5493
19.5985    0.0094   0.8044   0.0149   3.1170
19.1609    0.0070   1.9010   0.0108   1.8666
19.5869    0.0092   1.2013   0.0147   1.8361
19.6779    0.0098   0.7959   0.0157   1.8295
18.8931    0.0057   1.3592   0.0087   3.5441
19.7274    0.0102   0.8336   0.0164   1.8238
18.7281    0.0051   1.3221   0.0075   3.6803
19.2291    0.0073   1.8554   0.0114   1.8816
19.4511    0.0084   0.7590   0.0133   3.3320
19.1114    0.0067   1.6555   0.0103   3.2234
19.7892    0.0106   0.8150   0.0170   1.8129
19.1907    0.0071   1.0678   0.0111   3.6031
18.1898    0.0033   1.9444   0.0045   3.3628
17.6784    0.0020   2.5214   0.0024   1.8492
18.4247    0.0040   2.1649   0.0058   1.8573
19.0537    0.0065   0.6033   0.0099   3.5356
18.6991    0.0050   1.3296   0.0074   3.7054
19.1449    0.0069   1.8301   0.0106   1.9064
19.2529    0.0074   1.8260   0.0115   1.8778
19.4533    0.0085   0.9807   0.0135   1.8351
19.2147    0.0072   1.8354   0.0112   1.8915
19.2460    0.0073   1.8557   0.0114   1.8763
17.0524    0.0008   2.8379   0.0005   1.8512
19.5522    0.0091   0.7889   0.0145   3.1817
19.2305    0.0073   1.8558   0.0113   1.8748
19.4469    0.0085   0.7479   0.0135   3.3151
18.4210    0.0040   2.2267   0.0057   1.8464
18.1028    0.0030   1.8200   0.0041   3.5257
18.8212    0.0054   1.9994   0.0081   1.8599
17.6289    0.0019   2.5486   0.0022   1.8494
19.2314    0.0073   1.8713   0.0114   1.8796
19.7093    0.0101   0.8017   0.0162   1.8251
18.8700    0.0056   1.3966   0.0085   3.5303
18.9894    0.0062   1.4378   0.0094   3.4358
18.2445    0.0035   2.2434   0.0048   1.8540
18.7333    0.0051   1.3235   0.0076   3.6869
18.8672    0.0056   1.3246   0.0085   3.5753
18.2659    0.0035   2.2370   0.0049   1.8550
19.0549    0.0065   1.6676   0.0100   3.2365
19.4348    0.0085   0.9063   0.0134   1.8348
19.2499    0.0073   1.8591   0.0114   1.8796
19.5986    0.0094   1.2067   0.0149   1.8362
19.1670    0.0070   0.8537   0.0109   3.3817
19.0310    0.0064   1.6115   0.0097   3.2950
19.2004    0.0071   1.8736   0.0110   1.8615
18.7611    0.0052   1.3161   0.0077   3.6432
18.3112    0.0036   1.7773   0.0051   3.4660
18.3141    0.0036   2.2254   0.0051   1.8518
17.5013    0.0016   2.6103   0.0018   1.8498
18.7275    0.0051   1.3338   0.0076   3.6732
19.1335    0.0068   1.8991   0.0105   1.8626
19.7211    0.0103   0.8253   0.0164   1.8223
19.0744    0.0065   1.5600   0.0100   3.3135
19.7744    0.0105   0.8159   0.0168   1.8161
18.9793    0.0061   1.5538   0.0094   3.3582
18.9763    0.0062   1.4499   0.0094   3.4200
19.2173    0.0073   1.8564   0.0113   1.8836
18.9864    0.0061   1.4176   0.0093   3.4577
19.7280    0.0103   0.7937   0.0164   1.8223
19.3764    0.0081   0.7693   0.0126   3.3459
18.6728    0.0049   1.3547   0.0072   3.6959
18.2729    0.0035   2.0496   0.0049   3.2033
19.6352    0.0095   1.2376   0.0151   1.8363
19.1729    0.0070   1.8857   0.0109   1.8621
19.0782    0.0065   0.6805   0.0100   3.5583
19.6593    0.0099   0.7963   0.0158   1.8289
18.9233    0.0058   1.3567   0.0089   3.5260
19.4616    0.0085   0.7430   0.0135   3.3151
19.2303    0.0073   1.8642   0.0114   1.8763
19.1291    0.0068   1.8924   0.0106   1.8637
19.2238    0.0073   1.8618   0.0113   1.8855
19.7861    0.0106   0.8036   0.0171   1.8107
19.1316    0.0068   1.9058   0.0106   1.8637
19.0143    0.0063   1.6662   0.0096   3.2480
18.3413    0.0037   1.5011   0.0052   3.7979
18.2513    0.0034   1.8483   0.0048   3.8711
19.0586    0.0065   1.8334   0.0100   1.9234
18.6997    0.0050   1.3550   0.0074   3.6661
18.2892    0.0036   1.5534   0.0050   3.7396
18.4882    0.0042   1.4657   0.0061   3.6809
19.1272    0.0068   1.8536   0.0104   1.9125
18.8790    0.0057   1.8624   0.0085   1.9582
18.4739    0.0042   1.6090   0.0060   3.5701
18.7249    0.0050   1.9109   0.0075   1.9816
18.3729    0.0038   1.4800   0.0055   3.7637
17.6338    0.0019   2.1628   0.0022   3.8701
18.2974    0.0036   1.4485   0.0050   3.8183
18.8737    0.0056   1.6663   0.0085   3.3213
18.8937    0.0057   1.8709   0.0087   1.9551
18.3376    0.0037   1.5068   0.0052   3.7622
18.8837    0.0057   1.6749   0.0086   3.3037
18.6649    0.0049   1.4305   0.0072   3.6112
18.7477    0.0052   1.3301   0.0077   3.6364
18.1878    0.0033   1.8535   0.0045   3.8927
18.8385    0.0055   1.8601   0.0083   1.9643
18.8265    0.0054   1.6307   0.0082   3.3700
18.6717    0.0049   1.6724   0.0072   3.4016
18.2613    0.0035   1.8802   0.0049   3.8146
18.7146    0.0050   1.4953   0.0075   3.5273
18.3429    0.0037   1.6802   0.0053   3.5941
18.2017    0.0033   1.8542   0.0046   3.8875
18.3927    0.0039   1.4730   0.0055   3.7947
18.4268    0.0040   1.4552   0.0057   3.7737
17.9439    0.0026   1.8934   0.0034   3.6163
18.6602    0.0048   1.7550   0.0071   3.7616
18.1329    0.0031   1.8865   0.0043   3.8964
18.5425    0.0044   1.5953   0.0064   3.5442
19.0223    0.0063   1.8261   0.0097   1.9303
18.9023    0.0058   1.8724   0.0088   1.9520
18.7918    0.0054   1.8628   0.0080   1.9702
17.9979    0.0027   1.6934   0.0036   3.8218
18.3207    0.0037   1.5015   0.0052   3.7824
18.8660    0.0056   1.5081   0.0085   3.4561
18.4809    0.0042   1.4560   0.0060   3.6999
18.8267    0.0055   1.5498   0.0082   3.4352
18.5767    0.0045   1.6983   0.0066   3.4212
19.0103    0.0062   1.8554   0.0095   1.9355
18.3315    0.0037   1.4284   0.0052   3.8037
18.8665    0.0056   1.4702   0.0085   3.4871
18.8736    0.0057   1.8675   0.0085   1.9582
18.6685    0.0049   1.7104   0.0072   3.3617
18.8527    0.0056   1.8692   0.0084   1.9612
18.9288    0.0059   1.8555   0.0090   1.9489
18.3274    0.0037   1.8561   0.0052   3.8425
17.9633    0.0027   1.9004   0.0035   3.9621
18.6406    0.0048   1.3703   0.0070   3.6655
17.5421    0.0017   2.1019   0.0019   3.9922
18.8744    0.0056   1.5551   0.0085   3.4116
19.0350    0.0063   1.8359   0.0097   1.9303
18.4762    0.0041   1.4337   0.0060   3.7659
18.5798    0.0045   1.3865   0.0066   3.7375
18.8519    0.0056   1.4218   0.0084   3.5216
18.7315    0.0051   1.8932   0.0076   1.9787
18.5101    0.0043   1.4107   0.0062   3.7522
18.5816    0.0045   1.4372   0.0066   3.6459
18.5822    0.0045   1.4575   0.0066   3.6311
18.1595    0.0032   1.8784   0.0044   3.8865
18.9920    0.0062   1.8547   0.0094   1.9381
18.2653    0.0035   1.8684   0.0049   3.4317
18.7383    0.0051   1.8915   0.0077   1.9782
18.8386    0.0055   1.8664   0.0083   1.9643
18.4906    0.0042   1.4620   0.0061   3.6831
18.8882    0.0057   1.4405   0.0087   3.4913
18.9237    0.0059   1.8592   0.0090   1.9489
17.2460    0.0011   2.5911   0.0010   2.0044
18.9426    0.0060   1.8202   0.0091   1.9459
18.8057    0.0054   1.6376   0.0081   3.3632
18.5628    0.0045   1.7525   0.0065   3.3832
18.7719    0.0053   1.8843   0.0079   1.9730
18.8222    0.0054   1.8851   0.0082   1.9674
17.9281    0.0026   1.8741   0.0033   3.6393
19.0034    0.0062   1.8431   0.0095   1.9355
18.8759    0.0057   1.8727   0.0085   1.9582
19.0861    0.0066   1.8343   0.0102   1.9191
18.9366    0.0059   1.5865   0.0090   3.3576
18.8409    0.0055   1.8708   0.0083   1.9643
17.2226    0.0011   2.6055   0.0009   2.0045
18.9621    0.0060   1.8378   0.0092   1.9433
18.8543    0.0056   1.3723   0.0084   3.5499
18.8665    0.0056   1.4809   0.0085   3.4722
18.5933    0.0046   1.9551   0.0067   1.9937
19.0329    0.0063   1.8523   0.0097   1.9303
18.6033    0.0046   1.4558   0.0068   3.6203
18.7661    0.0052   1.8826   0.0078   1.9743
18.0597    0.0029   2.2014   0.0039   1.9984
18.6376    0.0047   1.9314   0.0070   1.9898
18.7105    0.0050   1.5320   0.0075   3.5060
19.0595    0.0065   1.8448   0.0099   1.9256
18.8221    0.0054   1.8735   0.0082   1.9674
18.6886    0.0049   1.9089   0.0073   1.9847
18.7359    0.0051   1.8986   0.0076   1.9786
19.0064    0.0062   1.8435   0.0095   1.9355
18.7801    0.0052   1.8927   0.0078   1.9743
19.0457    0.0063   1.8353   0.0097   1.9303
19.0034    0.0062   1.8357   0.0095   1.9355
18.7049    0.0050   1.8952   0.0075   1.9816
18.8066    0.0054   1.8716   0.0081   1.9689
18.8360    0.0054   1.4152   0.0082   3.5405
19.0392    0.0063   1.8441   0.0097   1.9303
17.8978    0.0025   2.0792   0.0032   3.7710
18.6359    0.0047   1.9347   0.0070   1.9898
18.4001    0.0039   1.4814   0.0056   3.7513
18.2857    0.0036   1.8464   0.0050   3.8572
18.7368    0.0051   1.4385   0.0075   3.5689
18.9817    0.0061   1.8577   0.0093   1.9407
18.8023    0.0053   1.4740   0.0080   3.5097
18.1079    0.0030   1.8683   0.0041   3.9194
18.9385    0.0059   1.5712   0.0090   3.3726
18.6736    0.0049   1.4767   0.0073   3.5579
18.9450    0.0060   1.5307   0.0091   3.3837
18.8160    0.0054   1.4071   0.0081   3.5595
