#ID x y mag e_mag col1 e_col1 memb_prob sel
5139     804.230000 508.614000  19.6180   0.0190   0.0970   0.0230   0.8310      1
2655     762.831000 501.748000  18.6950   0.0100  -0.0650   0.0130   0.8290      1
5377     856.526000 548.366000  19.6090   0.0200   0.1270   0.0400   0.8220      1
5036     861.025000 556.691000  19.6430   0.0190   0.0930   0.0240   0.8000      1
1389     809.988000 549.803000  18.7000   0.0130  -0.0010   0.0160   0.7930      1
2217     813.479000 514.338000  18.7060   0.0160   0.0220   0.0190   0.7890      1
1890     894.670000 562.705000  18.6580   0.0110  -0.0420   0.0140   0.7880      1
5694     859.201000 511.201000  19.6310   0.0350   0.1400   0.0370   0.7880      1
2637     851.166000 535.265000  18.7590   0.0110   0.0420   0.0130   0.7860      1
2682     810.840000 559.320000  18.6890   0.0100   0.0130   0.0120   0.7830      1
1103     847.994000 546.150000  18.0510   0.0070   1.4530   0.0240   0.7640      1
2974     908.464000 544.611000  18.7720   0.0130  -0.0230   0.0170   0.7540      1
2444     775.327000 497.091000  18.6420   0.0280  -0.0010   0.0490   0.7240      1
3771     954.161000 541.022000  18.9560   0.0120   0.1440   0.0190   0.7230      1
4924     790.038000 590.488000  19.5900   0.0200   0.0610   0.0320   0.7220      1
4525     810.932000 574.225000  19.5830   0.0200   0.0830   0.0250   0.7180      1
3535     883.707000 638.025000  19.3830   0.0140  -0.0140   0.0180   0.7070      1
4858     898.920000 453.737000  19.3330   0.0170   0.0080   0.0190   0.7030      1
1016     855.783000 578.824000  18.0120   0.0070   1.5010   0.0130   0.7020      1
4490     912.211000 553.959000  19.3690   0.0370  -0.0070   0.0420   0.7020      1
1114     874.267000 554.976000  18.0210   0.0080   1.5340   0.0130   0.7000      1
2086     859.014000 500.421000  18.6500   0.0200   0.0320   0.0240   0.7000      1
2797     890.059000 560.163000  18.9390   0.0140   0.1180   0.0170   0.6860      1
2170     835.898000 514.647000  19.0010   0.0250   0.1540   0.0270   0.6830      1
2032     793.549000 519.102000  18.5650   0.0110   0.0250   0.0150   0.6810      1
4491     937.875000 547.805000  19.2540   0.0180  -0.0150   0.0190   0.6810      1
995      834.293000 587.278000  17.9870   0.0080   1.4850   0.0140   0.6790      1
3088     764.488000 521.619000  18.8890   0.0140  -0.0660   0.0160   0.6670      1
2429     801.635000 525.913000  18.6020   0.0100   0.1380   0.0130   0.6570      1
2465     839.473000 551.766000  18.9060   0.0140  -0.0530   0.0170   0.6530      1
4274     806.535000 579.054000  19.3390   0.0160  -0.2800   0.0200   0.6530      1
32797    830.966000 552.309000  19.0290   0.0250  -0.0370   0.0390   0.6490      1
4319     880.698000 591.141000  19.3220   0.0290  -0.3150   0.0480   0.6410      1
3704     851.141000 527.764000  18.9710   0.0130  -0.0620   0.0150   0.6370      1
2436     776.451000 521.449000  18.6070   0.0080  -0.1370   0.0110   0.6300      1
8700     757.169000 576.671000  19.9590   0.0210   0.0270   0.0240   0.6270      1
3646     758.713000 647.219000  19.2360   0.0130  -0.0200   0.0160   0.6260      1
8527     929.459000 599.883000  20.0070   0.0230   0.0430   0.0270   0.6240      1
4738     817.043000 548.481000  19.6800   0.0230   0.1730   0.0340   0.6240      1
1732     741.628000 530.455000  18.6920   0.0100  -0.2420   0.0130   0.6190      1
1506     825.563000 543.872000  18.3080   0.0070   1.4840   0.0140   0.6080      1
1089     796.316000 629.759000  18.0260   0.0120   1.3100   0.0150   0.6060      1
5500     815.372000 577.016000  19.9410   0.0240   0.0350   0.0270   0.6010      1
1142     740.420000 480.161000  18.0680   0.0090   1.3830   0.0140   0.6000      1
4569     881.487000 535.750000  19.2190   0.0210   0.0670   0.0230   0.6000      1
5039     807.635000 461.693000  19.3900   0.0150   0.0910   0.0180   0.5840      1
727      828.875000 524.227000  17.6730   0.0100   1.5190   0.0160   0.5580      1
4521     772.292000 527.323000  19.5390   0.0180   0.3790   0.0250   0.5570      1
583      830.629000 554.596000  17.7240   0.0150   1.6470   0.0390   0.5430      1
8143     768.544000 507.459000  20.0430   0.0280   0.0480   0.0320   0.5430      1
32850    838.589000 558.810000  17.6690   0.0340   1.6420   0.0470   0.5340      1
7599     889.734000 589.385000  20.0490   0.0240  -0.0040   0.0270   0.5330      1
4244     763.138000 628.736000  19.8740   0.0270   0.0300   0.0300   0.5280      1
9011     874.542000 510.241000  20.1580   0.0260  -0.0660   0.0300   0.5260      1
6934     782.306000 434.706000  19.8800   0.0210  -0.0540   0.0250   0.5190      1
5537     820.025000 506.491000  19.7220   0.0200  -0.0370   0.0220   0.5150      1
6796     931.932000 567.727000  20.1290   0.0260   0.2310   0.0310   0.5100      1
4995     804.972000 574.010000  19.7020   0.0220  -0.0160   0.0240   0.5060      1
5358     867.744000 515.109000  19.5190   0.0180   0.0690   0.0210   0.5050      1
1372     749.922000 548.844000  18.3390   0.0080   1.5210   0.0180   0.5040      1
4905     842.654000 441.372000  19.5840   0.0440   0.5080   0.0470   0.5030      1
1319     864.186000 610.256000  18.2040   0.0090   1.8100   0.0180   0.4970      1
7691     767.332000 496.974000  20.2240   0.0320  -0.0080   0.0500   0.4810      1
1508     813.777000 449.687000  18.3650   0.0100   1.4740   0.0160   0.4790      1
101913   839.380000 555.758000  20.0550   0.0620   0.0450   0.0730   0.4740      1
6780     818.536000 537.966000  19.7810   0.0200   0.0040   0.0240   0.4720      1
3627     817.364000 517.077000  19.6540   0.0420  -0.0770   0.0560   0.4650      1
3474     746.587000 546.446000  20.1650   0.0380   0.2300   0.0420   0.4560      1
5167     852.730000 539.536000  20.7270   0.0540   0.0590   0.0620   0.4500      1
5328     794.529000 446.829000  19.6110   0.0180  -0.1010   0.0230   0.4490      1
5123     801.873000 621.059000  19.5210   0.0200   0.2790   0.0240   0.4430      1
14206    908.282000 525.635000  20.7780   0.0520   0.0990   0.0560   0.4430      1
32859    818.287000 557.470000  19.8020   0.0370   0.0360   0.0470   0.4390      1
8739     796.254000 651.944000  20.1110   0.0360   0.2780   0.0390   0.4340      1
1149     933.378000 485.285000  18.1520   0.0090   1.7510   0.0170   0.4320      1
11860    822.858000 590.775000  20.4580   0.0460  -0.0900   0.0560   0.4320      1
6452     787.713000 516.752000  19.9740   0.0190   0.1560   0.0280   0.4310      1
32502    832.842000 513.470000  19.6550   0.0370   0.5190   0.0530   0.4260      1
2888     786.533000 540.192000  18.6680   0.0100   1.5300   0.0190   0.4230      1
1707     745.185000 491.182000  18.5300   0.0200   1.6170   0.0240   0.4230      1
2547     950.568000 548.840000  18.7020   0.0100   1.5090   0.0180   0.4160      1
282      836.253000 560.157000  17.3250   0.0080   1.1440   0.0180   0.4130      1
7612     792.448000 496.166000  19.9060   0.0230   0.5100   0.0430   0.4130      1
101645   728.642000 479.793000  20.7590   0.0810   0.0980   0.0870   0.4130      1
11969    768.642000 451.968000  20.7510   0.0400   0.1970   0.0510   0.4100      1
2328     859.348000 630.465000  18.6740   0.0110   1.4760   0.0250   0.4050      1
15248    817.441000 662.957000  20.6820   0.0380   0.1770   0.0620   0.3960      1
11968    899.289000 465.434000  20.6550   0.0350   0.1540   0.0440   0.3930      1
14162    755.048000 536.476000  20.7540   0.0410   0.2300   0.0510   0.3880      1
12408    798.043000 532.243000  20.6360   0.0440   0.1730   0.0500   0.3840      1
11846    908.147000 531.576000  20.6000   0.0400   0.1860   0.0460   0.3780      1
14448    937.072000 612.746000  21.1380   0.0830   2.2180   0.2380   0.3780      1
32553    844.197000 521.026000  20.7770   0.0660   0.1970   0.0960   0.3760      1
33087    791.167000 587.997000  20.7240   0.1120   0.1040   0.1350   0.3760      1
12360    769.760000 448.178000  20.8260   0.0620  -0.0650   0.0680   0.3750      1
1350     812.408000 529.302000  18.4050   0.0160  -0.0210   0.0180   0.3660      1
33022    835.812000 578.843000  21.3100   0.1050   2.0160   0.1940   0.3660      1
9188     952.394000 556.339000  20.6580   0.0540   0.2520   0.0620   0.3580      1
23924    853.033000 559.442000  20.8460   0.0510   0.1430   0.0570   0.3570      1
9790     837.832000 508.234000  20.6620   0.0560   0.2880   0.0730   0.3460      1
5547     869.418000 574.128000  20.7840   0.0560   0.2850   0.0740   0.3420      1
12163    758.328000 558.334000  20.6390   0.0440   0.2800   0.0520   0.3410      1
9948     876.758000 612.852000  20.7710   0.0450   0.3120   0.0560   0.3400      1
9521     873.420000 547.890000  20.5260   0.0360   0.1540   0.0410   0.3360      1
32080    781.963000 453.895000  20.6410   0.0510   0.3140   0.0610   0.3320      1
14401    778.663000 653.147000  20.6370   0.0410   0.4260   0.0500   0.3300      1
10685    768.956000 581.362000  20.5190   0.0590   2.3850   0.1360   0.3220      1
32664    803.368000 535.886000  20.7070   0.0780   0.3510   0.0930   0.3220      1
32915    749.938000 564.661000  20.6170   0.0430   0.4230   0.0540   0.3210      1
32195    777.450000 469.725000  20.7190   0.0490   0.3500   0.1360   0.3190      1
10491    871.329000 654.723000  20.5090   0.0510   0.1420   0.0580   0.3160      1
16727    796.296000 477.468000  20.8890   0.0600   0.9620   0.0870   0.3160      1
13874    908.936000 617.745000  20.5100   0.0380   0.2480   0.0430   0.3130      1
13857    887.544000 519.723000  20.8920   0.0610   0.1120   0.0690   0.3120      1
13957    763.521000 549.755000  20.7450   0.0540   0.3900   0.0630   0.3110      1
12492    894.897000 542.151000  20.6850   0.0370   0.4460   0.0570   0.3090      1
9831     900.742000 470.830000  20.5180   0.0390   0.2630   0.0440   0.3080      1
14943    857.723000 590.189000  20.8060   0.0460   0.3600   0.0550   0.3060      1
12410    846.569000 458.436000  20.8890   0.0660   1.0280   0.0820   0.3060      1
11166    782.855000 604.085000  20.5930   0.0440   0.4510   0.0540   0.3050      1
10821    848.273000 555.969000  20.5800   0.0420   0.4440   0.0510   0.3020      1
17668    827.102000 476.953000  20.8640   0.0520   0.2800   0.0630   0.3020      1
16490    905.837000 515.966000  21.4950   0.1110  -0.0290   0.1270   0.2990      1
13271    921.635000 541.018000  20.7700   0.0570   0.4170   0.0680   0.2900      1
32715    848.048000 542.354000  20.7170   0.0620   0.4490   0.0790   0.2860      1
32605    809.677000 526.229000  20.5980   0.0840   0.4220   0.0930   0.2810      1
32612    815.887000 527.554000  20.7310   0.0630   0.4700   0.1020   0.2650      1
11696    752.385000 530.555000  20.5400   0.0360   0.5120   0.0500   0.2440      1
13416    889.272000 437.462000  20.7230   0.0560   0.5140   0.0720   0.2440      1
19617    922.763000 569.522000  20.8310   0.0430   0.4820   0.0550   0.2400      1
14948    822.165000 653.839000  21.0230   0.0600   0.4210   0.0770   0.2390      1
15389    745.849000 557.784000  21.3670   0.0700   0.4130   0.0810   0.2380      1
9812     885.354000 631.504000  20.5180   0.0510   0.4670   0.0580   0.2370      1
32691    769.156000 539.221000  21.4840   0.0780   0.4220   0.0950   0.2370      1
18532    851.462000 657.626000  20.9140   0.0560   0.4330   0.0740   0.2360      1
11903    800.664000 565.905000  20.9140   0.0590   0.4390   0.0780   0.2340      1
19359    911.693000 575.721000  21.0840   0.0610   0.4640   0.0750   0.2320      1
33129    727.023000 594.623000  20.5450   0.0830   0.5180   0.1210   0.2320      1
16497    918.044000 529.783000  21.1070   0.0530   0.4970   0.0710   0.2290      1
32563    847.269000 521.218000  20.9980   0.0930   0.4350   0.1470   0.2290      1
7695     845.247000 524.657000  20.7560   0.0390   0.5400   0.0630   0.2280      1
102053   718.866000 595.308000  21.4530   0.0860   0.4970   0.1020   0.2270      1
22853    749.403000 475.468000  21.3720   0.0820   0.4620   0.0940   0.2250      1
4387     891.206000 566.117000  20.8310   0.0510   0.5090   0.0640   0.2240      1
2586     784.272000 449.203000  18.7130   0.0130  -0.2680   0.0140   0.6210      0
4362     889.585000 645.360000  19.2850   0.0150  -0.0990   0.0750   0.5670      0
4157     756.406000 483.957000  19.3650   0.0190  -0.1590   0.0220   0.5600      0
5247     869.318000 663.928000  19.4450   0.0160  -0.0470   0.0180   0.5350      0
1818     804.486000 498.174000  18.5010   0.0110   0.2360   0.0130   0.5190      0
4112     820.210000 524.969000  19.1190   0.0250   0.1560   0.0290   0.5110      0
3917     754.415000 563.833000  19.0750   0.0130   1.1930   0.0210   0.4650      0
6367     768.407000 559.556000  19.9120   0.0230  -0.1070   0.0250   0.4500      0
13140    767.096000 467.890000  20.4410   0.0350  -0.0550   0.0400   0.4300      0
5608     867.635000 556.496000  19.7070   0.0220   0.0380   0.0260   0.4290      0
6063     943.703000 548.710000  20.1940   0.0260   0.2450   0.0320   0.4290      0
6195     855.985000 570.382000  20.1100   0.0410   0.1700   0.0450   0.4280      0
33093    812.455000 590.468000  20.0820   0.0870  -0.0090   0.1290   0.4270      0
5151     879.934000 499.920000  19.5100   0.0180   1.5700   0.0420   0.4220      0
65       729.564000 484.297000  15.8600   0.0040   2.6400   0.0070   0.4160      0
13268    842.703000 572.506000  14.6470   0.0050   3.6670   0.0100   0.4160      0
3965     758.912000 601.039000  19.0520   0.0160   1.1420   0.0250   0.4160      0
39       910.902000 496.166000  15.6830   0.0060   3.6990   0.0120   0.4130      0
5064     917.885000 507.610000  19.4930   0.0190   1.6120   0.0750   0.4070      0
427      915.142000 467.940000  17.3110   0.0060  -0.5060   0.0080   0.4060      0
4267     878.801000 552.304000  19.9440   0.0320   0.4500   0.0360   0.4060      0
147      787.709000 661.174000  16.2570   0.0040   1.5840   0.0060   0.4050      0
736      864.046000 576.291000  17.6870   0.0080   1.2900   0.0190   0.4020      0
1562     885.958000 582.322000  18.5190   0.0110   1.6200   0.0230   0.4000      0
5604     888.978000 542.591000  19.4570   0.0200   0.1360   0.0570   0.3940      0
32654    743.760000 533.281000  19.5110   0.0220   1.2300   0.0430   0.3940      0
6906     847.638000 625.613000  19.9180   0.0230   0.4100   0.0270   0.3940      0
4626     725.751000 596.837000  19.5540   0.0190   1.7620   0.1070   0.3920      0
47       714.969000 509.206000  15.7870   0.0040   3.2490   0.0110   0.3900      0
1235     810.602000 545.543000  18.3300   0.0120   1.1970   0.0170   0.3880      0
1411     898.496000 646.877000  18.2580   0.0090  -0.3980   0.0090   0.3870      0
5181     796.136000 636.331000  19.7140   0.0230  -0.1630   0.0250   0.3830      0
5027     758.091000 487.733000  20.2750   0.0380  -0.0900   0.0430   0.3820      0
85       839.709000 535.532000  16.0810   0.0060   2.7730   0.0550   0.3770      0
916      829.169000 499.163000  17.8550   0.0080   1.5350   0.0120   0.3760      0
6220     780.116000 470.238000  20.2510   0.0580   0.0000   0.0880   0.3740      0
5878     808.131000 512.160000  20.1850   0.0640   0.2280   0.0670   0.3740      0
1287     766.508000 529.319000  18.2530   0.0090   1.4940   0.0570   0.3610      0
589      855.837000 620.424000  17.4970   0.0060   2.1240   0.0120   0.3590      0
6162     773.734000 562.017000  19.7960   0.0280   0.8190   0.0400   0.3590      0
7087     825.169000 491.596000  20.1840   0.0320   0.0860   0.0370   0.3580      0
2010     938.192000 567.515000  18.5600   0.0090   1.6040   0.0190   0.3490      0
2602     822.232000 569.753000  18.6400   0.0090   1.5510   0.0150   0.3470      0
6928     773.989000 553.049000  20.0530   0.0480   0.2870   0.0590   0.3420      0
5693     842.164000 482.252000  19.6270   0.0190   1.4210   0.0350   0.3410      0
3821     750.339000 491.833000  19.7260   0.0310   0.3760   0.0340   0.3410      0
1168     907.419000 636.694000  18.1010   0.0080   2.0520   0.0160   0.3360      0
3488     766.496000 631.208000  19.1390   0.0210   1.3620   0.0340   0.3360      0
3450     756.043000 546.515000  18.9060   0.0100   1.6220   0.0170   0.3290      0
4108     839.762000 655.311000  19.1700   0.0120   1.4360   0.0260   0.3290      0
1928     932.593000 558.998000  18.5360   0.0090   1.4490   0.0140   0.3280      0
4218     907.801000 472.931000  20.1490   0.0260   1.5740   0.0550   0.3180      0
8917     757.436000 496.625000  20.3150   0.0320   0.1580   0.0360   0.3160      0
633      911.624000 469.471000  18.4820   0.0130   1.2090   0.0330   0.3090      0
5447     846.133000 518.219000  20.0140   0.0400   0.5430   0.0580   0.3090      0
8504     760.194000 567.099000  20.3410   0.0360   0.2390   0.0540   0.3070      0
6290     885.724000 611.253000  19.8010   0.0300   0.1670   0.0330   0.3050      0
6640     782.898000 558.168000  19.7810   0.0380  -0.2400   0.0400   0.3040      0
3216     759.532000 642.377000  18.9600   0.0110   1.4640   0.0230   0.3000      0
6942     950.394000 527.788000  19.9930   0.0490   0.8350   0.0690   0.2980      0
8519     765.699000 563.199000  20.8040   0.0460   2.1370   0.1470   0.2960      0
16993    783.574000 565.120000  21.3660   0.1250   0.0350   0.1370   0.2960      0
4339     818.453000 554.649000  19.9330   0.0370   0.2200   0.0520   0.2950      0
23153    790.127000 502.738000  21.4210   0.1110   0.0680   0.1190   0.2930      0
8681     883.118000 496.708000  20.9290   0.0770   0.9390   0.1020   0.2920      0
22089    790.768000 509.791000  20.8150   0.0410   1.0040   0.0720   0.2910      0
12971    794.515000 642.929000  20.9120   0.0670   1.0670   0.0900   0.2910      0
101944   832.999000 562.030000  20.7900   0.0940   0.3510   0.1410   0.2900      0
19619    923.508000 588.777000  21.2310   0.0670   0.1360   0.0750   0.2880      0
15149    839.970000 493.327000  20.9500   0.0520   0.9910   0.1420   0.2870      0
32419    803.755000 502.676000  20.3610   0.0360   0.2660   0.0510   0.2860      0
10457    903.408000 445.627000  20.8280   0.0580   0.9120   0.0840   0.2840      0
1398     845.579000 584.341000  18.4790   0.0170   1.4450   0.0200   0.2830      0
14073    914.608000 532.540000  20.7590   0.0410   1.5460   0.0930   0.2830      0
7553     761.267000 490.239000  20.8770   0.0600   0.3240   0.0720   0.2830      0
22758    759.770000 475.514000  21.2780   0.0740   0.1600   0.0820   0.2830      0
12295    795.402000 617.298000  20.5500   0.0370   0.0330   0.0410   0.2820      0
11478    835.857000 618.262000  20.8230   0.0670   0.3810   0.0900   0.2820      0
13363    900.329000 634.281000  20.9800   0.0570   0.8520   0.0780   0.2800      0
32308    929.601000 486.475000  20.0480   0.0430   0.9290   0.0540   0.2760      0
5701     908.230000 598.768000  19.7000   0.0520   1.2200   0.0660   0.2740      0
16366    831.681000 458.074000  21.0820   0.0690   0.1500   0.0780   0.2740      0
7669     823.099000 464.079000  20.1140   0.0270   0.5190   0.0370   0.2710      0
7869     745.993000 562.159000  20.2020   0.0260   1.6550   0.0670   0.2690      0
25336    801.656000 545.061000  21.0100   0.0410   0.8030   0.0700   0.2690      0
20779    895.646000 617.894000  21.4170   0.0720   0.2370   0.0850   0.2680      0
9427     937.676000 554.705000  21.0460   0.0720   0.1910   0.0900   0.2680      0
33545    896.673000 652.413000  21.0690   0.0540   0.2130   0.1000   0.2670      0
2630     946.345000 512.910000  18.6830   0.0080   1.5870   0.0190   0.2630      0
2171     831.773000 649.898000  18.5840   0.0070   1.8190   0.0180   0.2600      0
3364     776.459000 587.067000  18.8340   0.0130   1.5800   0.0230   0.2600      0
3247     889.775000 452.369000  18.8740   0.0150   1.5470   0.0260   0.2590      0
8051     842.095000 590.538000  21.0010   0.0560   0.3310   0.0710   0.2590      0
16581    870.086000 541.519000  20.9330   0.0540   0.8000   0.0760   0.2580      0
32062    850.686000 451.298000  21.0310   0.0710   0.2910   0.0830   0.2580      0
13810    753.585000 635.638000  21.3640   0.0870   0.2610   0.1120   0.2580      0
15672    920.211000 544.568000  21.2890   0.0840   0.2350   0.0990   0.2570      0
32538    814.725000 517.553000  21.3250   0.1930   0.0700   0.2100   0.2570      0
3623     877.141000 523.383000  18.8980   0.0140   1.4640   0.0220   0.2550      0
9610     838.574000 666.325000  20.4440   0.0310   0.9800   0.1080   0.2550      0
15145    808.384000 650.741000  20.8180   0.0490   1.4850   0.0830   0.2550      0
32522    798.009000 516.392000  20.3910   0.0490   0.2750   0.0590   0.2530      0
9074     778.837000 573.133000  20.1040   0.0370   1.5000   0.0630   0.2520      0
13915    860.062000 455.464000  21.0410   0.0640   0.3400   0.0750   0.2520      0
6003     829.955000 490.998000  20.0350   0.0420   0.4480   0.0800   0.2510      0
8473     914.056000 636.094000  20.9500   0.0530   1.1920   0.0890   0.2510      0
33564    835.508000 655.443000  21.0360   0.0550   0.9420   0.0830   0.2510      0
1950     879.001000 469.969000  18.5000   0.0090   1.7740   0.0200   0.2500      0
32798    947.198000 550.933000  21.4310   0.0830   0.3350   0.1050   0.2500      0
8726     748.303000 485.677000  21.4540   0.0890   0.3190   0.1000   0.2500      0
32646    841.714000 532.772000  18.7100   0.0250   1.0950   0.0380   0.2490      0
101865   830.439000 543.262000  20.4500   0.0420   0.1580   0.1820   0.2490      0
32843    886.929000 556.282000  20.3250   0.0580   0.2950   0.0650   0.2490      0
32189    822.465000 468.092000  21.0320   0.0720   0.8630   0.0970   0.2490      0
21002    874.723000 494.356000  21.4570   0.0750   0.3670   0.0950   0.2470      0
32411    810.105000 500.326000  21.5190   0.2090   0.0590   0.2160   0.2460      0
6716     712.904000 546.569000  19.7990   0.0320   0.3680   0.0350   0.2450      0
101761   829.476000 514.746000  21.1030   0.1160   0.2650   0.1290   0.2450      0
11208    749.599000 597.801000  21.3050   0.0750   0.3060   0.1010   0.2440      0
2950     881.786000 641.842000  18.9770   0.0150   1.7080   0.0320   0.2420      0
32710    834.497000 542.334000  21.0680   0.0740   0.3460   0.1130   0.2420      0
33056    771.986000 583.402000  20.8360   0.0750   0.8450   0.0870   0.2420      0
32285    752.955000 483.448000  20.8970   0.0570   0.8200   0.1240   0.2410      0
17454    904.922000 512.506000  21.3860   0.0800   0.3830   0.1170   0.2400      0
18733    874.286000 628.520000  21.4440   0.0830   0.4070   0.1010   0.2400      0
10965    893.931000 627.801000  21.0500   0.0620   1.2860   0.0980   0.2390      0
11252    865.209000 455.855000  20.5050   0.0380   0.3610   0.0480   0.2380      0
16823    731.884000 605.370000  21.3190   0.0740   0.3580   0.0890   0.2380      0
32932    862.484000 567.158000  21.1310   0.0900   0.2980   0.1000   0.2380      0
20855    917.384000 595.195000  21.2950   0.0680   1.7150   0.1530   0.2370      0
18899    838.955000 640.687000  21.0780   0.0600   1.3250   0.0980   0.2350      0
16617    776.758000 544.712000  21.3440   0.0760   0.3770   0.1140   0.2350      0
12498    735.926000 531.255000  21.1180   0.0620   0.3960   0.0860   0.2330      0
32631    808.969000 530.897000  20.4990   0.0560   0.4020   0.0700   0.2320      0
17135    884.539000 488.956000  21.0670   0.0690   0.8360   0.0890   0.2310      0
2459     867.422000 529.560000  18.6290   0.0130   1.5910   0.0440   0.2300      0
2597     871.447000 620.258000  18.6580   0.0100   1.7970   0.0180   0.2290      0
10796    901.698000 562.572000  21.3960   0.1410   0.3840   0.1530   0.2290      0
6591     808.632000 662.567000  20.2110   0.0350   1.1600   0.0590   0.2280      0
32435    913.734000 503.381000  20.9690   0.0520   0.7210   0.0630   0.2280      0
23954    783.758000 630.929000  21.5740   0.1130   0.3550   0.1280   0.2280      0
26351    896.298000 605.174000  21.8560   0.1060   1.1730   0.1660   0.2260      0
8128     880.860000 561.592000  19.8990   0.0230   1.5190   0.0460   0.2250      0
32539    829.959000 519.870000  20.9720   0.0870   0.7470   0.1080   0.2250      0
15710    899.986000 577.807000  21.0050   0.0590   0.6970   0.0740   0.2240      0
19798    786.765000 486.357000  21.2310   0.0890   0.3700   0.1020   0.2240      0
19272    897.631000 586.148000  21.4780   0.0890   0.5150   0.1130   0.2240      0
21197    744.749000 577.748000  21.3870   0.0680   0.4920   0.0890   0.2230      0
16809    858.477000 436.575000  21.6230   0.0870   0.2450   0.1110   0.2230      0
24401    850.518000 476.451000  21.5350   0.1030   0.5010   0.1170   0.2230      0
16275    910.406000 507.699000  21.9120   0.1080   1.1870   0.1770   0.2230      0
32930    833.554000 567.115000  20.8530   0.1300   0.8890   0.2100   0.2230      0
18259    793.082000 541.333000  21.1150   0.0570   1.2830   0.1050   0.2220      0
13117    942.700000 542.052000  20.9350   0.0650   1.2920   0.0920   0.2220      0
13826    799.781000 588.083000  21.0260   0.0650   1.5800   0.1080   0.2220      0
12621    814.815000 478.549000  21.4200   0.1510   0.4320   0.1630   0.2220      0
15428    798.230000 611.626000  20.9020   0.0610   0.4800   0.0730   0.2210      0
27500    861.421000 481.397000  21.8200   0.0900   1.0360   0.1410   0.2210      0
18331    810.425000 425.523000  21.1140   0.0620   0.5270   0.0770   0.2200      0
11465    816.786000 444.155000  21.0690   0.0680   1.1040   0.0960   0.2200      0
33289    832.838000 618.399000  21.0720   0.0760   0.5190   0.1230   0.2200      0
31970    796.293000 442.039000  21.4460   0.0780   0.5530   0.1020   0.2200      0
101829   900.845000 531.430000  21.5480   0.1680   0.4260   0.1770   0.2200      0
32328    739.596000 489.428000  21.9110   0.1170   1.1610   0.1980   0.2190      0
16008    778.094000 603.925000  21.0430   0.0590   0.5470   0.0710   0.2180      0
21308    864.199000 658.632000  21.3240   0.0800   1.1210   0.1010   0.2180      0
32886    741.413000 562.689000  21.6480   0.1060   0.3250   0.1250   0.2180      0
9122     856.806000 561.282000  20.9320   0.0610   0.4860   0.0790   0.2170      0
20320    859.984000 441.549000  21.3810   0.0740   1.0630   0.1210   0.2170      0
32749    818.722000 543.910000  21.0660   0.0770   0.7220   0.0960   0.2170      0
21356    730.427000 576.056000  21.4930   0.0850   0.6430   0.2080   0.2170      0
19295    770.935000 642.867000  21.6260   0.1490   0.4130   0.1730   0.2170      0
16537    935.451000 519.041000  21.5430   0.1120   0.5710   0.1310   0.2160      0
9293     893.462000 457.106000  21.8390   0.1340   1.0660   0.1790   0.2160      0
18335    827.639000 437.759000  21.0940   0.0550   0.5990   0.0740   0.2150      0
11141    807.602000 466.925000  21.7070   0.1070   1.1480   0.1590   0.2150      0
22612    928.201000 547.563000  21.7180   0.1100   1.1190   0.1540   0.2150      0
9907     777.845000 531.523000  20.7840   0.0560   0.5450   0.0680   0.2140      0
11578    895.945000 468.812000  20.9230   0.0620   0.4960   0.0740   0.2140      0
12060    804.211000 583.984000  21.1450   0.0620   0.5190   0.0830   0.2140      0
14927    739.383000 523.557000  21.0780   0.0660   0.6730   0.0970   0.2140      0
12710    929.916000 620.418000  21.0170   0.0690   0.6180   0.1020   0.2140      0
22882    809.690000 442.969000  21.5210   0.0830   0.6410   0.1150   0.2140      0
26691    924.938000 523.238000  21.5970   0.0890   0.5740   0.1140   0.2140      0
21628    901.656000 519.116000  21.6440   0.0990   0.5000   0.1260   0.2140      0
32061    818.550000 451.124000  21.5080   0.1040   0.6070   0.1290   0.2140      0
13982    840.695000 595.427000  21.8760   0.1260   1.0100   0.1820   0.2140      0
19525    808.084000 429.571000  21.2550   0.0760   0.4380   0.0890   0.2130      0
13042    841.245000 510.462000  21.5150   0.0940   0.6630   0.1590   0.2130      0
16246    950.294000 581.759000  21.4750   0.1040   0.6070   0.1390   0.2130      0
16247    744.870000 600.675000  21.4530   0.1130   0.5750   0.1350   0.2130      0
28004    737.547000 468.205000  21.6330   0.1160   0.5450   0.1370   0.2130      0
32951    798.469000 569.330000  21.6710   0.1170   0.4110   0.1500   0.2130      0
101905   888.210000 551.185000  21.6770   0.1310   0.4230   0.1530   0.2130      0
32265    731.067000 477.690000  21.1370   0.1570   1.2720   0.2020   0.2130      0
14855    728.000000 544.068000  21.1760   0.0630   0.4830   0.0850   0.2120      0
21786    884.002000 658.167000  21.4280   0.0750   0.9270   0.1090   0.2120      0
16805    851.040000 631.176000  21.4430   0.0780   0.6140   0.1010   0.2120      0
22492    889.273000 600.069000  21.5200   0.0860   0.6640   0.1050   0.2120      0
32279    813.128000 482.076000  21.4050   0.1000   0.5420   0.1190   0.2120      0
24121    782.893000 490.842000  21.8470   0.1280   0.9770   0.1830   0.2120      0
18504    845.948000 471.029000  20.9770   0.0490   0.5150   0.0690   0.2110      0
18934    754.618000 581.713000  21.4180   0.0820   0.9460   0.1200   0.2110      0
33094    851.897000 589.518000  21.7930   0.0840   0.8920   0.1280   0.2110      0
24272    879.431000 600.376000  21.6340   0.0930   0.5970   0.1140   0.2110      0
32811    934.892000 552.920000  21.6960   0.1360   1.1570   0.2050   0.2110      0
12366    945.023000 559.034000  20.9970   0.0630   0.5630   0.0900   0.2100      0
10769    737.272000 585.562000  21.2380   0.0760   0.4460   0.0910   0.2100      0
32496    940.410000 512.606000  21.4060   0.0880   0.9640   0.1330   0.2100      0
33058    856.767000 583.493000  21.0770   0.0910   0.7170   0.1080   0.2100      0
33280    927.296000 618.630000  21.4720   0.0970   0.7080   0.1580   0.2100      0
18717    949.019000 586.171000  21.4560   0.1000   1.0090   0.1330   0.2100      0
27622    759.543000 509.721000  21.8260   0.1280   0.9510   0.1890   0.2100      0
32836    914.363000 555.487000  20.6750   0.1390   0.5920   0.1490   0.2100      0
12006    886.116000 568.775000  20.5340   0.0370   0.6060   0.0450   0.2090      0
32577    768.002000 523.793000  20.9080   0.0620   0.7350   0.1040   0.2090      0
19180    781.273000 477.424000  21.3780   0.0820   0.5420   0.1070   0.2090      0
12027    753.320000 599.251000  21.4370   0.0820   0.8690   0.1180   0.2090      0
32996    823.517000 575.142000  21.4700   0.0820   0.8470   0.1190   0.2090      0
18109    801.528000 592.734000  21.5550   0.0900   0.7790   0.1740   0.2090      0
22374    768.198000 600.475000  21.6470   0.0950   0.6040   0.1180   0.2090      0
20771    801.068000 478.768000  21.6960   0.0970   0.4790   0.1290   0.2090      0
22343    759.863000 586.732000  21.6140   0.1010   0.6760   0.1410   0.2090      0
22386    816.983000 645.701000  21.7030   0.1050   0.9640   0.1610   0.2090      0
32434    837.030000 504.459000  21.7400   0.1150   0.9300   0.1650   0.2090      0
10188    892.135000 613.242000  20.4130   0.0330   0.5220   0.0390   0.2080      0
6166     815.805000 505.828000  20.3390   0.0350   0.4350   0.0590   0.2080      0
21925    723.516000 563.651000  21.1190   0.0690   0.5800   0.0830   0.2080      0
19125    804.356000 481.072000  21.2380   0.0730   1.1300   0.1160   0.2080      0
14027    877.675000 514.427000  21.0960   0.0740   0.7070   0.1000   0.2080      0
24021    796.056000 429.880000  21.6730   0.0810   0.5850   0.1080   0.2080      0
26130    872.999000 640.680000  22.1340   0.0960   0.4790   0.1340   0.2080      0
21824    903.795000 523.694000  21.8600   0.0980   0.8750   0.1490   0.2080      0
20274    818.311000 651.464000  21.6100   0.1010   0.6880   0.1310   0.2080      0
101994   847.820000 576.638000  21.6230   0.1630   1.0660   0.2130   0.2080      0
25079    764.548000 459.364000  21.4320   0.0730   0.7890   0.1100   0.2070      0
20269    745.135000 616.077000  21.1040   0.0740   0.7340   0.1210   0.2070      0
24772    865.047000 539.950000  21.2570   0.0750   1.0340   0.1040   0.2070      0
32840    752.413000 556.154000  21.6900   0.0880   0.9260   0.1370   0.2070      0
33112    837.422000 591.002000  21.5620   0.0970   0.7530   0.1240   0.2070      0
12520    834.726000 668.082000  21.5950   0.1110   0.8170   0.1710   0.2070      0
21342    868.976000 588.536000  21.6820   0.1120   0.6030   0.1370   0.2070      0
17976    813.685000 465.954000  21.6570   0.1170   0.6650   0.1390   0.2070      0
33095    882.741000 589.460000  20.8710   0.1210   0.5850   0.1470   0.2070      0
23002    785.474000 644.950000  21.3920   0.0820   0.8900   0.1080   0.2060      0
32675    781.008000 536.804000  21.4090   0.0820   0.6170   0.1160   0.2060      0
25859    735.076000 500.800000  21.5760   0.0970   0.7890   0.1260   0.2060      0
32887    937.068000 561.887000  21.7180   0.0980   0.5050   0.1270   0.2060      0
26747    792.728000 529.386000  21.8020   0.0980   0.8370   0.1350   0.2060      0
27593    796.107000 463.327000  21.7510   0.1000   0.8470   0.1410   0.2060      0
22397    727.446000 549.180000  21.7220   0.1010   0.8360   0.1410   0.2060      0
19299    919.318000 483.213000  21.5460   0.1030   0.8320   0.1340   0.2060      0
22621    908.012000 586.699000  21.5850   0.1060   0.8300   0.1320   0.2060      0
32463    800.224000 506.479000  21.6170   0.1090   0.8400   0.1540   0.2060      0
21577    799.474000 645.887000  21.7370   0.1160   0.4330   0.1450   0.2060      0
33360    862.129000 628.701000  21.6710   0.1160   0.8410   0.1590   0.2060      0
18304    902.841000 487.479000  21.5950   0.1210   1.0910   0.1710   0.2060      0
21500    840.018000 602.056000  21.7610   0.1230   0.2860   0.1370   0.2060      0
33182    835.323000 602.382000  21.7310   0.1240   0.5010   0.1460   0.2060      0
32578    884.673000 523.401000  21.7590   0.1340   0.3770   0.1500   0.2060      0
101599   846.789000 462.548000  21.7010   0.1340   0.7820   0.1760   0.2060      0
32038    892.354000 450.183000  21.7240   0.1540   0.7540   0.2180   0.2060      0
33343    768.193000 627.392000  21.3350   0.0850   1.2960   0.2100   0.2050      0
32828    907.535000 555.741000  21.9480   0.1150   0.8640   0.1610   0.2050      0
20973    766.768000 487.053000  21.7060   0.1210   0.7740   0.1510   0.2050      0
26421    860.315000 648.486000  21.8370   0.1320   0.8360   0.1740   0.2050      0
20035    896.023000 589.862000  21.7350   0.1370   0.8140   0.1740   0.2050      0
27110    923.666000 561.192000  21.9930   0.1510   0.9330   0.2120   0.2050      0
101780   784.561000 520.081000  21.7410   0.1820   0.7440   0.2070   0.2050      0
1762     784.033000 457.277000  18.5350   0.0120   1.5280   0.0180   0.2040      0
19303    947.753000 537.798000  21.3170   0.0560   1.3150   0.1120   0.2040      0
33168    884.894000 601.267000  21.6740   0.0870   0.8380   0.1170   0.2040      0
24568    890.688000 523.797000  21.6140   0.0940   0.8450   0.1210   0.2040      0
15683    859.172000 565.435000  21.4480   0.1110   0.7490   0.1430   0.2040      0
32142    865.265000 462.120000  22.0100   0.1260   0.9140   0.1640   0.2040      0
32670    864.517000 536.058000  21.4500   0.1290   0.8930   0.1840   0.2040      0
24363    876.574000 576.367000  21.4130   0.0700   0.6820   0.0980   0.2030      0
23205    923.577000 550.142000  21.5380   0.0910   1.0920   0.1330   0.2030      0
32677    808.313000 537.146000  21.3540   0.1110   1.0090   0.1900   0.2030      0
33367    897.210000 630.607000  21.8260   0.1160   0.7630   0.1570   0.2030      0
26473    929.783000 542.004000  21.8460   0.1300   0.7600   0.1660   0.2030      0
33133    751.927000 595.364000  21.7870   0.1340   0.5000   0.1590   0.2030      0
101870   843.358000 544.729000  21.7660   0.1390   0.6610   0.1710   0.2030      0
32923    901.294000 572.252000  21.3440   0.1550   1.0910   0.2200   0.2030      0
23298    766.687000 568.535000  21.9670   0.1560   0.8190   0.1940   0.2030      0
21607    920.091000 614.089000  21.4110   0.0760   0.6850   0.1040   0.2020      0
13151    773.597000 540.229000  21.3950   0.0780   0.8330   0.1130   0.2020      0
21457    764.887000 606.841000  21.4150   0.0860   0.7830   0.1120   0.2020      0
32959    940.841000 571.469000  21.7770   0.1150   0.5380   0.1520   0.2020      0
27951    793.256000 555.768000  22.0240   0.1330   0.8450   0.1720   0.2020      0
23708    807.493000 613.381000  21.8040   0.1370   0.6160   0.1650   0.2020      0
23524    921.208000 626.208000  21.8980   0.1520   0.1030   0.1610   0.2020      0
12017    750.848000 517.767000  20.4000   0.0340   0.4340   0.0400   0.2010      0
19944    720.985000 535.339000  21.8380   0.1140   0.1870   0.1810   0.2010      0
21867    888.452000 445.391000  21.8490   0.1190   0.7220   0.1480   0.2010      0
26147    905.452000 479.958000  21.8110   0.1260   0.4700   0.1430   0.2010      0
26058    892.812000 494.578000  21.8830   0.1300   0.7000   0.1790   0.2010      0
101673   823.578000 487.470000  21.9420   0.1520   0.6840   0.1860   0.2010      0
7900     805.334000 538.182000  20.6650   0.0530   0.5690   0.0630   0.2000      0
10339    820.109000 472.220000  20.5730   0.0540   0.6200   0.0700   0.2000      0
33230    848.744000 610.514000  21.9880   0.1200   0.5670   0.1540   0.2000      0
26363    776.139000 478.909000  21.9940   0.1310   0.5030   0.1600   0.2000      0
25996    786.199000 578.498000  21.8800   0.1320   0.6820   0.1720   0.2000      0
32944    783.234000 569.196000  21.9950   0.1320   0.6600   0.1720   0.2000      0
25566    791.556000 482.963000  22.1170   0.1410   0.4120   0.1680   0.2000      0
28057    887.823000 507.574000  22.0630   0.1420   0.8590   0.2060   0.2000      0
17120    880.138000 476.218000  22.0390   0.1440   0.5740   0.1850   0.2000      0
21426    788.144000 490.395000  22.0550   0.1530   0.5270   0.1880   0.2000      0
20912    862.505000 550.457000  22.0470   0.1580   0.5830   0.1790   0.2000      0
33042    899.566000 581.955000  22.0300   0.1580   0.4910   0.1810   0.2000      0
11415    929.718000 552.714000  21.1710   0.0700   0.5520   0.0830   0.1990      0
28016    871.978000 447.454000  21.3840   0.0850   0.6100   0.1030   0.1990      0
9757     758.550000 521.401000  21.3710   0.0920   0.8610   0.1200   0.1990      0
32952    806.594000 569.926000  21.8730   0.1290   0.4860   0.1550   0.1990      0
25007    812.808000 622.806000  21.9710   0.1330   0.4790   0.1690   0.1990      0
24069    832.089000 597.828000  21.8990   0.1370   0.3720   0.1590   0.1990      0
33202    917.395000 601.041000  21.9310   0.1460   0.4500   0.1730   0.1990      0
24821    824.352000 483.041000  22.0670   0.1470   0.7150   0.1840   0.1990      0
17930    736.126000 619.908000  20.8430   0.0580   1.2410   0.0850   0.1980      0
11548    806.043000 666.858000  21.1920   0.0620   0.5290   0.0800   0.1980      0
32643    759.036000 531.308000  21.8420   0.1010   0.6390   0.1350   0.1980      0
101762   853.708000 514.758000  21.5680   0.1070   1.3400   0.2430   0.1980      0
26271    778.830000 486.082000  22.1270   0.1390   0.7120   0.1860   0.1980      0
7837     931.681000 587.830000  19.9830   0.0250   1.6670   0.0550   0.1970      0
23944    818.279000 483.647000  21.8250   0.0860   0.5700   0.1210   0.1970      0
33100    832.173000 589.964000  21.2060   0.1120   0.9680   0.1690   0.1970      0
25176    842.613000 611.118000  22.1180   0.1290   0.7860   0.1680   0.1970      0
26576    872.755000 564.141000  22.1820   0.1670   0.4990   0.1900   0.1970      0
10678    879.328000 616.328000  21.1570   0.0670   0.5920   0.0930   0.1960      0
32220    774.458000 472.697000  21.9840   0.1450   0.0770   0.1860   0.1960      0
9560     948.250000 562.045000  20.4840   0.0440   0.8650   0.1580   0.1950      0
20659    727.568000 528.730000  21.1900   0.0670   0.9760   0.0940   0.1950      0
11292    889.832000 634.540000  21.1780   0.0750   0.9670   0.1030   0.1950      0
18175    792.649000 440.048000  21.3870   0.0800   0.7090   0.1070   0.1950      0
15621    814.915000 609.184000  20.8620   0.0920   0.7380   0.1110   0.1950      0
21395    744.101000 540.179000  22.2070   0.1540   0.5680   0.1990   0.1950      0
18003    885.341000 481.780000  20.9450   0.0620   0.6630   0.0740   0.1940      0
21274    900.680000 550.792000  21.2730   0.0790   0.9210   0.1030   0.1940      0
101887   813.905000 548.805000  21.1840   0.1300   0.7250   0.1820   0.1930      0
32754    790.590000 551.108000  22.2160   0.1850   0.4280   0.2150   0.1930      0
25520    756.277000 626.519000  22.1850   0.1670   0.2880   0.1950   0.1920      0
6550     804.868000 662.530000  20.4030   0.0420   0.5370   0.0540   0.1910      0
12074    869.441000 583.261000  21.1480   0.0730   0.7200   0.0910   0.1890      0
13442    742.926000 596.748000  21.2320   0.0800   0.5420   0.0980   0.1880      0
11161    890.024000 627.360000  20.7340   0.0550   1.3950   0.0790   0.1870      0
14275    750.627000 535.781000  21.3370   0.0680   0.5950   0.0970   0.1860      0
33048    873.815000 582.989000  21.1720   0.0810   0.7930   0.1070   0.1840      0
7197     903.700000 544.103000  20.8020   0.0510   0.5840   0.0660   0.1830      0
12411    731.782000 593.432000  21.2800   0.0950   0.8230   0.1310   0.1830      0
7500     775.477000 535.874000  20.1640   0.0300   0.4770   0.0360   0.1810      0
6294     841.915000 436.989000  20.6730   0.0580   0.9380   0.0730   0.1810      0
8015     814.237000 456.086000  21.1670   0.0590   0.7420   0.0810   0.1800      0
16667    808.348000 476.310000  21.2730   0.0690   0.5590   0.0850   0.1790      0
19280    736.349000 560.406000  21.2170   0.0740   0.7480   0.1000   0.1710      0
9934     740.107000 498.136000  20.3280   0.0300   1.4460   0.0660   0.1700      0
10783    732.144000 536.023000  20.4490   0.0420   0.6130   0.0510   0.1700      0
14350    884.441000 456.619000  21.2670   0.0530   0.8020   0.0850   0.1700      0
20058    802.195000 557.542000  20.8310   0.0700   0.7160   0.0950   0.1700      0
16671    896.871000 571.338000  21.2230   0.0750   0.7430   0.0970   0.1700      0
26290    904.579000 461.505000  22.4090   0.1760   0.2960   0.2090   0.1660      0
5835     849.974000 448.301000  19.8260   0.0310   1.4560   0.0710   0.1600      0
32842    823.268000 556.741000  20.7210   0.0500   0.7840   0.0670   0.1590      0
8250     758.893000 448.278000  20.6070   0.0550   0.7650   0.0630   0.1510      0
10802    933.337000 513.925000  20.6570   0.0660   1.1340   0.1100   0.1510      0
32966    852.495000 572.099000  20.5730   0.0810   1.1960   0.1070   0.1480      0
33016    885.901000 578.063000  20.3120   0.0460   0.5310   0.1210   0.1410      0
102007   883.844000 579.463000  20.4340   0.0980   1.3400   0.1170   0.1040      0
