#ID x y mag e_mag col1 e_col1 memb_prob sel
2497     1001.674000 40.607000  18.5240   0.0140   0.0890   0.0160   0.9940      1
3802     983.416000 45.272000  19.1290   0.0210   0.1490   0.0260   0.9940      1
1571     946.154000 27.001000  18.3750   0.0220   0.0550   0.0250   0.9940      1
23329    934.082000 76.362000  18.5110   0.0280   0.3660   0.0460   0.9940      1
50297    975.376000 27.076000  18.4490   0.0370   0.0820   0.0530   0.9920      1
1262     952.526000 26.263000  19.1360   0.0230   0.0880   0.0310   0.9910      1
2143     941.202000 50.557000  18.5870   0.0120   0.2440   0.0180   0.9880      1
50281    977.776000 18.980000  19.0710   0.0630   0.1560   0.0690   0.9860      1
543      977.553000 37.968000  18.8720   0.0280   0.1640   0.0540   0.9750      1
21808    989.378000 4.469000  19.1760   0.0350   0.8610   0.0680   0.9750      1
1663     946.818000 12.760000  18.5180   0.0170  -0.0060   0.0190   0.9680      1
764      936.096000 78.911000  18.6170   0.0190   0.2170   0.0440   0.9680      1
602      982.651000 23.101000  18.4170   0.0160   0.1660   0.0200   0.9650      1
22884    969.758000 23.520000  17.4330   0.0390   0.9670   0.0740   0.9640      1
2911     1009.112000 46.258000  19.1530   0.0540   0.2970   0.0820   0.9570      1
22812    975.673000 12.852000  18.6990   0.0180  -0.0260   0.0210   0.9480      1
451      961.930000 32.012000  18.3100   0.0360   0.1920   0.0420   0.9370      1
13700    973.595000 56.699000  18.8840   0.0200  -0.1810   0.0570   0.9260      1
321      977.177000 31.456000  17.3300   0.0200   1.1450   0.0470   0.9240      1
808      956.087000 21.243000  18.3800   0.0150  -0.2520   0.0200   0.9190      1
23058    1007.724000 43.304000  19.2200   0.0250   0.0350   0.0300   0.9180      1
578      958.781000 26.638000  17.6680   0.0090   1.1570   0.0150   0.9170      1
3019     986.132000 32.351000  17.9680   0.0250   0.0840   0.0330   0.9170      1
50381    987.506000 38.445000  19.7350   0.0650  -0.5950   0.0790   0.9160      1
4802     936.858000 46.171000  19.9540   0.0300   0.2080   0.0370   0.9120      1
22896    988.151000 24.581000  19.2350   0.0620  -0.0590   0.0730   0.9120      1
17880    973.483000 31.101000  18.6790   0.0370   0.3660   0.0710   0.9090      1
23018    981.245000 38.100000  19.2160   0.0450  -0.0150   0.0710   0.9080      1
7216     950.762000 63.443000  19.8920   0.0300   0.2900   0.0350   0.9070      1
22885    976.937000 23.499000  17.9990   0.0230   0.0450   0.0470   0.9060      1
50304    966.654000 28.729000  18.6470   0.0360   0.0820   0.0570   0.9020      1
10225    961.222000 95.621000  20.0530   0.0390   0.1770   0.0560   0.9000      1
23004    972.383000 36.459000  18.7220   0.0380   0.6920   0.0530   0.8990      1
22969    1042.007000 33.386000  20.3530   0.0510   0.0300   0.0570   0.8890      1
9402     1021.474000 28.740000  19.8080   0.0330   0.4330   0.0380   0.8730      1
8580     983.565000 28.565000  19.7180   0.0620  -0.7560   0.1840   0.8720      1
1591     961.122000 49.232000  20.2930   0.0850  -0.3190   0.1070   0.8700      1
4082     993.712000 29.211000  20.0090   0.0500   0.2880   0.0770   0.8680      1
2548     943.151000 35.464000  18.7630   0.0180   0.0330   0.0210   0.8630      1
9119     1006.006000 60.126000  20.3880   0.0500   0.1740   0.0620   0.8630      1
5416     1005.589000 18.342000  20.2710   0.0880  -0.0630   0.0940   0.8610      1
22789    980.850000 11.553000  19.9240   0.0670   0.3100   0.0780   0.8560      1
23129    990.360000 53.504000  19.8770   0.0590   0.2670   0.0710   0.8550      1
22820    961.947000 16.166000  20.7880   0.0670  -0.0640   0.0790   0.8490      1
23178    970.503000 58.036000  20.3210   0.0860   0.1240   0.0960   0.8400      1
23114    972.214000 49.994000  19.6120   0.0280   0.1960   0.0380   0.8360      1
23140    919.084000 56.306000  19.3270   0.0550   0.0300   0.0620   0.8350      1
50434    964.752000 49.218000  19.3120   0.0630   0.0370   0.0720   0.8290      1
7098     1027.774000 50.425000  19.8710   0.0380   0.4540   0.0470   0.8240      1
228      971.720000 40.680000  16.6230   0.0080   1.6030   0.0110   0.8210      1
273      967.065000 33.309000  17.0880   0.0160   0.7720   0.0250   0.8170      1
1003     1013.512000 21.631000  18.0730   0.0220   1.1830   0.0330   0.8130      1
286      986.345000 27.633000  17.0990   0.0070   1.8100   0.0290   0.8120      1
10043    1041.373000 50.712000  20.3610   0.0380   0.2930   0.0520   0.8110      1
21786    972.484000 5.753000  17.2810   0.0090   1.6390   0.0190   0.8100      1
1078     956.916000 37.632000  18.4950   0.0160   1.5870   0.0240   0.7910      1
50479    986.437000 60.113000  20.4050   0.1350   0.1030   0.1420   0.7810      1
4354     904.803000 46.206000  18.8100   0.0190   1.7820   0.0330   0.7720      1
23198    982.789000 60.159000  20.7060   0.1160   0.0000   0.1370   0.7490      1
22953    947.934000 31.077000  20.3560   0.0640   0.2940   0.1170   0.7180      1
22897    1003.508000 22.490000  20.8440   0.1020   0.1440   0.1140   0.7140      1
22774    964.198000 6.956000  20.8520   0.0990   0.1490   0.1250   0.7110      1
23371    984.196000 79.191000  20.6740   0.0870   0.1130   0.0950   0.7070      1
10070    978.775000 67.873000  20.8030   0.0600   0.4820   0.1100   0.7020      1
10362    979.489000 72.764000  20.8500   0.0750   0.3660   0.1030   0.7000      1
7935     983.247000 52.050000  20.7000   0.0530   0.2060   0.0620   0.6900      1
17905    981.971000 94.377000  20.7460   0.0580   0.3670   0.0690   0.6900      1
22988    1000.969000 34.833000  20.7840   0.0700   0.5260   0.1050   0.6850      1
11814    967.038000 74.824000  20.5670   0.0640   1.1460   0.0960   0.6800      1
16427    958.961000 83.059000  20.5990   0.0460   1.0500   0.0820   0.6650      1
23017    937.691000 36.957000  20.8740   0.0710   0.5480   0.1020   0.6560      1
23072    942.455000 46.314000  20.7100   0.0800   0.4730   0.1330   0.6540      1
13829    969.970000 66.406000  20.8780   0.1090   0.4150   0.1230   0.6540      1
50412    975.489000 45.101000  20.2570   0.0820   1.9670   0.1540   0.6460      1
12045    1012.720000 60.735000  20.6070   0.0500   0.5890   0.0670   0.6380      1
8171     940.533000 9.298000  20.8650   0.1340   0.5280   0.1490   0.6200      1
22519    998.381000 19.908000  20.7460   0.0910   0.6500   0.1080   0.6180      1
22788    936.127000 11.637000  20.8820   0.0860   0.6160   0.1510   0.6070      1
23509    988.788000 96.599000  21.6830   0.1390   0.1450   0.1680   0.6020      1
50352    920.915000 36.642000  20.7650   0.0860   0.6840   0.1290   0.6000      1
9966     1038.782000 39.684000  20.6130   0.0610   0.4900   0.0750   0.5900      1
50224    951.202000 11.731000  21.0850   0.0900  -0.0750   0.2050   0.5840      1
16703    958.710000 68.116000  20.9680   0.0780   0.3100   0.0930   0.5800      1
50263    984.848000 18.752000  20.5860   0.0820   0.7500   0.1440   0.5730      1
50457    939.665000 56.163000  21.2230   0.1230   1.1670   0.1820   0.4580      1
22961    997.694000 30.270000  19.9990   0.0510   0.0760   0.0560   0.8100      0
2153     1001.412000 62.543000  20.0520   0.0670  -0.1040   0.0990   0.8040      0
4194     989.160000 62.117000  19.4290   0.0430   0.1020   0.0610   0.8030      0
50411    964.080000 46.211000  20.0560   0.1250   0.1300   0.1730   0.7820      0
65       950.004000 42.465000  15.8170   0.0030   2.9020   0.0400   0.7800      0
642      978.356000 7.269000  17.9050   0.0160   1.5090   0.0310   0.7750      0
745      935.808000 72.194000  17.7900   0.0080   1.8760   0.0220   0.7740      0
23019    993.235000 37.112000  19.3870   0.0490   0.7120   0.0680   0.7740      0
21593    1036.052000 3.456000  16.9360   0.0100   2.7280   0.0320   0.7700      0
50342    962.750000 37.239000  19.3810   0.0820   0.5120   0.1040   0.7490      0
2063     934.448000 20.165000  18.4750   0.0130   1.7510   0.0260   0.7320      0
2768     991.220000 71.719000  18.5600   0.0110   1.6670   0.0280   0.7220      0
50431    968.054000 48.673000  19.5680   0.0840   0.2100   0.1140   0.7170      0
2824     991.219000 50.040000  18.7530   0.0200   1.5340   0.0580   0.6980      0
2363     920.004000 59.322000  18.9430   0.0160   1.9510   0.0890   0.6490      0
1479     954.188000 31.279000  19.6020   0.0300   1.4530   0.0570   0.6480      0
22960    917.592000 33.490000  18.7800   0.0350   1.7280   0.0460   0.6330      0
22872    964.009000 24.420000  19.5770   0.0650   0.6060   0.0850   0.6300      0
7650     994.160000 94.508000  19.7470   0.0490   1.1310   0.0650   0.6200      0
5106     985.752000 57.200000  20.4840   0.0460   1.8470   0.2030   0.6170      0
14242    923.952000 21.383000  20.3870   0.0470   0.8870   0.0670   0.6160      0
11367    911.767000 60.057000  20.5710   0.0710   0.9980   0.0940   0.6130      0
22914    1042.674000 25.843000  20.6680   0.0790   1.2300   0.1210   0.6060      0
1436     915.732000 36.371000  18.7650   0.0340   1.7430   0.0860   0.6010      0
9399     981.826000 84.038000  20.0900   0.0360   0.5460   0.0480   0.5980      0
23338    929.070000 75.543000  20.9760   0.0910   0.4990   0.1310   0.5720      0
12767    1024.983000 43.404000  20.5100   0.0640   0.8760   0.0900   0.5650      0
23057    996.637000 41.225000  20.3610   0.0590   0.7330   0.0830   0.5560      0
23025    914.875000 41.195000  20.6820   0.0850   0.7890   0.1300   0.5540      0
5590     955.962000 51.700000  20.9600   0.0950   0.6880   0.1200   0.5540      0
7212     988.121000 35.411000  19.0130   0.0290   1.4150   0.0890   0.5530      0
22921    998.435000 26.423000  20.2710   0.0690   0.8730   0.1010   0.5530      0
11841    1002.835000 71.776000  20.4790   0.0540   0.6360   0.0790   0.5460      0
9531     1022.173000 56.968000  20.1680   0.0570   0.4190   0.0650   0.5430      0
7256     1029.170000 54.848000  20.6970   0.0640   1.3730   0.1230   0.5340      0
50447    949.105000 53.333000  20.9930   0.0910   0.7070   0.1500   0.5340      0
14752    923.754000 41.555000  21.0500   0.0720   0.6850   0.1000   0.5300      0
9568     1023.239000 84.087000  20.0900   0.0440   1.2820   0.0820   0.5160      0
12430    931.516000 32.556000  20.8220   0.0740   0.8640   0.0950   0.5130      0
12985    945.299000 60.026000  21.0390   0.0920   0.5480   0.1580   0.5120      0
16223    971.722000 100.509000  21.0910   0.0670   0.7080   0.1030   0.5030      0
11914    1036.950000 31.534000  20.8270   0.0600   0.9830   0.0950   0.5000      0
23339    987.793000 75.539000  21.0600   0.1090   0.7560   0.1500   0.4910      0
13113    905.328000 17.955000  20.4710   0.0470   0.4310   0.0720   0.4850      0
17082    965.083000 93.562000  21.4940   0.1210   0.2730   0.1780   0.4790      0
23405    970.981000 83.663000  21.8690   0.1780   0.3840   0.2420   0.4790      0
16412    966.553000 83.634000  20.9930   0.0680   0.9230   0.1380   0.4780      0
50216    958.980000 10.801000  21.3350   0.0870   0.1410   0.2070   0.4640      0
19580    933.603000 89.852000  21.1830   0.0950   1.0970   0.1500   0.4520      0
6887     988.530000 15.016000  20.3570   0.0530   0.6030   0.0670   0.4490      0
18489    1016.469000 79.403000  21.3690   0.0910   1.1000   0.1610   0.4430      0
18319    903.078000 24.833000  21.2190   0.0800   1.0550   0.1770   0.4400      0
17017    904.385000 13.353000  21.4870   0.1270   0.3450   0.1810   0.4400      0
22848    941.816000 20.168000  21.1520   0.1050   0.8000   0.1350   0.4350      0
20132    974.565000 95.957000  21.6910   0.1400   0.5300   0.1800   0.4110      0
23283    938.215000 66.471000  21.2550   0.1360   0.6600   0.1620   0.3760      0
23197    965.410000 60.252000  21.4990   0.1220   0.5630   0.1640   0.3650      0
23379    1023.321000 79.789000  21.3010   0.1330   0.6190   0.1800   0.3530      0
50519    984.635000 66.804000  21.4510   0.0990   0.8660   0.2090   0.3500      0
23479    976.855000 88.344000  21.7000   0.1870   1.0160   0.2470   0.3360      0
