#mag    e_mag    col1   e_col1    m_ini
22.1538    0.0800   0.8955   0.1043   2.3385
22.1417    0.0817   0.8649   0.1063   2.3270
22.1230    0.0734   0.6958   0.0967   2.3847
22.1423    0.0782   0.8324   0.1023   2.3501
22.0549    0.0782   0.8183   0.1023   2.3501
22.3329    0.0985   0.5864   0.1254   1.2977
22.4024    0.1116   0.6866   0.1400   1.2607
21.9749    0.0717   0.8032   0.0947   2.3963
21.8018    0.0627   0.6508   0.0841   2.4695
22.2572    0.0985   0.6337   0.1254   1.2977
22.0496    0.0664   0.6545   0.0885   2.4408
22.5969    0.1285   0.7096   0.1585   1.2212
22.5190    0.1060   0.4260   0.1338   1.2755
22.1152    0.0667   0.8200   0.0889   2.4316
21.8562    0.0630   0.7730   0.0844   2.4612
21.9226    0.0667   0.6477   0.0889   2.4316
21.9810    0.0639   0.7811   0.0855   2.4538
21.7694    0.0612   0.6598   0.0823   2.4760
21.5406    0.0499   0.5903   0.0686   2.6102
21.5668    0.0554   0.6265   0.0753   2.5361
21.8189    0.0612   0.6096   0.0823   2.4760
22.2575    0.0939   0.6134   0.1202   1.3125
22.0414    0.0765   0.6390   0.1004   1.3792
21.9959    0.0800   0.8742   0.1043   1.3644
21.4925    0.0465   0.6357   0.0644   2.6621
21.5609    0.0546   0.6700   0.0744   2.5352
21.4303    0.0457   0.5569   0.0634   2.6769
22.1941    0.0855   0.7181   0.1107   1.3421
21.6862    0.0528   0.6537   0.0721   2.5806
21.6118    0.0525   0.7176   0.0717   2.5575
22.1200    0.0836   0.6444   0.1085   1.3496
21.5870    0.0526   0.7049   0.0719   2.5806
21.8789    0.0782   0.4177   0.1023   1.3718
21.5809    0.0498   0.6212   0.0684   2.5871
22.0036    0.0706   0.2542   0.0935   1.4088
21.7641    0.0557   0.4258   0.0756   1.5065
21.5443    0.0492   0.4789   0.0677   2.5986
21.1579    0.0361   0.4738   0.0512   2.8643
21.2933    0.0417   0.5528   0.0584   2.7435
21.2131    0.0360   0.6065   0.0511   2.8694
21.3405    0.0427   0.5141   0.0596   2.7065
21.4031    0.0456   0.5933   0.0632   2.6389
21.5687    0.0498   0.4986   0.0685   2.5912
21.6900    0.0567   0.4699   0.0769   1.4979
21.0963    0.0341   0.4838   0.0486   2.9184
21.9261    0.0679   0.2685   0.0902   1.4236
21.9694    0.0679   0.4921   0.0902   1.4236
21.6685    0.0549   0.4296   0.0747   1.5129
21.2654    0.0394   0.5020   0.0554   2.7577
21.1770    0.0364   0.5328   0.0516   2.8268
21.5747    0.0490   0.3921   0.0674   1.5661
21.3733    0.0451   0.3590   0.0627   1.6088
21.6313    0.0534   0.5307   0.0728   1.5253
21.5886    0.0490   0.4060   0.0674   1.5661
21.5969    0.0497   0.2885   0.0684   1.5587
21.1329    0.0356   0.4477   0.0506   2.8301
21.6618    0.0513   0.4362   0.0703   1.5439
21.0510    0.0338   0.4461   0.0483   2.9157
21.2699    0.0381   0.4333   0.0538   2.7898
21.0875    0.0341   0.4147   0.0486   2.8591
21.3712    0.0425   0.3301   0.0594   1.6420
21.1084    0.0352   0.2896   0.0501   2.8170
20.6227    0.0253   0.3037   0.0370   3.2485
21.1101    0.0350   0.3957   0.0498   2.8286
20.7288    0.0274   0.3535   0.0398   3.1464
20.8127    0.0279   0.4202   0.0405   3.1240
21.2612    0.0415   0.2759   0.0581   1.6568
21.3431    0.0404   0.3159   0.0567   1.6716
20.8250    0.0278   0.3782   0.0403   3.1283
21.4399    0.0446   0.2885   0.0620   1.6150
20.6306    0.0255   0.2341   0.0372   3.2230
21.1798    0.0379   0.1773   0.0536   1.7134
21.2096    0.0377   0.2474   0.0532   1.7180
20.5657    0.0234   0.2311   0.0343   3.3618
21.0863    0.0340   0.1096   0.0485   1.7919
21.1277    0.0350   0.1262   0.0498   1.7697
21.1414    0.0353   0.1496   0.0503   1.7623
20.6696    0.0255   0.2175   0.0371   3.2326
20.6562    0.0249   0.2696   0.0364   3.2655
20.9521    0.0310   0.0819   0.0446   1.8660
20.4024    0.0217   0.1936   0.0320   3.4784
20.9750    0.0318   0.1165   0.0457   1.8438
20.8894    0.0299   0.0700   0.0432   1.8956
20.9234    0.0302   0.0668   0.0435   1.8882
20.5046    0.0229   0.1618   0.0336   3.3764
20.5832    0.0243   0.2025   0.0356   3.2822
21.0087    0.0321   0.1276   0.0461   1.8364
20.2703    0.0198   0.1320   0.0293   3.6438
20.7270    0.0272   0.1167   0.0395   1.9845
20.1324    0.0186   0.0694   0.0275   3.7912
20.4362    0.0224   0.1357   0.0329   3.3933
20.2199    0.0194   0.0853   0.0287   3.6780
20.8675    0.0294   0.0696   0.0425   1.9104
20.2127    0.0193   0.1141   0.0286   3.6905
20.5768    0.0244  -0.0515   0.0357   2.0955
20.3769    0.0212   0.1423   0.0312   3.4821
19.8952    0.0165  -0.0077   0.0244   4.0874
20.5433    0.0244   0.0122   0.0357   2.0955
20.6622    0.0262   0.0211   0.0382   2.0215
20.6740    0.0264   0.0483   0.0384   2.0141
20.5493    0.0235  -0.0223   0.0345   2.1364
19.8253    0.0158  -0.0176   0.0234   4.2091
20.5303    0.0236  -0.0799   0.0347   2.1303
20.0763    0.0180   0.0117   0.0266   3.8136
19.8397    0.0160  -0.0024   0.0237   4.1727
20.0662    0.0179   0.0074   0.0266   3.8148
20.3671    0.0213  -0.0475   0.0314   2.2529
19.8361    0.0157  -0.0502   0.0232   4.2151
20.3257    0.0213  -0.0996   0.0314   2.2529
20.3135    0.0207  -0.0867   0.0305   2.2895
20.3891    0.0217  -0.0798   0.0319   2.2307
20.2289    0.0193  -0.1526   0.0285   2.3815
20.3148    0.0204  -0.1143   0.0301   2.3080
20.1891    0.0193  -0.1668   0.0285   2.3815
20.2522    0.0199  -0.1187   0.0294   2.3374
20.2311    0.0198  -0.1608   0.0292   2.3472
19.3914    0.0131  -0.1434   0.0193   4.8554
20.0971    0.0181  -0.1882   0.0268   2.4739
19.4229    0.0132  -0.1686   0.0194   4.8323
20.1296    0.0187  -0.1100   0.0276   2.4277
19.9631    0.0172  -0.2023   0.0255   2.5468
19.3909    0.0132  -0.1441   0.0194   4.8236
19.4734    0.0136  -0.1545   0.0201   4.6630
19.3926    0.0131  -0.1886   0.0194   4.8065
19.5003    0.0137  -0.1654   0.0203   4.5899
19.4767    0.0136  -0.1667   0.0201   4.6239
19.4542    0.0135  -0.1326   0.0199   4.6180
19.7471    0.0152  -0.2535   0.0225   2.7536
19.4285    0.0133  -0.1681   0.0195   4.6866
19.7687    0.0155  -0.2572   0.0230   2.7170
19.0146    0.0116  -0.2310   0.0168   5.4227
19.5857    0.0142  -0.2559   0.0209   2.8880
19.2851    0.0126  -0.1776   0.0185   4.9016
19.4884    0.0137  -0.2703   0.0203   2.9502
19.0166    0.0115  -0.2754   0.0168   5.3843
19.2075    0.0123  -0.2382   0.0180   4.9626
18.6274    0.0104  -0.2868   0.0149   6.1076
18.9182    0.0113  -0.2564   0.0163   5.4964
19.2551    0.0126  -0.3211   0.0184   3.1447
19.2047    0.0122  -0.3032   0.0179   3.2068
19.1392    0.0121  -0.3335   0.0176   3.2416
18.4958    0.0101  -0.3160   0.0144   6.3180
18.9204    0.0113  -0.3248   0.0164   3.4141
18.6541    0.0105  -0.3067   0.0151   5.8619
18.1196    0.0095  -0.3525   0.0132   6.9189
18.2848    0.0098  -0.3421   0.0137   6.6000
18.3460    0.0098  -0.3391   0.0139   6.4405
18.7890    0.0109  -0.3520   0.0156   3.5269
18.1801    0.0095  -0.3591   0.0133   6.7799
18.5173    0.0102  -0.3812   0.0145   3.7309
18.2848    0.0097  -0.3824   0.0137   3.8714
18.1117    0.0094  -0.3931   0.0132   3.9769
17.3278    0.0086  -0.3876   0.0117   7.9450
17.6350    0.0089  -0.3583   0.0121   4.1932
16.6324    0.0083  -0.3220   0.0109   8.5655
16.9264    0.0084  -0.3648   0.0112   8.0906
15.1123    0.0080   1.9621   0.0103   9.0199
15.6999    0.0081   1.6123   0.0105   4.4938
