#mag    e_mag    col1   e_col1    m_ini
23.2709    0.0843   1.0860   0.1288   1.7538
23.2535    0.0823   0.8104   0.1260   1.7657
23.1801    0.0833   0.7450   0.1275   1.7593
23.3055    0.0841   1.0784   0.1285   1.7549
23.2166    0.0808   0.8083   0.1241   1.7743
23.2444    0.0836   1.0360   0.1278   1.7578
23.2816    0.0840   0.8700   0.1283   1.7556
23.2862    0.0841   0.9680   0.1285   1.7549
23.2664    0.0815   0.9024   0.1250   1.7700
23.3227    0.0815   0.9503   0.1250   1.7700
22.8711    0.0712   0.9976   0.1110   1.8292
23.6163    0.0995   0.8962   0.1489   0.9455
23.0166    0.0746   0.9074   0.1157   1.8140
22.9130    0.0651   0.9061   0.1025   1.8635
23.2286    0.0800   1.0722   0.1230   1.7786
23.3281    0.0908   0.6899   0.1374   0.9690
22.8844    0.0657   0.9231   0.1033   1.8604
23.2041    0.0785   1.1526   0.1210   1.7873
23.0517    0.0710   0.9020   0.1106   1.8335
22.8733    0.0635   0.8508   0.1003   1.8726
22.9190    0.0694   0.9233   0.1084   1.8397
23.4497    0.0946   0.9701   0.1425   0.9585
22.8383    0.0687   0.7414   0.1075   1.8432
23.2072    0.0848   0.9218   0.1295   0.9862
22.6807    0.0651   0.8576   0.1025   1.8635
22.9344    0.0696   1.0666   0.1087   1.8494
22.7888    0.0661   0.8608   0.1039   1.8690
23.4001    0.0874   0.7665   0.1329   0.9785
22.9620    0.0678   0.7840   0.1062   1.8628
23.3061    0.0946   0.9147   0.1425   0.9585
22.7963    0.0641   0.8538   0.1010   1.8696
22.8528    0.0687   0.8932   0.1075   1.8432
22.9057    0.0741   0.9023   0.1150   1.8126
22.7637    0.0641   0.8387   0.1010   1.8696
23.7754    0.1059   0.7734   0.1573   0.9292
23.3828    0.0908   0.8098   0.1374   0.9690
22.9465    0.0689   0.7859   0.1078   1.8515
23.3413    0.0808   0.8164   0.1241   0.9983
23.5836    0.1051   0.8312   0.1562   0.9313
22.8995    0.0700   0.8453   0.1093   1.8362
22.8464    0.0703   0.7565   0.1097   1.8432
23.0820    0.0772   0.8561   0.1192   1.7951
23.1989    0.0800   0.8176   0.1230   1.7786
22.9423    0.0725   0.8640   0.1127   1.8222
22.7325    0.0606   0.9020   0.0962   1.9070
22.9792    0.0775   0.7862   0.1196   1.7934
23.0130    0.0749   0.9557   0.1161   1.8079
22.7756    0.0676   0.7232   0.1060   1.8653
23.1974    0.0858   0.7713   0.1308   0.9831
23.5754    0.1004   0.7834   0.1501   0.9431
22.9200    0.0711   0.7860   0.1109   1.8321
23.2576    0.0871   0.7387   0.1325   0.9794
23.4042    0.0908   0.6946   0.1374   0.9690
23.1762    0.0725   0.8301   0.1127   1.8222
22.7030    0.0634   0.7355   0.1001   1.8968
22.7495    0.0635   1.0226   0.1003   1.8726
23.4033    0.0920   0.7156   0.1391   0.9655
22.8442    0.0687   0.8166   0.1075   1.8432
23.2602    0.0838   0.5909   0.1281   0.9892
22.8102    0.0687   0.7850   0.1075   1.8432
22.5322    0.0575   0.6349   0.0918   1.9451
23.6582    0.1166   0.9773   0.1710   0.9044
23.4303    0.0908   0.5396   0.1374   0.9690
22.8918    0.0681   0.8045   0.1067   1.8467
23.4215    0.0908   1.1722   0.1374   0.9690
23.6856    0.1022   0.7396   0.1525   0.9384
23.5900    0.1041   0.9651   0.1550   0.9337
23.4518    0.0920   0.7631   0.1391   0.9655
22.9179    0.0667   0.6270   0.1047   1.8548
22.8943    0.0651   0.8644   0.1025   1.8635
22.9550    0.0745   0.7987   0.1156   1.8128
22.8344    0.0694   0.8162   0.1084   1.8397
23.1411    0.0785   0.8266   0.1210   1.7873
22.7165    0.0584   0.8492   0.0931   1.9379
22.7704    0.0609   0.6829   0.0966   1.9151
22.6923    0.0601   0.8483   0.0954   1.9198
23.6323    0.0985   0.9504   0.1477   0.9479
22.8906    0.0675   0.9189   0.1058   1.8501
23.0857    0.0778   1.0596   0.1200   1.7916
23.5256    0.0883   1.0550   0.1342   0.9759
23.0612    0.0763   0.9682   0.1180   1.8001
23.7009    0.1066   0.7809   0.1582   0.9276
23.0671    0.0754   0.7624   0.1167   1.8055
23.0159    0.0760   0.8280   0.1176   1.8018
23.0542    0.0749   0.9793   0.1161   1.8079
23.1212    0.0818   0.7710   0.1254   0.9953
22.5556    0.0553   0.7225   0.0886   1.9192
22.2253    0.0481   0.6518   0.0781   2.0255
22.2850    0.0479   0.6189   0.0779   2.0288
22.6434    0.0557   0.8511   0.0892   1.9169
22.5454    0.0582   0.6356   0.0928   1.0782
22.4253    0.0515   0.7990   0.0831   1.9906
23.0538    0.0693   0.8777   0.1083   1.0361
22.7356    0.0631   0.7059   0.0997   1.0588
21.9780    0.0397   0.5869   0.0657   2.1219
22.3564    0.0488   0.8772   0.0791   2.0242
22.2086    0.0466   0.6753   0.0759   1.9709
22.7312    0.0637   0.8760   0.1005   1.0565
22.1361    0.0437   0.8185   0.0717   2.0419
23.1383    0.0780   0.6233   0.1203   1.0070
22.7380    0.0637   0.6898   0.1005   1.0565
22.9574    0.0711   0.7007   0.1108   1.0296
22.4716    0.0553   0.7436   0.0886   1.9192
22.6126    0.0574   0.8268   0.0917   1.0813
22.2596    0.0459   0.7020   0.0750   2.0526
22.7036    0.0615   0.7249   0.0974   1.8839
22.0824    0.0406   0.7407   0.0671   2.1103
22.9087    0.0681   0.7687   0.1067   1.0403
22.9211    0.0681   0.6395   0.1067   1.0403
22.3562    0.0496   0.8796   0.0803   1.9533
22.5432    0.0553   0.6924   0.0886   1.9302
22.7934    0.0662   0.5710   0.1040   1.0472
21.9101    0.0367   0.8169   0.0612   2.1540
22.5862    0.0549   0.9773   0.0881   1.9215
22.5995    0.0620   0.5996   0.0981   1.0631
22.4613    0.0541   0.7684   0.0869   1.9261
22.5630    0.0555   0.7162   0.0889   1.9592
22.5823    0.0547   0.7920   0.0878   1.9465
22.6085    0.0591   0.8119   0.0940   1.0746
22.7073    0.0603   0.8300   0.0958   1.0697
22.0738    0.0410   0.6514   0.0676   2.0980
23.0194    0.0731   0.6496   0.1135   1.0231
22.4844    0.0547   0.7659   0.0877   1.0927
22.3254    0.0472   0.7072   0.0769   1.9669
22.5356    0.0545   0.7106   0.0875   1.9238
22.6144    0.0591   0.8037   0.0941   1.8974
22.8362    0.0668   0.6237   0.1049   1.0449
22.2237    0.0462   0.7208   0.0753   2.0499
22.5957    0.0564   0.8180   0.0901   1.9130
22.9888    0.0711   0.8500   0.1108   1.0296
23.1479    0.0780   0.7585   0.1203   1.0070
22.5545    0.0574   0.6740   0.0917   1.0813
22.2781    0.0506   0.7060   0.0818   1.9818
22.5975    0.0591   0.6703   0.0941   1.8974
22.3151    0.0479   0.6143   0.0779   1.9628
22.5588    0.0593   0.7052   0.0944   1.0737
22.3128    0.0476   0.7108   0.0774   2.0365
22.6662    0.0583   0.8936   0.0929   1.9020
23.0353    0.0711   0.7840   0.1108   1.0296
22.6797    0.0603   0.6385   0.0958   1.0697
22.4682    0.0522   0.8053   0.0842   1.9374
23.0368    0.0798   0.7745   0.1227   1.0014
22.6058    0.0571   0.8055   0.0912   1.0828
22.6024    0.0571   0.5418   0.0912   1.0828
22.5522    0.0585   0.9319   0.0932   1.9268
22.6739    0.0649   0.7716   0.1023   1.0519
22.7506    0.0605   0.7599   0.0961   1.8893
22.8019    0.0625   0.7444   0.0988   1.8785
22.3290    0.0466   0.6487   0.0759   1.9709
22.4855    0.0550   0.6841   0.0882   1.0913
22.4433    0.0509   0.7446   0.0822   2.0053
22.4072    0.0509   0.6184   0.0823   1.9856
22.2966    0.0484   0.8870   0.0786   2.0102
22.3323    0.0484   0.6484   0.0787   1.9599
22.4151    0.0484   0.6991   0.0786   2.0282
22.6500    0.0610   0.7944   0.0968   1.8866
22.4487    0.0526   0.7074   0.0847   1.9352
21.8147    0.0358   0.6614   0.0597   2.1681
22.5844    0.0614   0.6355   0.0973   1.0653
22.2177    0.0484   0.6584   0.0787   1.9599
22.6851    0.0643   0.6034   0.1014   1.0542
22.2273    0.0463   0.8146   0.0756   1.9722
22.6301    0.0614   0.6885   0.0973   1.0653
22.7437    0.0598   0.6414   0.0950   1.0719
22.6427    0.0566   0.7086   0.0905   1.9117
22.4511    0.0542   0.6924   0.0870   1.9732
22.1218    0.0420   0.7053   0.0692   2.0856
22.2925    0.0499   0.7915   0.0807   1.9515
22.3897    0.0510   0.7504   0.0824   1.9466
22.5566    0.0542   0.6961   0.0870   1.9738
22.6882    0.0571   0.7527   0.0912   1.0828
22.2051    0.0479   0.7627   0.0778   2.0159
23.0276    0.0789   0.7808   0.1215   1.0043
22.2310    0.0466   0.6389   0.0759   1.9709
22.6075    0.0585   0.6545   0.0931   1.9227
22.9520    0.0731   0.6302   0.1135   1.0231
22.0455    0.0426   0.7634   0.0701   2.0586
22.5547    0.0537   0.5339   0.0863   1.0966
22.7320    0.0626   0.8431   0.0989   1.0609
21.9028    0.0380   0.7113   0.0631   2.1416
22.6276    0.0561   0.6765   0.0898   1.9145
22.4727    0.0507   0.9131   0.0820   1.9832
23.0821    0.0714   0.7747   0.1112   1.0287
22.4696    0.0550   0.6960   0.0882   1.0913
22.0550    0.0421   0.7074   0.0693   2.0940
22.2444    0.0489   0.7045   0.0793   2.0233
22.0324    0.0409   0.6684   0.0674   2.1083
22.1735    0.0446   0.7559   0.0731   2.0559
22.4378    0.0550   0.7829   0.0882   1.0913
22.8628    0.0643   0.5145   0.1014   1.0542
22.4972    0.0557   0.7308   0.0891   1.0885
22.4543    0.0534   0.6024   0.0859   1.0979
22.7343    0.0609   0.7712   0.0965   1.0675
22.5038    0.0504   0.8311   0.0815   1.9633
22.8171    0.0625   0.7976   0.0988   1.8785
22.7941    0.0649   0.6980   0.1023   1.0519
22.3774    0.0497   0.6502   0.0805   1.9524
22.6417    0.0615   0.7908   0.0974   1.8839
22.5733    0.0573   0.7342   0.0914   1.9147
22.5045    0.0516   1.0119   0.0832   1.9954
22.7395    0.0614   0.8174   0.0973   1.0653
22.2912    0.0480   0.7555   0.0780   2.0328
22.6544    0.0580   0.7203   0.0925   1.0791
23.2090    0.0780   0.4627   0.1203   1.0070
22.3052    0.0474   0.8280   0.0772   2.0284
22.6394    0.0582   0.6166   0.0928   1.0782
22.7751    0.0620   0.8259   0.0981   1.8812
22.4148    0.0527   0.7981   0.0848   1.9383
22.8018    0.0656   0.7601   0.1031   1.0496
22.7340    0.0583   0.7841   0.0929   1.9020
22.4535    0.0531   0.7378   0.0854   1.0992
22.4022    0.0497   0.6936   0.0805   2.0166
22.6070    0.0567   0.5843   0.0907   1.0842
22.4046    0.0504   0.6588   0.0816   1.9525
22.3256    0.0496   0.7500   0.0803   1.9998
23.0725    0.0722   0.8629   0.1124   1.0259
22.4915    0.0533   0.8134   0.0858   1.9308
22.6786    0.0580   0.8100   0.0924   1.9039
22.5905    0.0526   0.7899   0.0847   1.9352
22.6361    0.0591   0.8478   0.0940   1.0746
22.7789    0.0610   0.7607   0.0968   1.8866
22.3106    0.0482   0.5544   0.0784   1.9990
22.4144    0.0509   0.5374   0.0823   1.9946
22.9725    0.0719   0.7477   0.1120   1.0268
22.0800    0.0439   0.6702   0.0719   2.0701
22.5241    0.0542   0.7792   0.0871   1.9447
22.3608    0.0490   0.7135   0.0794   2.0180
21.9634    0.0391   0.7441   0.0647   2.1245
22.2455    0.0459   0.6549   0.0750   2.0526
22.8902    0.0675   0.6763   0.1058   1.0426
23.1713    0.0755   0.5457   0.1169   1.0150
22.4848    0.0528   0.7893   0.0850   1.1006
23.1350    0.0714   0.6739   0.1112   1.0287
22.7252    0.0656   0.7182   0.1031   1.0496
22.7577    0.0591   0.6495   0.0940   1.0746
21.6371    0.0307   0.8992   0.0520   1.1877
21.4071    0.0284   0.8151   0.0482   2.1385
21.6309    0.0310   1.0854   0.0524   1.1914
22.5254    0.0512   0.5926   0.0826   1.1072
22.1505    0.0444   0.8815   0.0727   1.1303
21.6321    0.0306   0.6813   0.0518   2.0825
22.2968    0.0492   0.7083   0.0797   1.1155
21.9830    0.0400   0.7056   0.0661   2.0820
21.7407    0.0337   0.6947   0.0566   2.1709
21.8863    0.0365   0.6257   0.0608   2.1478
21.6956    0.0315   0.7901   0.0531   1.1827
21.6325    0.0330   0.6328   0.0555   2.1829
21.1824    0.0234   0.7715   0.0402   2.2968
22.1414    0.0449   0.7498   0.0735   1.9804
21.7699    0.0348   0.6539   0.0582   2.1154
20.9695    0.0204   0.7265   0.0353   2.3481
21.1839    0.0238   0.7324   0.0408   2.3077
22.1814    0.0482   0.5088   0.0783   1.1190
22.0586    0.0417   0.6807   0.0687   1.1412
21.5833    0.0321   1.1865   0.0540   1.1943
21.6114    0.0308   0.8307   0.0520   1.1884
22.2477    0.0451   0.7362   0.0738   1.1283
21.5027    0.0289   0.6900   0.0491   2.1577
22.1175    0.0430   0.6969   0.0706   1.1359
21.6980    0.0319   1.3807   0.0538   1.2002
21.8072    0.0345   0.6841   0.0578   2.1825
21.4802    0.0283   0.9454   0.0480   2.0924
21.9440    0.0374   0.7453   0.0622   1.1595
21.7521    0.0333   0.6586   0.0559   2.1946
22.3605    0.0497   0.6010   0.0805   1.1136
22.3509    0.0482   0.5956   0.0783   1.1190
22.1345    0.0436   0.7376   0.0716   1.1333
21.6110    0.0310   0.7850   0.0523   2.2083
22.0423    0.0420   0.5854   0.0691   2.0541
22.4046    0.0506   0.5063   0.0818   1.1098
21.9397    0.0381   0.6269   0.0633   2.0128
22.0503    0.0403   0.7964   0.0666   2.0289
21.6045    0.0312   0.6850   0.0527   2.0758
21.6789    0.0327   1.3448   0.0549   1.1988
21.5736    0.0308   0.9692   0.0520   1.1901
21.3693    0.0277   0.8160   0.0471   2.2384
21.9193    0.0376   0.7640   0.0625   2.0343
21.1174    0.0216   0.7072   0.0372   2.3340
22.0384    0.0396   0.6806   0.0656   2.0936
21.7617    0.0343   0.6906   0.0575   2.1274
22.0815    0.0411   0.6550   0.0678   1.1439
22.1193    0.0430   0.6774   0.0706   1.1359
21.6746    0.0325   1.3060   0.0547   1.1993
21.5760    0.0304   0.7234   0.0515   2.2034
22.1692    0.0425   0.6298   0.0700   1.9932
21.3838    0.0269   0.9280   0.0459   2.1729
22.2271    0.0460   0.7187   0.0751   1.1258
22.5153    0.0525   0.6265   0.0846   1.1017
21.5929    0.0311   0.6827   0.0524   2.1339
21.6905    0.0319   0.6373   0.0538   2.1454
22.0132    0.0401   0.7323   0.0663   2.0765
21.4009    0.0263   1.1767   0.0450   2.2403
22.0597    0.0413   0.8842   0.0681   2.0284
21.6621    0.0324   1.1756   0.0546   1.1951
21.8506    0.0371   0.7491   0.0618   2.0181
21.5459    0.0294   0.6859   0.0498   2.2203
21.9937    0.0391   0.7207   0.0648   2.0075
22.1816    0.0429   0.7837   0.0704   1.9918
21.8259    0.0381   0.6259   0.0633   2.0128
21.7424    0.0333   0.5821   0.0559   2.0786
22.1062    0.0417   0.5821   0.0687   1.1412
22.3572    0.0486   0.6029   0.0789   1.1175
21.8960    0.0376   0.6335   0.0626   2.0155
21.4119    0.0270   0.6606   0.0461   2.2600
22.1088    0.0423   0.7458   0.0696   1.9965
21.8980    0.0366   0.6054   0.0610   2.1536
22.1436    0.0450   0.5618   0.0735   1.1287
21.6428    0.0312   0.7327   0.0527   2.0758
22.4237    0.0520   0.6603   0.0838   1.1039
21.6558    0.0330   1.2262   0.0554   1.1972
21.9958    0.0426   0.7085   0.0701   2.0446
21.8714    0.0360   0.6992   0.0601   1.1649
21.5171    0.0287   0.7477   0.0488   2.1142
21.7276    0.0330   0.7019   0.0555   2.0418
22.3054    0.0469   0.7625   0.0764   1.1231
21.7346    0.0335   0.7038   0.0563   1.1745
22.4489    0.0522   0.6867   0.0842   1.1028
22.0658    0.0417   0.6923   0.0687   1.1412
21.7737    0.0342   0.6303   0.0573   1.1722
21.9780    0.0390   0.7223   0.0646   1.1528
21.8133    0.0363   0.7108   0.0606   1.1638
21.7591    0.0351   0.6486   0.0587   2.1747
21.5885    0.0313   0.7913   0.0529   2.0593
21.8176    0.0355   0.7339   0.0593   1.1672
21.3560    0.0263   0.7292   0.0450   2.2371
22.0367    0.0417   0.6065   0.0687   1.1412
21.5867    0.0303   1.1178   0.0513   2.0786
22.1025    0.0436   0.6070   0.0716   1.1333
22.4226    0.0522   0.7651   0.0842   1.1028
22.0160    0.0386   0.6777   0.0640   1.1545
21.7324    0.0339   0.7078   0.0569   2.1564
21.5041    0.0299   0.6863   0.0506   2.1831
21.7940    0.0346   0.7313   0.0579   2.1547
21.9762    0.0382   0.6755   0.0634   1.1561
21.8124    0.0362   0.7437   0.0604   2.1100
21.7554    0.0333   0.7772   0.0560   1.1753
22.1046    0.0409   0.6217   0.0675   2.0116
21.5928    0.0308   0.9703   0.0520   1.1884
22.1711    0.0436   0.8409   0.0716   1.1333
21.2098    0.0239   0.7994   0.0411   2.2932
21.5505    0.0289   0.9158   0.0490   2.0657
21.2032    0.0242   0.7878   0.0415   2.2822
21.6237    0.0312   0.8110   0.0526   1.1843
21.7908    0.0349   0.6172   0.0584   1.1694
22.3497    0.0509   0.6658   0.0823   1.1083
21.3157    0.0260   0.6688   0.0445   2.2798
22.3221    0.0462   0.7602   0.0754   1.1251
21.8340    0.0352   0.6847   0.0588   1.1683
22.1597    0.0442   0.6916   0.0724   2.0083
21.2261    0.0242   1.0378   0.0415   2.3099
21.2259    0.0238   0.7313   0.0410   2.2990
21.8874    0.0363   0.8338   0.0606   1.1638
21.5358    0.0296   0.7529   0.0502   2.1384
21.9279    0.0374   0.7676   0.0622   2.0568
21.6054    0.0308   0.9401   0.0521   1.1904
21.8893    0.0378   0.8140   0.0628   2.0855
21.2550    0.0246   0.8713   0.0422   2.2591
21.4952    0.0283   0.6295   0.0480   2.2549
22.1224    0.0426   0.7660   0.0701   2.0365
21.4117    0.0274   0.9579   0.0467   2.1475
21.4897    0.0285   0.7249   0.0484   2.1729
21.7143    0.0325   1.2703   0.0547   1.1953
21.2584    0.0249   0.7140   0.0427   2.2833
21.6171    0.0313   0.8596   0.0527   1.1838
22.0161    0.0424   0.7256   0.0697   2.0122
21.4319    0.0271   0.8650   0.0462   2.1902
21.4394    0.0272   0.6554   0.0463   2.2658
21.7326    0.0344   0.6270   0.0575   2.1085
21.6223    0.0310   0.8707   0.0524   1.1853
21.9217    0.0371   0.6440   0.0618   2.0764
21.8354    0.0355   0.6996   0.0593   1.1672
21.8664    0.0366   0.6864   0.0610   1.1627
21.8317    0.0348   0.6972   0.0583   2.0304
22.1462    0.0443   0.6248   0.0726   1.1306
22.3389    0.0488   0.5078   0.0792   1.1169
21.7972    0.0329   0.7964   0.0554   1.1768
21.7060    0.0328   1.2574   0.0552   1.1984
21.5969    0.0312   0.8397   0.0526   1.1843
21.9067    0.0387   0.7697   0.0641   2.0731
21.7950    0.0352   0.6016   0.0589   2.1701
22.0347    0.0411   0.7888   0.0678   2.0716
21.7923    0.0346   0.7041   0.0580   1.1705
22.1629    0.0424   0.6091   0.0697   1.1386
21.9332    0.0367   0.6885   0.0611   2.1050
21.7606    0.0340   0.7804   0.0569   1.1730
21.4906    0.0284   1.0462   0.0483   2.1169
21.8565    0.0360   0.7839   0.0601   2.0320
21.7577    0.0348   0.6088   0.0582   2.1468
21.8069    0.0359   0.6307   0.0599   2.1014
21.5777    0.0306   0.6534   0.0518   2.1428
21.8620    0.0367   0.6617   0.0611   2.0208
21.8646    0.0366   0.7315   0.0610   1.1627
21.4907    0.0286   0.6074   0.0486   2.2370
21.9528    0.0382   0.6662   0.0634   1.1561
21.6328    0.0309   0.8294   0.0522   1.1862
21.7888    0.0340   0.6925   0.0569   1.1730
21.6880    0.0329   1.2445   0.0554   1.1970
21.8059    0.0348   0.6209   0.0582   2.1676
22.1633    0.0419   0.5723   0.0690   1.9961
21.9815    0.0399   0.6216   0.0660   1.1492
22.0909    0.0418   0.7099   0.0688   1.9967
22.4500    0.0503   0.5256   0.0813   1.1111
22.1793    0.0424   0.6932   0.0698   2.0493
21.6975    0.0322   0.7856   0.0542   1.1796
21.9887    0.0376   0.7571   0.0626   2.0155
22.1600    0.0448   0.7197   0.0733   1.1291
21.1695    0.0238   0.6651   0.0408   2.3062
22.2428    0.0446   0.6750   0.0730   1.9826
21.9468    0.0382   0.6513   0.0634   1.1561
21.7280    0.0327   1.1960   0.0550   1.1960
21.8712    0.0360   0.5778   0.0601   1.1649
22.0979    0.0409   0.7779   0.0675   2.0000
21.9809    0.0399   0.6405   0.0660   1.1492
21.6196    0.0312   0.7793   0.0526   1.1843
22.1529    0.0443   0.5846   0.0726   1.1306
22.1234    0.0424   0.6306   0.0697   1.1386
22.0476    0.0417   0.6550   0.0687   1.1412
21.8942    0.0385   0.8638   0.0639   2.0437
22.2855    0.0480   0.7607   0.0780   1.1197
21.2681    0.0246   1.1344   0.0422   2.3003
21.6019    0.0312   0.8674   0.0526   1.1843
21.4061    0.0273   0.7078   0.0466   2.2164
19.5678    0.0064   1.7325   0.0108   2.4227
20.9243    0.0200   1.5635   0.0347   1.2112
19.2514    0.0044   1.5770   0.0071   2.2799
21.4647    0.0281   1.3975   0.0478   1.2040
19.2930    0.0047   1.6231   0.0076   1.2349
21.3369    0.0252   1.3288   0.0432   2.2100
19.9614    0.0092   1.6978   0.0160   2.1529
18.9440    0.0029   2.0336   0.0041   1.2249
20.7138    0.0170   1.4614   0.0296   2.1371
21.4949    0.0286   1.4929   0.0486   1.2036
21.2119    0.0249   1.5067   0.0427   1.2069
21.5314    0.0306   1.5373   0.0517   1.2017
19.8822    0.0087   1.5600   0.0150   2.3361
20.4843    0.0144   1.6448   0.0252   1.2157
21.0126    0.0209   1.3647   0.0361   2.2126
19.3227    0.0049   1.8214   0.0079   2.2959
19.2369    0.0044   1.6298   0.0071   1.2368
21.3551    0.0271   1.3653   0.0462   2.0945
20.0664    0.0102   1.7444   0.0179   1.2188
19.1323    0.0038   1.8876   0.0059   2.2669
19.3099    0.0048   1.6300   0.0078   1.2335
18.8886    0.0026   2.0093   0.0035   2.2143
20.6940    0.0164   1.3282   0.0287   2.3045
20.3743    0.0129   1.6549   0.0226   1.2168
20.7573    0.0175   1.5142   0.0305   1.2132
19.4909    0.0059   1.7287   0.0100   2.3057
21.2945    0.0256   1.4900   0.0439   1.2063
18.9899    0.0031   1.9959   0.0045   2.0990
19.3168    0.0048   1.6061   0.0078   2.1727
20.5816    0.0153   1.2762   0.0268   2.3479
19.3265    0.0049   1.6314   0.0080   1.2323
19.2847    0.0046   1.6051   0.0074   2.1774
21.0359    0.0217   1.1928   0.0375   2.3083
20.2014    0.0113   1.5803   0.0198   2.2068
21.2100    0.0237   1.4363   0.0407   2.1321
17.7212   -0.0014   2.4422  -0.0048   1.2396
20.8464    0.0187   1.1443   0.0326   2.3770
20.4333    0.0137   1.3441   0.0241   2.3473
19.5750    0.0064   1.8591   0.0109   1.2214
19.2925    0.0047   1.5962   0.0076   2.2248
20.6584    0.0163   1.3437   0.0285   2.2820
20.9475    0.0198   1.3425   0.0343   2.2164
19.3264    0.0049   1.6057   0.0079   1.2328
20.8036    0.0181   1.5904   0.0315   1.2128
21.4814    0.0297   1.3720   0.0503   1.2025
18.5946    0.0014   2.1483   0.0010   2.1216
21.1389    0.0226   1.4042   0.0389   2.0822
19.8992    0.0088   1.7375   0.0153   2.1532
19.2304    0.0044   1.5196   0.0070   2.4002
19.2887    0.0046   1.5896   0.0075   2.1993
19.1448    0.0039   1.5760   0.0060   2.3469
20.7055    0.0168   1.6471   0.0293   1.2138
21.4948    0.0286   1.4827   0.0486   1.2036
19.3535    0.0050   1.6472   0.0083   1.2297
21.2847    0.0251   1.3951   0.0430   2.0796
18.3187    0.0004   2.1333  -0.0011   1.2392
21.4114    0.0271   1.4463   0.0463   1.2049
19.1669    0.0040   1.6859   0.0062   1.2382
19.2745    0.0046   1.6141   0.0074   1.2357
19.2114    0.0042   1.6605   0.0067   1.2375
19.1093    0.0037   1.5274   0.0057   2.4190
20.5125    0.0143   1.6402   0.0250   1.2158
20.7246    0.0172   1.4469   0.0300   2.4056
21.3665    0.0264   1.4810   0.0451   1.2056
19.3071    0.0048   1.6217   0.0078   1.2333
19.1966    0.0041   1.6480   0.0065   1.2379
21.1271    0.0231   1.4258   0.0397   2.0916
