#ID x y mag e_mag col1 e_col1 memb_prob sel
188349   7297.824000 2596.151000  20.7650   0.0110   0.6690   0.0160   0.6350      1
189663   7373.628000 2682.793000  20.2260   0.0380   0.8540   0.0540   0.5850      1
189578   7368.320000 2655.401000  20.2300   0.0320   0.8430   0.0500   0.5810      1
189194   7347.858000 2595.354000  20.5360   0.0100   0.8180   0.0160   0.5770      1
189739   7377.949000 2631.022000  20.1910   0.0210   0.9210   0.0320   0.5720      1
191410   7475.057000 2576.316000  18.9320   0.0070   1.5250   0.0100   0.5450      1
190833   7440.082000 2633.460000  19.0440   0.0050   1.2550   0.0220   0.5440      1
189806   7380.862000 2702.540000  20.4940   0.0200   0.9730   0.0240   0.5370      1
187756   7260.930000 2728.297000  19.0540   0.0050   1.4260   0.0150   0.5350      1
188431   7303.833000 2579.110000  18.9580   0.0040   1.5120   0.0060   0.5250      1
189581   7368.566000 2669.388000  20.3830   0.0280   0.7100   0.0330   0.5190      1
188215   7289.473000 2607.784000  20.5520   0.0100   0.4830   0.0120   0.5070      1
188113   7282.486000 2680.845000  20.6490   0.0120   0.9090   0.0180   0.5050      1
191890   7504.501000 2585.223000  19.0570   0.0080   1.3910   0.0110   0.5040      1
189227   7349.661000 2665.360000  20.3860   0.0300   1.1010   0.0520   0.4900      1
190660   7429.084000 2647.812000  18.9640   0.0050   1.5580   0.0080   0.4850      1
187993   7275.233000 2604.648000  21.0620   0.0120   0.6530   0.0180   0.4850      1
191185   7460.870000 2766.199000  20.6400   0.0130   0.5860   0.0170   0.4830      1
189583   7368.757000 2536.488000  20.6220   0.0110   1.3960   0.0160   0.4750      1
190817   7438.980000 2697.705000  20.8030   0.0150   0.5660   0.0220   0.4730      1
188499   7308.167000 2686.668000  20.6160   0.0130   1.3950   0.0210   0.4610      1
188296   7294.424000 2520.271000  18.9260   0.0040   1.4660   0.0060   0.4570      1
187980   7274.409000 2746.377000  20.8730   0.0190   0.6720   0.0650   0.4560      1
189301   7353.674000 2674.945000  20.8770   0.0410   0.8120   0.0740   0.4550      1
189325   7354.795000 2653.822000  20.7860   0.0500   0.7150   0.0630   0.4540      1
189571   7367.836000 2645.316000  20.7970   0.0480   0.7350   0.0620   0.4530      1
187503   7245.046000 2582.903000  20.7380   0.0340   0.6410   0.0560   0.4450      1
188773   7323.577000 2591.259000  21.0900   0.0190   0.6960   0.0360   0.4430      1
187246   7229.637000 2611.588000  18.9390   0.0050   1.4850   0.0090   0.4400      1
188996   7336.366000 2656.586000  20.8960   0.0210   0.8720   0.0510   0.4400      1
187971   7274.091000 2772.729000  21.1060   0.0230   0.6880   0.0270   0.4340      1
190431   7415.694000 2635.261000  20.9520   0.0160   0.9580   0.0500   0.4280      1
187602   7250.790000 2680.864000  20.0240   0.0120   2.5000   0.0490   0.4230      1
187760   7261.250000 2772.368000  21.0620   0.0140   0.8630   0.0180   0.4220      1
191831   7501.267000 2576.936000  20.9690   0.0150   0.9500   0.0250   0.4220      1
189735   7377.722000 2692.415000  21.0550   0.0170   0.8710   0.0250   0.4200      1
188826   7326.627000 2669.856000  20.9370   0.0220   0.7040   0.0280   0.4190      1
190501   7419.457000 2764.033000  22.4720   0.0550  -0.1100   0.0750   0.4160      1
187085   7218.996000 2603.338000  18.8830   0.0180   1.8450   0.0340   0.4140      1
189843   7382.507000 2793.055000  21.0920   0.0190   0.7270   0.0220   0.4130      1
187528   7246.774000 2567.063000  19.4260   0.0070   1.5040   0.0110   0.4110      1
189429   7360.818000 2616.725000  19.4150   0.0140   1.5090   0.0170   0.4090      1
189659   7373.336000 2648.354000  18.0610   0.0060   1.3800   0.0210   0.4070      1
191566   7483.833000 2713.403000  18.8510   0.0070   1.4100   0.0090   0.4010      1
190856   7441.655000 2590.017000  20.7080   0.0110   0.9470   0.0160   0.3960      1
188111   7282.431000 2715.209000  20.0120   0.0080   2.8430   0.0250   0.3940      1
189562   7367.529000 2663.856000  18.0310   0.0110   1.4240   0.0140   0.3930      1
188083   7281.216000 2570.960000  20.3230   0.0090   1.4790   0.0130   0.3920      1
189079   7341.085000 2548.604000  20.3170   0.0090   1.4670   0.0170   0.3910      1
189811   7381.349000 2504.626000  20.9660   0.0100   0.3430   0.0130   0.3910      1
188445   7304.585000 2587.765000  21.2610   0.0180   0.5060   0.0230   0.3870      1
189774   7379.394000 2684.311000  21.0770   0.0290   0.6350   0.0330   0.3820      1
192012   7511.310000 2663.510000  18.8870   0.0060   1.4720   0.0080   0.3770      1
188049   7278.903000 2770.998000  21.2920   0.0140   0.4810   0.0190   0.3730      1
190379   7413.034000 2658.245000  19.0540   0.0160   1.4760   0.0380   0.3720      1
190526   7420.664000 2619.206000  21.0210   0.0230   0.8210   0.0290   0.3710      1
190926   7446.470000 2662.739000  21.8110   0.0390  -0.0770   0.0640   0.3710      1
190231   7404.301000 2652.192000  19.0740   0.0050   1.4380   0.0080   0.3690      1
188166   7285.995000 2763.743000  21.1960   0.0210  -0.0620   0.0410   0.3690      1
189337   7355.655000 2576.300000  20.6670   0.0170   1.3830   0.0320   0.3660      1
188210   7289.210000 2755.458000  21.4350   0.0180  -0.0490   0.0300   0.3640      1
189635   7371.855000 2677.698000  18.9180   0.0090   1.4420   0.0260   0.3630      1
190873   7442.941000 2648.569000  20.9060   0.0110   1.4020   0.0220   0.3620      1
189548   7366.867000 2785.954000  18.9540   0.0050   1.4870   0.0090   0.3610      1
189043   7339.021000 2693.063000  21.1050   0.0150   0.3910   0.0230   0.3600      1
191167   7460.098000 2619.587000  18.8310   0.0050   1.8490   0.0080   0.3540      1
191946   7507.255000 2676.551000  21.4320   0.0310  -0.0150   0.0330   0.3530      1
192052   7513.398000 2599.072000  19.9750   0.0080   1.4210   0.0110   0.3520      1
188010   7276.246000 2732.391000  21.9210   0.0260   1.0870   0.0390   0.3510      1
190763   7435.857000 2744.884000  18.9240   0.0180   1.5790   0.0340   0.3490      1
189039   7338.956000 2641.451000  21.0540   0.0170   0.4250   0.0230   0.3480      1
189095   7342.103000 2609.543000  20.1340   0.0080   1.4070   0.0120   0.3460      1
189510   7364.769000 2814.619000  22.3710   0.0670  -0.0780   0.0840   0.3460      1
188571   7312.148000 2681.743000  20.8760   0.0120   0.5170   0.0140   0.3450      1
190113   7397.744000 2773.967000  21.3820   0.0160   0.5450   0.0210   0.3440      1
189701   7375.605000 2608.058000  21.4550   0.0190   0.0570   0.0210   0.3440      1
190167   7400.557000 2647.369000  21.2820   0.0220   0.5460   0.0350   0.3420      1
190274   7406.344000 2781.771000  19.0510   0.0560   1.2840   0.0560   0.3410      1
190588   7424.391000 2710.575000  21.5440   0.0210   0.5310   0.0280   0.3390      1
189170   7346.597000 2687.660000  21.4080   0.0180   0.5460   0.0250   0.3370      1
188685   7318.967000 2592.986000  21.2360   0.0180   0.5480   0.0240   0.3360      1
191441   7476.896000 2605.159000  21.5450   0.0280   0.5110   0.0330   0.3360      1
192080   7515.214000 2697.197000  21.4080   0.0190   0.5700   0.0220   0.3330      1
192008   7511.039000 2620.324000  20.9440   0.0250   0.6330   0.0300   0.3320      1
188834   7326.985000 2581.256000  21.5640   0.0200   0.5280   0.0270   0.3310      1
191949   7507.372000 2638.024000  23.1910   0.1120   1.9080   0.2020   0.3280      1
189780   7379.787000 2539.334000  18.2400   0.0040   2.1220   0.0060   0.3270      1
189798   7380.689000 2767.533000  20.9760   0.0100   0.4780   0.0140   0.3270      1
190186   7401.679000 2614.396000  21.5230   0.0250   0.5190   0.0310   0.3250      1
187757   7260.958000 2757.799000  21.4090   0.0220   0.5480   0.0260   0.3240      1
187962   7273.812000 2582.685000  21.4130   0.0170   0.5320   0.0220   0.3230      1
188177   7286.710000 2592.954000  21.2540   0.0180   0.5800   0.0210   0.3200      1
188673   7318.198000 2676.381000  20.8690   0.0140   0.3480   0.0160   0.3190      1
189242   7350.425000 2733.897000  21.2990   0.0200   0.5450   0.0250   0.3190      1
190101   7396.828000 2648.796000  21.6880   0.0230   0.1990   0.0540   0.3190      1
190064   7395.111000 2730.896000  23.0860   0.0750   1.8570   0.1980   0.3190      1
189617   7371.025000 2659.704000  16.9910   0.0160   1.3990   0.0180   0.3170      1
189096   7342.114000 2665.763000  19.0560   0.0060   1.5840   0.0510   0.3130      1
188071   7280.480000 2719.751000  21.1990   0.0200   0.7750   0.0280   0.3120      1
187439   7241.145000 2620.456000  22.4770   0.0620   0.0490   0.0850   0.3110      1
188935   7332.262000 2810.286000  22.0770   0.0320   0.2330   0.0380   0.3100      1
190592   7424.703000 2640.458000  21.9300   0.0570   1.2460   0.0700   0.3100      1
191743   7494.966000 2582.821000  21.1820   0.0200   0.0160   0.0240   0.3090      1
191451   7477.182000 2593.214000  21.1830   0.0180   0.7550   0.0220   0.3070      1
190219   7403.678000 2659.016000  21.5190   0.0270   0.5150   0.0370   0.3070      1
191938   7507.000000 2644.374000  21.3520   0.0210   1.4120   0.0310   0.2990      1
191590   7485.345000 2558.304000  21.4780   0.0200   0.2280   0.0230   0.2950      1
188002   7275.792000 2757.097000  21.4170   0.0190   0.5200   0.0240   0.2940      1
187705   7257.287000 2576.190000  20.9940   0.0410   0.7800   0.0440   0.2880      1
189634   7371.807000 2615.744000  21.5660   0.0340   0.5220   0.0470   0.2870      1
192068   7514.537000 2691.198000  21.0760   0.0160   0.5770   0.0190   0.2830      1
191117   7457.916000 2677.009000  21.2350   0.0150   0.8430   0.0210   0.2780      1
190399   7414.209000 2655.118000  21.0930   0.0560   0.6760   0.0910   0.2780      1
189267   7351.749000 2619.394000  21.2250   0.0190   0.5140   0.0270   0.2750      1
191793   7498.743000 2708.649000  22.2760   0.0310   0.9130   0.0480   0.2710      1
187369   7237.307000 2751.864000  21.1040   0.0450   0.8410   0.0480   0.2710      1
188953   7333.413000 2655.039000  21.2970   0.0430   0.5590   0.0640   0.2690      1
187729   7258.908000 2560.606000  22.2780   0.0320   0.8730   0.0500   0.2670      1
190545   7421.542000 2726.697000  18.4400   0.0040   1.5130   0.0070   0.2660      1
191523   7481.198000 2565.062000  22.2760   0.0350   0.8570   0.0530   0.2600      1
191281   7466.882000 2760.224000  22.2250   0.0430   0.9410   0.0590   0.2600      1
191008   7451.380000 2653.079000  22.2370   0.0450   0.9000   0.0720   0.2590      1
191284   7467.030000 2749.907000  22.2710   0.0410   0.8480   0.0500   0.2570      1
188231   7290.385000 2712.000000  21.9070   0.0340   0.8630   0.0430   0.2520      1
188781   7324.041000 2625.044000  22.7420   0.0810   1.6210   0.1430   0.2490      1
192004   7510.619000 2690.861000  22.2610   0.0430   0.8350   0.0700   0.2470      1
190257   7405.639000 2619.067000  22.2170   0.0470   0.8310   0.0620   0.2470      1
190561   7422.612000 2685.398000  22.1950   0.0350   0.8330   0.0590   0.2460      1
190912   7445.528000 2554.455000  22.2760   0.0420   0.8270   0.0560   0.2460      1
188505   7308.568000 2652.722000  22.2250   0.0300   0.7970   0.0470   0.2440      1
188305   7294.981000 2565.669000  22.1870   0.0380   0.8280   0.0520   0.2440      1
188952   7333.347000 2741.590000  21.9430   0.0270   0.8170   0.0540   0.2410      1
191644   7488.430000 2746.679000  22.3090   0.0420   0.8700   0.0530   0.2410      1
187248   7229.684000 2622.517000  22.2960   0.0380   0.9480   0.0570   0.2400      1
190904   7444.915000 2674.620000  22.1490   0.0400   0.8840   0.0490   0.2390      1
189440   7361.318000 2530.578000  21.9630   0.0350   0.8990   0.0960   0.2380      1
191824   7500.836000 2684.166000  22.1850   0.0430   0.8140   0.0630   0.2370      1
188107   7282.201000 2639.698000  22.1750   0.0470   0.9550   0.1090   0.2370      1
192061   7514.013000 2611.274000  21.9580   0.0320   0.7950   0.0450   0.2340      1
191290   7467.315000 2741.763000  22.1560   0.0340   0.8190   0.0430   0.2340      1
187017   7215.738000 2655.850000  22.2940   0.0460   0.8090   0.0560   0.2330      1
189713   7376.203000 2625.019000  21.9830   0.0460   0.9320   0.0640   0.2330      1
191855   7502.257000 2735.681000  21.9490   0.0270   0.7490   0.0370   0.2310      1
189407   7359.733000 2555.496000  22.1680   0.0370   0.7930   0.0480   0.2300      1
188554   7311.541000 2537.967000  21.9360   0.0310   0.7650   0.0370   0.2290      1
189317   7354.492000 2554.567000  22.2290   0.0420   0.7650   0.0570   0.2290      1
187201   7226.348000 2671.675000  22.2120   0.0350   0.7570   0.0490   0.2280      1
190757   7435.709000 2730.350000  22.2320   0.0390   0.7560   0.0490   0.2260      1
187329   7233.912000 2702.906000  22.2110   0.0370   0.7500   0.0850   0.2250      1
190069   7395.347000 2503.906000  22.1480   0.0390   0.8090   0.0570   0.2250      1
187560   7248.581000 2562.410000  22.2440   0.0530   0.7660   0.0650   0.2250      1
190256   7405.634000 2677.902000  21.9680   0.0380   0.7810   0.0540   0.2240      1
187946   7273.028000 2538.294000  22.2710   0.0330   0.7610   0.0730   0.2220      1
190446   7416.522000 2601.781000  22.2970   0.0780   0.8380   0.1110   0.2220      1
191121   7458.025000 2612.055000  22.3070   0.0460   0.7790   0.0570   0.2190      1
190338   7410.385000 2610.595000  22.3170   0.0600   0.8720   0.1210   0.2190      1
190843   7440.965000 2759.369000  22.3300   0.0340   0.8050   0.0470   0.2180      1
189300   7353.630000 2633.594000  22.1180   0.0410   0.8230   0.0500   0.2180      1
187290   7231.457000 2694.183000  22.1740   0.0360   0.7440   0.0480   0.2160      1
191495   7479.520000 2770.244000  22.2160   0.0410   0.7220   0.0500   0.2160      1
191423   7475.808000 2730.494000  22.2620   0.0430   0.7400   0.0540   0.2160      1
189326   7355.009000 2628.031000  22.2820   0.0620   0.7590   0.1120   0.2160      1
190870   7442.909000 2775.025000  22.3290   0.0600   0.7920   0.0680   0.2150      1
188990   7335.861000 2680.822000  22.0980   0.0810   0.8430   0.0950   0.2150      1
188928   7331.929000 2591.858000  22.4710   0.0390   0.8460   0.0600   0.2140      1
189290   7352.962000 2699.254000  21.9600   0.0230   0.7060   0.0340   0.2130      1
189061   7339.939000 2777.280000  21.9000   0.0310   0.8310   0.1120   0.2130      1
191045   7453.510000 2553.407000  21.9750   0.0510   0.7630   0.0610   0.2130      1
189010   7337.075000 2752.248000  22.2470   0.0540   0.7160   0.0950   0.2130      1
190261   7405.963000 2587.796000  21.9850   0.0360   0.7370   0.0440   0.2120      1
190603   7425.377000 2676.902000  22.1890   0.0390   0.7140   0.0470   0.2120      1
191105   7457.339000 2690.258000  22.2020   0.0400   0.6920   0.0660   0.2120      1
189327   7355.011000 2730.586000  22.1540   0.0600   0.7480   0.0700   0.2120      1
190135   7398.912000 2810.744000  22.4780   0.0420   0.8310   0.0560   0.2110      1
187519   7246.224000 2557.681000  22.4730   0.0390   0.8230   0.0540   0.2090      1
188329   7296.336000 2643.258000  21.9010   0.0290   0.7270   0.0400   0.2080      1
189944   7388.212000 2568.068000  22.1850   0.0320   0.6880   0.0410   0.2080      1
189904   7385.750000 2766.124000  22.2010   0.0330   0.6510   0.0440   0.2080      1
189459   7362.101000 2697.731000  22.0950   0.0620   0.8570   0.1140   0.2080      1
191239   7464.260000 2754.685000  22.2090   0.0350   0.6350   0.0460   0.2070      1
189155   7345.897000 2765.744000  22.1270   0.0370   0.7540   0.0460   0.2070      1
190675   7430.060000 2678.472000  21.9810   0.0400   0.7280   0.0510   0.2070      1
188691   7319.333000 2569.141000  22.4200   0.0400   0.8630   0.0560   0.2070      1
190325   7409.722000 2685.110000  22.2520   0.0500   0.6980   0.0590   0.2070      1
189186   7347.632000 2769.743000  22.3550   0.0440   0.7880   0.0670   0.2060      1
188110   7282.393000 2598.876000  22.0830   0.0490   1.4870   0.0770   0.1980      1
188316   7295.766000 2616.475000  22.9860   0.0710   1.4610   0.1370   0.1790      1
192002   7510.434000 2684.053000  22.9860   0.0640   0.7970   0.0850   0.1600      1
189362   7356.825000 2797.831000  22.9340   0.0580   0.7650   0.0960   0.1580      1
187536   7247.105000 2704.167000  22.9940   0.0690   0.8180   0.1170   0.1580      1
189015   7337.505000 2745.180000  22.9480   0.0720   0.7870   0.0980   0.1580      1
188001   7275.722000 2636.477000  23.1220   0.0720   0.6510   0.1030   0.1580      1
191993   7509.567000 2710.733000  23.3210   0.0940   1.3860   0.1780   0.1570      1
187083   7218.908000 2692.541000  19.8510   0.0070   0.0160   0.0080   0.5810      0
190519   7420.338000 2799.652000  19.8480   0.0070  -0.0110   0.0080   0.5580      0
189305   7353.883000 2782.316000  19.8300   0.0170  -0.0680   0.0180   0.4730      0
187828   7265.312000 2650.320000  19.7820   0.0070  -0.1030   0.0080   0.4650      0
189508   7364.716000 2631.428000  20.3280   0.0140   1.1160   0.0690   0.4610      0
188546   7311.233000 2575.500000  21.3230   0.0180   1.5540   0.0290   0.4320      0
190532   7420.899000 2606.917000  18.1200   0.0040   1.8180   0.0060   0.4200      0
189868   7383.708000 2663.662000  20.3620   0.0190   1.2590   0.0500   0.4170      0
190613   7426.025000 2634.958000  18.1480   0.0050   1.8140   0.0060   0.4160      0
189417   7360.313000 2706.724000  20.5720   0.0390   0.4590   0.0470   0.4140      0
190006   7391.723000 2715.020000  20.9060   0.0480   0.8840   0.0550   0.4120      0
189346   7355.947000 2644.463000  21.8790   0.0710  -0.1560   0.0810   0.4090      0
191670   7489.875000 2765.209000  19.1450   0.0050   1.7360   0.0100   0.3970      0
189837   7382.343000 2666.661000  20.6530   0.0480   0.8660   0.0570   0.3840      0
189953   7388.882000 2624.489000  19.1390   0.0060   1.6760   0.0110   0.3830      0
189553   7367.066000 2658.990000  20.6870   0.0590   0.5670   0.0770   0.3790      0
188190   7287.563000 2720.410000  20.2180   0.0110   0.2180   0.0310   0.3730      0
190164   7400.272000 2586.583000  20.3030   0.0110   1.3210   0.0160   0.3700      0
189460   7362.135000 2622.548000  20.9200   0.0130   1.3510   0.0280   0.3700      0
190892   7444.410000 2684.986000  20.5440   0.0200   1.1210   0.0270   0.3660      0
189561   7367.454000 2648.773000  20.6750   0.0710   0.5600   0.0850   0.3620      0
190777   7436.710000 2591.274000  20.1910   0.0100   0.1460   0.0110   0.3600      0
190773   7436.487000 2799.484000  19.7750   0.0400  -0.0270   0.0400   0.3600      0
188413   7302.279000 2765.513000  21.1170   0.0140   1.0070   0.0230   0.3540      0
189623   7371.425000 2646.034000  18.9010   0.0190   1.4110   0.0370   0.3390      0
190565   7422.763000 2743.565000  18.8420   0.0050   1.3690   0.0080   0.3340      0
189778   7379.746000 2801.666000  19.7630   0.0080   0.0880   0.0090   0.3340      0
188995   7336.308000 2684.501000  19.5540   0.0100   1.4800   0.0140   0.3340      0
189310   7354.064000 2542.328000  18.8910   0.0040   1.4230   0.0080   0.3330      0
188252   7291.733000 2668.359000  17.2740   0.0050   2.1830   0.0060   0.3330      0
186945   7210.976000 2674.916000  19.9040   0.0130  -0.0240   0.0150   0.3330      0
188841   7327.128000 2688.413000  21.0000   0.0350   0.9610   0.0410   0.3320      0
190085   7395.931000 2682.491000  18.8680   0.0060   1.4480   0.0090   0.3300      0
189470   7362.807000 2778.423000  19.2140   0.0070   1.4320   0.0090   0.3300      0
190477   7418.084000 2669.455000  19.4240   0.0080   1.5820   0.0140   0.3300      0
190662   7429.236000 2591.910000  20.1090   0.0130   1.3760   0.0160   0.3300      0
191786   7497.983000 2646.387000  16.3880   0.0080   3.1140   0.0090   0.3290      0
188720   7320.770000 2754.912000  21.8920   0.0460   1.0840   0.0650   0.3270      0
189719   7376.703000 2500.603000  21.1170   0.0120   0.8900   0.0180   0.3260      0
188633   7315.749000 2711.512000  21.8390   0.0580   1.2640   0.0690   0.3260      0
189030   7338.474000 2582.986000  21.0740   0.0130   1.0020   0.0260   0.3250      0
188455   7304.949000 2797.719000  20.3110   0.0090   0.1840   0.0270   0.3190      0
190772   7436.309000 2613.201000  21.0910   0.0260   0.4380   0.0310   0.3190      0
187572   7249.131000 2692.095000  19.8000   0.0090   1.7650   0.0390   0.3180      0
191903   7505.125000 2719.283000  20.9970   0.0160   0.4010   0.0180   0.3180      0
189579   7368.340000 2612.060000  20.5100   0.0200   0.4070   0.0250   0.3180      0
189801   7380.744000 2603.329000  20.9730   0.0310   0.3160   0.0450   0.3140      0
187476   7243.693000 2631.794000  21.2020   0.0170   1.2990   0.0260   0.3120      0
188425   7303.239000 2771.085000  20.8030   0.0130   0.0950   0.0150   0.3110      0
189603   7370.202000 2509.523000  21.8000   0.0240   1.1780   0.0350   0.3110      0
191128   7458.258000 2695.181000  20.5500   0.0310   0.6350   0.0340   0.3110      0
188372   7299.789000 2583.379000  18.7690   0.0060   1.8660   0.0080   0.3100      0
188868   7328.840000 2637.620000  18.6290   0.0140   1.7900   0.0150   0.3100      0
191900   7504.863000 2699.256000  21.0360   0.0270   0.4550   0.0290   0.3100      0
190689   7430.817000 2739.941000  17.9800   0.0040   1.2590   0.0060   0.3050      0
187349   7235.845000 2587.194000  21.1770   0.0140   1.0310   0.0270   0.3050      0
188272   7293.318000 2694.050000  21.1430   0.0140   0.8850   0.0190   0.3020      0
187182   7225.043000 2634.284000  21.6690   0.0250   0.2850   0.0290   0.3000      0
189487   7363.750000 2612.127000  18.6710   0.0070   1.7880   0.0110   0.2990      0
187023   7216.209000 2633.712000  20.4650   0.0090   1.4850   0.0140   0.2970      0
188884   7329.592000 2651.666000  21.5780   0.0240   0.4670   0.0400   0.2950      0
190804   7438.278000 2746.229000  22.4160   0.1250  -0.2010   0.1950   0.2950      0
190277   7406.556000 2597.861000  18.1610   0.0050   1.9220   0.0070   0.2930      0
191011   7451.732000 2637.498000  20.6340   0.0180   0.3290   0.0250   0.2930      0
187415   7240.223000 2697.180000  19.5520   0.0110  -0.0000   0.0120   0.2910      0
187833   7265.571000 2709.640000  20.8160   0.0130   0.4160   0.0160   0.2900      0
189649   7372.524000 2689.272000  20.7570   0.0140   1.0600   0.0250   0.2860      0
189695   7375.269000 2657.021000  18.9390   0.0210   1.2580   0.0270   0.2860      0
188830   7326.777000 2506.329000  17.0350   0.0070   2.2890   0.0100   0.2850      0
189601   7369.889000 2803.103000  18.4180   0.0070   1.3410   0.0100   0.2850      0
187332   7234.065000 2728.930000  21.3180   0.0170   1.0090   0.0250   0.2850      0
189355   7356.582000 2661.756000  20.3880   0.0180   0.5580   0.0330   0.2850      0
190031   7393.395000 2711.751000  21.0850   0.0450   0.3980   0.0520   0.2830      0
190004   7391.595000 2629.833000  19.1010   0.0480   1.3760   0.0490   0.2820      0
190762   7435.837000 2771.341000  19.8710   0.0050   1.6130   0.0100   0.2810      0
192037   7512.449000 2714.334000  20.9290   0.0210   0.2690   0.0220   0.2810      0
189960   7389.060000 2681.109000  21.9290   0.0940  -0.0610   0.1030   0.2810      0
189411   7359.828000 2653.974000  19.8640   0.0250   1.3740   0.0310   0.2800      0
187486   7244.180000 2658.419000  19.9190   0.0490   1.3930   0.0510   0.2790      0
187072   7218.519000 2642.040000  21.2970   0.0210   0.4550   0.0240   0.2780      0
191108   7457.628000 2670.380000  20.7030   0.0480   1.4720   0.0540   0.2780      0
189044   7339.100000 2701.995000  20.2640   0.0150   0.1140   0.0310   0.2760      0
189512   7364.815000 2806.952000  21.5800   0.0300   0.4560   0.0350   0.2750      0
188088   7281.409000 2636.384000  20.9570   0.0150   1.3560   0.0270   0.2740      0
188091   7281.542000 2741.154000  20.2740   0.0070   1.4420   0.0130   0.2730      0
190704   7431.745000 2558.413000  21.1410   0.0150   0.1400   0.0170   0.2730      0
189613   7370.774000 2796.575000  21.1260   0.0170   0.3300   0.0200   0.2730      0
187965   7273.870000 2792.353000  22.5790   0.0420   1.3360   0.0770   0.2730      0
189756   7378.483000 2598.403000  21.3160   0.0210   0.0300   0.0240   0.2710      0
188705   7320.249000 2506.109000  19.8530   0.0070   0.2570   0.0090   0.2700      0
190580   7423.751000 2593.532000  21.1220   0.0150   0.1220   0.0170   0.2700      0
189665   7373.792000 2685.417000  20.7810   0.0310   0.4760   0.0520   0.2690      0
190578   7423.640000 2612.859000  22.0720   0.0410   0.2580   0.0470   0.2690      0
189450   7361.754000 2663.397000  20.9760   0.0550   0.4950   0.0810   0.2690      0
187443   7241.596000 2591.095000  18.9830   0.0050   1.4270   0.0060   0.2680      0
189254   7351.175000 2658.257000  16.8770   0.0130   2.4910   0.0210   0.2680      0
189745   7378.178000 2635.110000  21.0510   0.0350   0.5550   0.0570   0.2680      0
189704   7375.713000 2664.136000  19.9260   0.0790   0.9260   0.0850   0.2680      0
189229   7349.923000 2547.750000  21.4850   0.0230   0.5050   0.0270   0.2650      0
188357   7298.720000 2729.609000  20.9890   0.0370   0.5280   0.0440   0.2640      0
191920   7505.971000 2595.394000  21.4540   0.0200   0.2830   0.0230   0.2630      0
188191   7287.606000 2648.237000  21.5150   0.0200   0.5530   0.0280   0.2630      0
190151   7399.701000 2659.317000  18.9620   0.0050   1.7520   0.0090   0.2620      0
188708   7320.341000 2659.198000  21.3950   0.0390   0.0080   0.0570   0.2620      0
188724   7320.988000 2686.205000  21.9940   0.0510   1.0750   0.0890   0.2600      0
189402   7359.409000 2589.781000  21.5400   0.0160   0.7240   0.0240   0.2580      0
190035   7393.638000 2685.484000  18.5000   0.0050   1.8440   0.0100   0.2540      0
192219   7523.377000 2699.412000  21.3660   0.0170   0.5130   0.0200   0.2540      0
190506   7419.623000 2520.950000  18.5160   0.0040   1.5240   0.0060   0.2530      0
190418   7415.167000 2619.504000  18.8270   0.0070   1.4150   0.0090   0.2530      0
189205   7348.201000 2810.918000  21.0430   0.0170   0.1520   0.0190   0.2530      0
187394   7238.769000 2677.288000  21.5340   0.0200   0.7550   0.0260   0.2530      0
190500   7419.409000 2723.929000  21.1630   0.0230   1.2820   0.0590   0.2530      0
191095   7456.576000 2626.959000  18.8090   0.0050   1.3200   0.0140   0.2500      0
189827   7381.912000 2658.918000  20.9090   0.0250   0.4900   0.0350   0.2490      0
189053   7339.562000 2563.539000  18.8360   0.0050   1.7420   0.0090   0.2480      0
189497   7364.147000 2676.901000  21.8660   0.0520   0.9460   0.0780   0.2480      0
189324   7354.787000 2614.437000  21.2380   0.0230   0.0480   0.0270   0.2470      0
190197   7402.568000 2698.167000  21.2380   0.0250   0.4800   0.0310   0.2470      0
190368   7412.121000 2807.745000  20.8800   0.0240  -0.0740   0.0260   0.2460      0
189026   7338.385000 2624.648000  21.4450   0.0280   0.2700   0.0440   0.2460      0
189065   7340.393000 2528.124000  19.3720   0.0050   1.9060   0.0830   0.2450      0
191024   7452.503000 2757.833000  21.0190   0.0150   0.1030   0.0400   0.2450      0
191444   7476.956000 2742.350000  22.2010   0.0360   0.9850   0.0690   0.2440      0
189251   7350.916000 2678.774000  21.1750   0.0490   0.7700   0.0530   0.2440      0
189757   7378.503000 2558.035000  18.9460   0.0070   1.3700   0.0110   0.2430      0
189151   7345.696000 2545.187000  21.2860   0.0190   0.8100   0.0250   0.2430      0
190562   7422.622000 2772.567000  21.6420   0.0290   0.3290   0.0360   0.2430      0
189431   7360.931000 2677.538000  21.4370   0.0430   0.5330   0.0470   0.2430      0
191111   7457.749000 2759.586000  18.8800   0.0060   1.7250   0.0080   0.2420      0
188828   7326.735000 2591.217000  21.5010   0.0340   0.2320   0.0450   0.2420      0
189416   7360.211000 2645.714000  21.5000   0.0430   0.0960   0.0620   0.2420      0
189844   7382.610000 2716.006000  20.9440   0.0510   0.3940   0.0720   0.2420      0
189148   7345.644000 2797.235000  21.4210   0.0230   0.5980   0.0290   0.2410      0
191316   7468.720000 2613.792000  21.6530   0.0220   0.7010   0.0280   0.2400      0
188492   7307.932000 2624.479000  19.4390   0.0120   0.1160   0.0130   0.2390      0
189259   7351.402000 2627.872000  20.8080   0.0270   0.2170   0.0280   0.2390      0
190243   7404.714000 2748.541000  21.1700   0.0200   1.2240   0.0360   0.2380      0
191007   7451.295000 2599.588000  21.5880   0.0250   0.5660   0.0290   0.2370      0
190058   7394.611000 2699.385000  20.8630   0.0150   1.1230   0.0190   0.2360      0
192051   7513.278000 2607.196000  21.5720   0.0230   0.3500   0.0260   0.2360      0
191782   7497.763000 2573.563000  21.5380   0.0400   0.5740   0.0440   0.2360      0
191191   7461.048000 2658.419000  21.1220   0.0130   1.3750   0.0230   0.2340      0
187690   7256.268000 2612.117000  21.7060   0.0420   0.2560   0.0760   0.2340      0
189420   7360.539000 2637.708000  21.2040   0.0430   0.7090   0.0470   0.2340      0
191124   7458.076000 2645.351000  21.6100   0.0530   0.4790   0.0680   0.2330      0
190467   7417.754000 2578.910000  21.3030   0.0180   0.2050   0.0230   0.2320      0
189445   7361.517000 2659.887000  20.8640   0.0250   0.2980   0.0600   0.2320      0
187589   7249.981000 2677.755000  21.3610   0.0470   0.4890   0.0530   0.2320      0
188944   7332.996000 2690.223000  22.3160   0.0510   0.8850   0.0670   0.2320      0
189461   7362.170000 2769.551000  21.4050   0.0590   0.2100   0.0620   0.2310      0
188565   7312.016000 2805.407000  21.6260   0.0230   0.6080   0.0280   0.2290      0
190054   7394.434000 2644.642000  21.6050   0.0310   0.5830   0.0540   0.2290      0
190845   7441.079000 2791.496000  21.6070   0.0600   0.4610   0.0680   0.2290      0
189909   7386.235000 2526.828000  20.7730   0.0120   1.4110   0.0180   0.2280      0
190966   7448.703000 2789.949000  21.6220   0.0210   0.6060   0.0330   0.2280      0
189697   7375.437000 2719.608000  21.6140   0.0220   0.6440   0.0260   0.2280      0
190108   7397.290000 2756.717000  21.6380   0.0220   0.7120   0.0610   0.2280      0
187838   7265.881000 2698.130000  21.6650   0.0250   0.7010   0.0300   0.2280      0
189123   7344.071000 2694.230000  21.7360   0.0690   0.1890   0.0720   0.2280      0
192280   7527.760000 2693.741000  21.6340   0.0250   0.6710   0.0310   0.2270      0
191755   7495.457000 2619.021000  22.2170   0.0410   1.0210   0.0700   0.2270      0
190413   7414.812000 2775.721000  21.7850   0.0230   0.6870   0.0320   0.2260      0
190192   7402.292000 2786.737000  21.6020   0.0260   0.5830   0.0320   0.2260      0
190201   7402.660000 2704.935000  21.6160   0.0260   0.3810   0.0320   0.2260      0
190068   7395.248000 2580.150000  21.3810   0.0290   0.2390   0.0510   0.2260      0
188341   7297.324000 2704.264000  21.3070   0.0340   0.0570   0.0360   0.2260      0
191414   7475.355000 2553.930000  22.1010   0.0500   0.3010   0.0550   0.2250      0
189705   7375.716000 2674.673000  21.2610   0.0580   0.6160   0.0980   0.2250      0
189482   7363.296000 2653.333000  21.3770   0.0240   0.2760   0.0430   0.2240      0
188263   7292.543000 2572.904000  21.6200   0.0370   0.5350   0.1070   0.2240      0
189089   7341.840000 2620.291000  18.7450   0.0050   1.5180   0.0190   0.2230      0
190823   7439.508000 2553.557000  22.4530   0.0360   0.9500   0.0540   0.2230      0
189244   7350.568000 2720.537000  21.8950   0.0390   0.9340   0.1670   0.2230      0
191813   7500.372000 2668.884000  21.6640   0.0220   0.7660   0.0300   0.2220      0
189224   7349.305000 2612.988000  21.6260   0.0290   0.5150   0.0790   0.2220      0
187976   7274.256000 2652.256000  20.8880   0.0140   0.0310   0.0150   0.2210      0
191259   7465.611000 2593.245000  21.8320   0.0220   0.7140   0.0300   0.2200      0
188136   7284.253000 2644.279000  22.1190   0.0480   0.9670   0.0610   0.2200      0
190120   7398.115000 2542.405000  21.6270   0.0460   0.5860   0.0510   0.2190      0
189135   7344.868000 2601.288000  18.7640   0.0050   1.7350   0.0080   0.2180      0
190225   7403.945000 2563.102000  21.6150   0.0430   0.3720   0.0510   0.2180      0
187816   7264.252000 2782.176000  22.4980   0.0460   0.9500   0.0640   0.2180      0
188666   7317.817000 2667.130000  19.5100   0.0160   1.4520   0.0890   0.2170      0
190644   7428.270000 2687.513000  21.6160   0.0540   0.3180   0.0580   0.2160      0
189667   7373.842000 2819.292000  20.6980   0.0130   0.2640   0.0150   0.2140      0
187846   7266.069000 2734.790000  21.7480   0.0220   0.7800   0.0330   0.2140      0
190393   7413.751000 2674.787000  22.4670   0.0480   0.9090   0.0820   0.2140      0
190078   7395.707000 2715.209000  22.0000   0.0690   0.8780   0.0950   0.2140      0
189073   7340.826000 2645.191000  22.3570   0.0590   0.9010   0.0790   0.2130      0
188888   7329.912000 2698.031000  18.7680   0.0060   1.6260   0.0080   0.2120      0
190718   7432.811000 2680.103000  21.3230   0.0210   0.5950   0.0540   0.2120      0
191248   7464.777000 2702.767000  21.5500   0.0250   0.7150   0.0500   0.2120      0
188772   7323.525000 2541.936000  21.5480   0.0300   1.4250   0.0780   0.2120      0
188694   7319.422000 2654.893000  21.2690   0.0340   0.8240   0.0860   0.2120      0
191847   7502.062000 2628.980000  22.4760   0.0570   0.9000   0.0790   0.2120      0
190774   7436.542000 2644.120000  21.4590   0.0190   0.4790   0.0300   0.2110      0
187405   7239.439000 2701.557000  22.4790   0.0520   0.9100   0.0900   0.2110      0
191303   7467.930000 2681.041000  22.0990   0.0280   0.9070   0.0400   0.2100      0
190029   7393.370000 2779.093000  21.8070   0.0290   0.2230   0.0340   0.2100      0
190118   7398.084000 2617.185000  21.8340   0.0340   0.7190   0.0410   0.2100      0
189009   7336.983000 2735.441000  18.5510   0.0040   1.3680   0.0080   0.2090      0
187345   7235.426000 2576.928000  21.1380   0.0180   0.4260   0.0560   0.2090      0
190297   7408.093000 2763.328000  21.6690   0.0200   0.5710   0.0300   0.2090      0
189913   7386.442000 2673.657000  21.2660   0.0310   0.6750   0.0360   0.2090      0
187440   7241.324000 2722.536000  20.9630   0.0150   0.1800   0.0170   0.2080      0
188783   7324.328000 2655.881000  21.5450   0.0210   0.6720   0.0370   0.2080      0
188313   7295.413000 2663.824000  20.7560   0.0250   0.1470   0.0280   0.2080      0
187297   7231.874000 2745.020000  22.3230   0.0770   0.9260   0.1940   0.2080      0
190863   7442.287000 2527.475000  20.4550   0.0120   1.3340   0.0390   0.2070      0
189041   7339.000000 2632.124000  21.5400   0.0280   0.1580   0.0360   0.2070      0
189989   7390.892000 2586.457000  21.7690   0.0390   0.7260   0.0570   0.2070      0
190217   7403.520000 2715.550000  21.8690   0.0310   0.7150   0.0380   0.2060      0
187755   7260.908000 2709.429000  22.3640   0.0410   0.8900   0.0600   0.2060      0
189533   7365.984000 2763.620000  22.4470   0.0500   0.8440   0.0690   0.2060      0
189128   7344.247000 2697.141000  22.2990   0.1100   0.7430   0.1570   0.2060      0
190485   7418.419000 2674.893000  22.3710   0.1320   0.9750   0.1380   0.2060      0
187215   7227.441000 2665.330000  21.6820   0.0190   0.5480   0.0250   0.2050      0
188036   7277.788000 2694.776000  21.5700   0.0210   0.6470   0.0260   0.2050      0
191684   7490.838000 2687.717000  21.8640   0.0270   0.7030   0.0360   0.2050      0
187989   7274.941000 2558.592000  22.0430   0.0330   1.1170   0.1020   0.2050      0
188531   7310.145000 2754.606000  22.2410   0.0410   0.6670   0.0530   0.2050      0
190948   7447.626000 2652.931000  22.4200   0.0430   0.8620   0.0690   0.2050      0
188788   7324.487000 2650.180000  22.3940   0.0580   0.1270   0.0810   0.2050      0
188881   7329.530000 2792.611000  21.7710   0.0250   0.7810   0.0310   0.2040      0
189260   7351.480000 2808.531000  22.2510   0.0290   0.6790   0.0470   0.2040      0
189055   7339.645000 2637.630000  21.8060   0.0300   0.6690   0.0450   0.2040      0
189699   7375.541000 2787.736000  22.1780   0.0340   0.6790   0.0470   0.2040      0
190750   7435.052000 2805.937000  22.3430   0.0380   0.7360   0.0540   0.2040      0
191386   7473.991000 2770.833000  22.3610   0.0390   0.7900   0.0520   0.2040      0
187780   7262.390000 2630.318000  22.2280   0.0420   0.6320   0.0510   0.2040      0
189587   7368.945000 2694.864000  21.7540   0.0430   0.7030   0.0500   0.2040      0
189143   7345.387000 2629.320000  22.1300   0.0440   0.3230   0.0560   0.2040      0
188359   7299.100000 2626.723000  21.9600   0.0470   0.7280   0.0690   0.2040      0
191878   7503.600000 2701.815000  22.2830   0.1080   0.7180   0.1840   0.2040      0
191911   7505.522000 2723.581000  21.6450   0.0220   0.5000   0.0300   0.2030      0
191018   7452.268000 2672.968000  21.8470   0.0260   0.8840   0.1010   0.2030      0
190983   7449.592000 2578.699000  22.0610   0.0400   0.7710   0.0470   0.2030      0
191559   7483.488000 2677.197000  22.4400   0.0450   0.8270   0.0620   0.2030      0
187954   7273.558000 2675.356000  22.0400   0.0480   0.7910   0.0650   0.2030      0
190759   7435.772000 2719.580000  22.4950   0.0490   1.0190   0.0720   0.2030      0
191558   7483.449000 2642.283000  22.5260   0.0570   0.9090   0.0810   0.2030      0
188794   7324.814000 2685.491000  21.9680   0.0610   0.7590   0.0920   0.2030      0
188976   7335.170000 2546.955000  22.7030   0.1080   1.3280   0.1620   0.2030      0
190376   7412.852000 2803.924000  19.0070   0.0240   1.4470   0.0250   0.2020      0
190667   7429.535000 2629.374000  22.0370   0.0350   0.7800   0.0500   0.2020      0
191246   7464.756000 2641.643000  21.5610   0.0940   0.2650   0.0950   0.2020      0
189946   7388.357000 2779.546000  21.1920   0.0150   0.6660   0.0340   0.2010      0
190560   7422.597000 2577.707000  22.3630   0.0320   0.6540   0.0500   0.2010      0
191225   7463.350000 2566.371000  22.0920   0.0340   0.7430   0.0450   0.2010      0
188059   7279.711000 2668.173000  21.5580   0.0360   0.6490   0.0430   0.2010      0
187724   7258.718000 2613.351000  22.3100   0.0470   0.6620   0.1510   0.2010      0
189773   7379.356000 2670.323000  21.2660   0.0520   0.7180   0.0660   0.2010      0
188409   7302.144000 2564.246000  22.5120   0.0630   0.8670   0.0800   0.2010      0
190908   7445.114000 2527.309000  22.2420   0.0750   0.6260   0.1390   0.2010      0
190566   7422.856000 2706.604000  21.3020   0.0180   0.6230   0.0240   0.2000      0
189934   7387.742000 2758.591000  21.7310   0.0290   0.7060   0.0350   0.2000      0
189972   7389.796000 2670.772000  21.7710   0.0340   0.7750   0.0500   0.2000      0
191798   7499.140000 2755.120000  22.2400   0.0350   0.5570   0.0420   0.2000      0
189753   7378.458000 2619.954000  22.2530   0.0350   0.6010   0.0500   0.2000      0
190076   7395.654000 2660.487000  21.7290   0.0400   0.7330   0.0560   0.2000      0
189804   7380.838000 2551.395000  22.3420   0.0430   0.6980   0.0510   0.2000      0
188411   7302.155000 2604.247000  21.8690   0.0510   0.7690   0.0710   0.2000      0
190647   7428.368000 2664.550000  22.3750   0.0560   0.7590   0.0690   0.2000      0
190473   7417.855000 2640.753000  22.5430   0.0600   1.3170   0.1950   0.2000      0
189992   7391.074000 2555.460000  21.8520   0.0280   0.8570   0.0930   0.1990      0
188299   7294.726000 2542.423000  21.7320   0.0330   0.6950   0.0390   0.1990      0
190250   7405.369000 2569.936000  22.3760   0.0420   0.7400   0.0570   0.1990      0
189280   7352.322000 2686.632000  22.2590   0.0440   0.6300   0.0640   0.1990      0
189058   7339.812000 2677.424000  22.1970   0.0480   0.6170   0.0570   0.1990      0
189291   7353.037000 2601.435000  22.4420   0.0500   0.8070   0.0630   0.1990      0
189203   7348.132000 2651.769000  21.5710   0.0540   0.1270   0.0840   0.1990      0
188620   7315.060000 2593.772000  22.4780   0.0550   0.8190   0.0840   0.1990      0
189288   7352.810000 2721.004000  21.6620   0.0620   0.3710   0.0980   0.1990      0
187814   7264.027000 2583.403000  21.8980   0.0280   0.7010   0.0400   0.1980      0
191655   7489.199000 2649.546000  21.5260   0.0300   0.2870   0.0330   0.1980      0
189857   7383.350000 2597.520000  21.8730   0.0310   0.7020   0.0450   0.1980      0
189138   7345.199000 2552.306000  22.0980   0.0400   0.7300   0.0510   0.1980      0
190038   7393.670000 2722.819000  22.3760   0.0430   0.6840   0.0560   0.1980      0
190312   7408.879000 2584.624000  22.4770   0.0490   0.8010   0.0660   0.1980      0
191516   7480.743000 2578.155000  21.9230   0.0510   0.7130   0.0690   0.1980      0
189577   7368.259000 2773.142000  22.3860   0.0620   0.7570   0.0750   0.1980      0
187767   7261.645000 2553.364000  22.0780   0.0720   0.7440   0.0920   0.1980      0
187639   7253.528000 2557.018000  22.0240   0.0300   0.8460   0.0380   0.1970      0
187682   7255.976000 2605.584000  22.1960   0.0420   0.5770   0.0520   0.1970      0
190886   7443.791000 2799.292000  22.3370   0.0420   0.6710   0.0570   0.1970      0
188971   7334.896000 2675.673000  22.3000   0.0440   0.6760   0.0550   0.1970      0
191093   7456.494000 2657.705000  22.3930   0.0450   0.9620   0.0740   0.1970      0
191823   7500.779000 2701.716000  22.3920   0.0480   0.3610   0.0590   0.1970      0
190661   7429.200000 2651.947000  22.2710   0.0590   0.6130   0.0780   0.1970      0
190165   7400.280000 2695.012000  22.1770   0.0640   0.6480   0.0790   0.1970      0
188254   7291.780000 2658.062000  22.0360   0.0710   0.7480   0.0960   0.1970      0
188890   7329.998000 2599.012000  21.3460   0.0210   0.4780   0.0300   0.1960      0
187945   7273.011000 2568.251000  22.3930   0.0350   0.5950   0.0440   0.1960      0
189648   7372.499000 2692.393000  21.5560   0.0450   0.3160   0.0520   0.1960      0
189171   7346.681000 2726.919000  22.3810   0.0470   0.6730   0.0690   0.1960      0
190036   7393.665000 2671.718000  22.1960   0.0490   0.5870   0.0850   0.1960      0
189193   7347.805000 2645.347000  21.4540   0.0680   0.2930   0.0790   0.1960      0
190563   7422.647000 2671.969000  22.3960   0.0380   0.6880   0.0570   0.1950      0
189182   7347.513000 2621.812000  22.3880   0.0460   0.6920   0.0720   0.1950      0
191429   7476.200000 2721.347000  22.3870   0.0470   0.6610   0.0680   0.1950      0
191630   7488.073000 2742.074000  22.6720   0.0590   1.1840   0.0930   0.1950      0
190344   7410.898000 2619.084000  22.1110   0.0760   0.7000   0.0890   0.1950      0
190725   7433.471000 2747.456000  22.3610   0.1440   1.0860   0.1680   0.1950      0
189716   7376.332000 2603.083000  21.4940   0.0210   0.7490   0.0330   0.1940      0
188751   7322.427000 2682.844000  21.5140   0.0360   0.6170   0.0700   0.1940      0
191930   7506.540000 2599.422000  22.3330   0.0400   0.6370   0.0600   0.1940      0
190260   7405.931000 2758.070000  22.4240   0.0430   0.4340   0.0730   0.1940      0
190106   7397.182000 2643.134000  22.1430   0.0470   0.6640   0.0940   0.1940      0
187262   7230.093000 2678.726000  22.2370   0.0610   0.5670   0.0670   0.1940      0
188452   7304.773000 2636.492000  22.3930   0.0660   0.6700   0.1400   0.1940      0
188244   7290.987000 2662.457000  18.6840   0.0070   1.4230   0.0090   0.1930      0
191479   7479.036000 2687.945000  21.7640   0.0220   0.6500   0.0280   0.1930      0
190444   7416.395000 2814.873000  21.5090   0.0220   0.8480   0.0300   0.1930      0
188593   7313.554000 2527.995000  21.7390   0.0270   0.6690   0.0340   0.1930      0
189480   7363.251000 2738.955000  22.0940   0.0310   0.7190   0.0670   0.1930      0
191712   7493.373000 2576.707000  22.0510   0.0320   0.8580   0.0580   0.1930      0
187728   7258.891000 2607.391000  22.0780   0.0330   0.7940   0.1210   0.1930      0
191264   7466.206000 2735.623000  22.4020   0.0430   0.6120   0.0540   0.1930      0
189810   7381.260000 2624.875000  22.3560   0.0470   0.5870   0.0800   0.1930      0
187753   7260.848000 2674.672000  20.8720   0.0510   0.1700   0.0530   0.1930      0
186859   7205.892000 2666.111000  22.3280   0.0540   0.6050   0.0640   0.1930      0
188967   7334.513000 2802.479000  22.3330   0.0690   0.5920   0.0750   0.1930      0
190278   7406.817000 2515.144000  22.3610   0.0780   0.6360   0.0840   0.1930      0
189531   7365.881000 2600.634000  21.6990   0.0320   0.7740   0.0450   0.1920      0
187972   7274.110000 2698.838000  22.3280   0.0370   0.6310   0.0520   0.1920      0
189408   7359.752000 2743.970000  22.4040   0.0440   0.6920   0.0570   0.1920      0
190205   7402.879000 2693.082000  21.9330   0.0450   0.6920   0.0730   0.1920      0
190868   7442.871000 2656.142000  22.4020   0.0470   0.6800   0.0600   0.1920      0
189115   7343.470000 2770.975000  22.5260   0.0540   0.8120   0.0710   0.1920      0
189545   7366.778000 2758.763000  22.4440   0.0610   0.7770   0.1610   0.1920      0
188196   7288.085000 2659.059000  22.3110   0.0840   0.5610   0.1110   0.1920      0
190780   7436.824000 2735.757000  22.0550   0.0290   0.3530   0.0390   0.1910      0
189881   7384.402000 2676.928000  21.3640   0.0290   0.6450   0.0560   0.1910      0
189266   7351.715000 2820.728000  22.4220   0.0430   0.5290   0.0590   0.1910      0
188871   7328.999000 2772.899000  22.5480   0.0470   0.8330   0.0640   0.1910      0
188611   7314.595000 2583.753000  22.5250   0.0480   0.7950   0.0620   0.1910      0
187575   7249.306000 2728.099000  22.4260   0.0510   0.4590   0.0640   0.1910      0
189145   7345.515000 2674.385000  22.0640   0.0530   0.7110   0.0660   0.1910      0
188046   7278.547000 2781.643000  21.9560   0.0250   0.6710   0.0350   0.1900      0
190170   7400.730000 2749.207000  22.2880   0.0420   0.5560   0.0500   0.1900      0
188646   7316.532000 2637.170000  22.2900   0.0430   0.5580   0.0600   0.1900      0
189106   7342.540000 2574.333000  22.4400   0.0480   0.4850   0.0580   0.1900      0
186871   7206.712000 2661.490000  22.5550   0.0540   0.9250   0.1000   0.1900      0
189970   7389.656000 2704.473000  21.7560   0.0560   0.2690   0.0610   0.1900      0
190154   7399.822000 2654.425000  22.4050   0.0660   0.6780   0.0890   0.1900      0
189951   7388.659000 2610.247000  21.3630   0.0700   0.6730   0.1380   0.1900      0
187510   7245.683000 2655.464000  22.3120   0.1580   0.5920   0.1650   0.1900      0
189241   7350.388000 2712.826000  22.2970   0.0290   0.3700   0.0370   0.1890      0
190062   7394.879000 2527.472000  22.0340   0.0350   0.7040   0.0430   0.1890      0
192250   7526.123000 2642.656000  22.1940   0.0370   0.5300   0.0670   0.1890      0
190498   7419.260000 2750.090000  22.1470   0.0440   0.6450   0.0530   0.1890      0
188540   7310.693000 2647.471000  22.4840   0.0490   0.7710   0.0690   0.1890      0
189093   7341.933000 2585.720000  22.4080   0.0560   0.5990   0.0940   0.1890      0
191044   7453.444000 2614.946000  22.5660   0.0610   0.9320   0.0710   0.1890      0
189104   7342.369000 2522.662000  22.4780   0.0720   0.7750   0.0870   0.1890      0
190749   7435.050000 2569.164000  22.6250   0.0750   1.2250   0.1730   0.1890      0
189519   7365.231000 2782.125000  22.4030   0.0850   0.6370   0.0990   0.1890      0
188476   7307.006000 2638.906000  21.8220   0.0320   0.6510   0.0400   0.1880      0
192128   7517.912000 2716.404000  22.3060   0.0400   0.5520   0.0510   0.1880      0
189825   7381.896000 2740.662000  22.3440   0.0410   0.5430   0.0540   0.1880      0
187185   7225.208000 2587.330000  22.0710   0.0470   0.6970   0.0540   0.1880      0
192180   7521.295000 2690.755000  22.2450   0.0480   0.5220   0.0720   0.1880      0
189521   7365.251000 2506.010000  22.4140   0.0570   0.6390   0.0640   0.1880      0
190142   7399.261000 2705.381000  21.9120   0.0580   0.6880   0.0750   0.1880      0
188304   7294.979000 2688.466000  22.3710   0.0660   0.4910   0.0720   0.1880      0
188726   7321.278000 2734.137000  21.5860   0.0400   0.7570   0.0720   0.1870      0
187743   7260.036000 2601.607000  22.5280   0.0440   0.7790   0.0580   0.1870      0
189985   7390.520000 2776.804000  22.1760   0.0550   0.5470   0.0810   0.1870      0
188285   7293.740000 2601.309000  21.6850   0.0260   0.5990   0.0310   0.1860      0
191361   7472.434000 2719.671000  22.4450   0.0430   0.7390   0.0740   0.1860      0
191104   7457.323000 2648.035000  21.6190   0.0470   0.7690   0.0790   0.1860      0
188698   7319.675000 2547.409000  20.5870   0.0120  -0.0390   0.0200   0.1850      0
190672   7429.914000 2704.995000  22.1510   0.0360   0.5030   0.0430   0.1850      0
191012   7451.795000 2800.355000  22.0820   0.0380   0.6890   0.0750   0.1850      0
190430   7415.606000 2714.330000  22.5530   0.0410   0.8050   0.0610   0.1850      0
189447   7361.561000 2569.503000  22.4570   0.0490   0.5120   0.0570   0.1850      0
189140   7345.284000 2656.730000  21.7360   0.0620   0.7520   0.1030   0.1850      0
189384   7358.623000 2727.872000  22.4990   0.0710   1.4540   0.2310   0.1850      0
188366   7299.356000 2709.179000  22.2640   0.0480   1.6360   0.0970   0.1840      0
189256   7351.291000 2567.008000  22.6350   0.0550   1.1540   0.1230   0.1840      0
189995   7391.145000 2743.378000  22.1040   0.0280   0.4740   0.0370   0.1830      0
189540   7366.249000 2641.755000  20.5060   0.0290   1.3210   0.0880   0.1830      0
187135   7222.056000 2701.136000  21.7690   0.0300   0.6530   0.0660   0.1830      0
189828   7381.915000 2679.138000  21.2920   0.0350   1.3820   0.0760   0.1830      0
188744   7321.932000 2516.097000  22.4430   0.0420   0.6080   0.0590   0.1830      0
187948   7273.190000 2679.388000  22.1390   0.0490   0.5990   0.0630   0.1830      0
191425   7475.918000 2651.231000  22.4020   0.0730   0.3670   0.0900   0.1830      0
189441   7361.329000 2667.237000  20.2840   0.0260   0.0530   0.0280   0.1820      0
188173   7286.345000 2556.074000  21.8320   0.0260   0.6460   0.0320   0.1820      0
190073   7395.485000 2610.797000  22.1060   0.0300   0.4760   0.0450   0.1810      0
192197   7521.931000 2642.212000  22.1170   0.0370   0.4060   0.0460   0.1810      0
190996   7450.355000 2777.775000  22.5410   0.0540   0.7750   0.0690   0.1810      0
191295   7467.496000 2631.044000  21.9570   0.0300   0.5510   0.0380   0.1800      0
189618   7371.127000 2568.458000  22.3120   0.0370   0.4750   0.0460   0.1800      0
191079   7455.971000 2777.814000  22.4550   0.0370   0.6030   0.0460   0.1800      0
187463   7242.932000 2616.156000  21.9160   0.0390   0.6650   0.0520   0.1800      0
187847   7266.213000 2547.881000  22.5740   0.0500   0.8430   0.0710   0.1800      0
191015   7452.036000 2629.040000  21.9770   0.0850   0.6580   0.0950   0.1800      0
188344   7297.418000 2709.185000  22.4050   0.1220   0.4460   0.1480   0.1800      0
187489   7244.438000 2751.754000  22.1580   0.0420   0.4780   0.0470   0.1790      0
191476   7478.929000 2653.883000  21.9740   0.0450   0.6210   0.1160   0.1790      0
188167   7286.090000 2678.282000  22.4600   0.0490   0.5990   0.0680   0.1790      0
188844   7327.317000 2733.105000  21.3540   0.0580   0.6600   0.0620   0.1790      0
191661   7489.318000 2605.497000  21.4680   0.0240   0.3370   0.0370   0.1780      0
187151   7222.734000 2652.446000  21.9760   0.0280   0.5260   0.0330   0.1780      0
190507   7419.650000 2779.300000  22.1310   0.0300   0.6260   0.0380   0.1780      0
188219   7289.724000 2798.569000  22.1260   0.0340   0.5520   0.0400   0.1780      0
190755   7435.594000 2707.756000  22.1110   0.0620   0.5700   0.1000   0.1780      0
189329   7355.112000 2586.595000  21.8670   0.0930   0.1170   0.0950   0.1780      0
190732   7434.071000 2565.602000  22.0310   0.1040   0.2190   0.1060   0.1780      0
192139   7518.794000 2680.150000  21.9460   0.0290   0.5640   0.0360   0.1770      0
189916   7386.559000 2537.336000  21.8100   0.0340   0.6370   0.0410   0.1770      0
190787   7437.228000 2791.593000  22.0240   0.0340   0.6710   0.0600   0.1770      0
190807   7438.471000 2526.537000  22.0920   0.0440   0.4060   0.0540   0.1770      0
189339   7355.712000 2677.641000  21.3150   0.0590   1.0260   0.0640   0.1770      0
189799   7380.729000 2531.071000  22.5970   0.0620   1.0210   0.0790   0.1770      0
187903   7270.039000 2539.408000  22.5480   0.0710   0.7780   0.1050   0.1770      0
190973   7449.136000 2737.005000  22.5910   0.1230   1.0990   0.2030   0.1770      0
188032   7277.552000 2647.399000  21.4900   0.0160   1.2900   0.0300   0.1760      0
188806   7325.480000 2567.838000  21.7160   0.0230   0.4910   0.0290   0.1750      0
189336   7355.647000 2514.851000  22.0950   0.0510   0.6200   0.0630   0.1750      0
191671   7489.894000 2571.880000  22.5850   0.0520   0.8490   0.0750   0.1750      0
191265   7466.221000 2716.422000  21.7030   0.0580   0.5010   0.0600   0.1750      0
191085   7456.246000 2594.972000  22.4770   0.0580   0.6350   0.0750   0.1750      0
189576   7368.208000 2606.566000  22.0800   0.0640   0.6140   0.0720   0.1750      0
187529   7246.788000 2605.825000  20.0760   0.0090   1.4900   0.0130   0.1740      0
189534   7366.003000 2619.270000  22.0470   0.0450   0.3610   0.0720   0.1740      0
191736   7494.691000 2731.942000  21.3600   0.0180   0.7570   0.0230   0.1730      0
188813   7325.857000 2532.521000  21.9290   0.0390   0.6120   0.1500   0.1730      0
190854   7441.515000 2784.406000  22.6110   0.0540   1.0290   0.0740   0.1730      0
190056   7394.498000 2785.882000  21.4310   0.0570   0.6310   0.0590   0.1720      0
188427   7303.605000 2514.165000  22.0990   0.0380   0.5260   0.0440   0.1710      0
190694   7431.108000 2596.095000  22.0310   0.0450   0.6410   0.0550   0.1710      0
188747   7322.083000 2601.082000  22.4990   0.0500   0.6700   0.0740   0.1710      0
187217   7227.572000 2681.392000  22.5020   0.0580   0.6510   0.0820   0.1710      0
188943   7332.975000 2633.460000  22.5170   0.0620   0.6850   0.0770   0.1710      0
187786   7262.763000 2697.484000  22.9420   0.0780   1.4500   0.2370   0.1710      0
190782   7436.902000 2750.468000  22.8130   0.0820   1.1930   0.1500   0.1710      0
187649   7254.045000 2614.681000  22.5690   0.1440   0.7190   0.1550   0.1710      0
188491   7307.928000 2634.302000  21.9370   0.0300   0.6190   0.0460   0.1700      0
191569   7483.960000 2638.189000  21.7140   0.0320   0.6310   0.0390   0.1700      0
188385   7300.541000 2518.919000  21.9450   0.0360   0.5720   0.0430   0.1700      0
190046   7394.015000 2668.674000  22.1090   0.0650   0.4400   0.0720   0.1700      0
190198   7402.619000 2578.479000  21.7290   0.0310   0.4880   0.0370   0.1690      0
190965   7448.614000 2781.627000  22.0510   0.0330   0.6380   0.0440   0.1690      0
191625   7487.773000 2719.480000  22.7640   0.0610   1.1330   0.1190   0.1690      0
187444   7241.645000 2731.469000  20.4900   0.0120  -0.0170   0.0130   0.1680      0
188330   7296.413000 2697.329000  22.5140   0.0500   0.5960   0.0620   0.1680      0
188658   7317.237000 2737.119000  22.5280   0.0620   0.6780   0.0710   0.1680      0
189191   7347.760000 2617.451000  21.1350   0.0440   0.5910   0.0480   0.1670      0
189386   7358.795000 2748.669000  22.8600   0.0760   1.1050   0.1130   0.1670      0
191896   7504.705000 2632.217000  22.5110   0.0800   0.4790   0.0880   0.1670      0
188486   7307.515000 2663.053000  21.7070   0.0230   0.6220   0.0330   0.1660      0
187701   7257.035000 2775.749000  21.9940   0.0290   0.6210   0.0360   0.1660      0
188561   7311.947000 2640.107000  22.5100   0.0410   0.6710   0.0610   0.1660      0
190581   7423.847000 2696.433000  22.5300   0.0550   0.5210   0.0650   0.1660      0
190102   7396.976000 2801.750000  22.8440   0.0650   1.0200   0.0840   0.1660      0
187007   7215.052000 2673.037000  21.9720   0.0330   0.4920   0.0410   0.1650      0
188998   7336.520000 2662.392000  22.0870   0.0330   0.5460   0.0470   0.1650      0
189662   7373.627000 2814.081000  22.5330   0.0450   0.5300   0.0640   0.1650      0
189382   7358.580000 2629.484000  20.8230   0.0140   1.2430   0.0330   0.1640      0
190366   7412.109000 2546.812000  22.9070   0.0580   1.0110   0.1050   0.1640      0
187566   7248.871000 2640.046000  21.9780   0.0600   0.5750   0.0640   0.1640      0
187448   7241.875000 2744.303000  23.6770   0.1300   1.0930   0.1860   0.1640      0
192171   7520.945000 2674.271000  22.5680   0.0490   0.6230   0.0610   0.1630      0
191527   7481.622000 2584.552000  22.5540   0.0510   0.5940   0.0870   0.1630      0
190024   7393.074000 2620.641000  22.5650   0.0610   0.6670   0.0700   0.1630      0
190961   7448.492000 2719.650000  22.6410   0.0640   0.9880   0.0830   0.1630      0
191163   7459.943000 2533.147000  21.5120   0.0230   0.6540   0.0270   0.1620      0
191285   7467.074000 2584.176000  22.0170   0.0390   0.5850   0.0490   0.1620      0
191050   7453.954000 2524.729000  22.5690   0.0440   0.6480   0.0530   0.1620      0
190364   7412.007000 2660.663000  21.4210   0.0690   0.6700   0.0740   0.1620      0
188853   7327.731000 2515.977000  22.8930   0.0860   1.0590   0.1120   0.1620      0
191189   7460.999000 2587.159000  21.9710   0.1220   0.5270   0.1250   0.1620      0
188811   7325.758000 2598.100000  22.6040   0.1260   0.6440   0.1400   0.1620      0
189489   7363.816000 2574.651000  22.0110   0.0240   0.5960   0.0320   0.1610      0
190971   7449.083000 2607.154000  22.6130   0.0500   0.7810   0.0650   0.1610      0
188997   7336.399000 2669.759000  22.5940   0.0640   0.6890   0.0850   0.1610      0
190398   7414.121000 2576.870000  22.7540   0.0700   1.0900   0.1390   0.1610      0
188130   7283.868000 2648.007000  21.9950   0.0320   0.4930   0.0520   0.1600      0
188735   7321.636000 2697.146000  22.5880   0.0480   0.5570   0.0610   0.1600      0
189777   7379.714000 2676.593000  21.4290   0.0510   0.3660   0.0740   0.1600      0
188317   7295.794000 2646.844000  22.6400   0.0680   0.9140   0.1140   0.1600      0
191589   7485.304000 2662.136000  22.6110   0.0710   0.7290   0.0810   0.1600      0
191428   7476.168000 2678.975000  22.8800   0.0750   0.9670   0.1000   0.1600      0
190938   7446.889000 2548.210000  21.3720   0.0160   0.3410   0.0530   0.1590      0
188653   7316.805000 2605.829000  22.0720   0.0310   0.5590   0.0510   0.1590      0
189181   7347.485000 2581.683000  21.7400   0.0370   0.4300   0.0430   0.1590      0
190143   7399.272000 2761.850000  22.6280   0.0480   0.8510   0.0650   0.1590      0
191324   7469.395000 2550.596000  22.2600   0.0560   0.2700   0.0710   0.1590      0
190905   7444.954000 2695.329000  22.8480   0.0560   0.9700   0.1290   0.1590      0
189691   7374.847000 2706.300000  22.5850   0.0590   0.5550   0.0660   0.1590      0
190301   7408.532000 2640.911000  22.6040   0.0790   0.6610   0.0950   0.1590      0
190626   7426.868000 2624.697000  22.9080   0.0800   0.9690   0.1360   0.1590      0
189249   7350.759000 2757.865000  23.7540   0.1440   0.8160   0.1940   0.1590      0
191923   7506.220000 2733.087000  20.5110   0.0140   0.0810   0.0160   0.1580      0
190218   7403.522000 2501.276000  21.4600   0.0320   0.8190   0.0350   0.1580      0
189963   7389.148000 2644.209000  21.8560   0.0330   0.6310   0.0430   0.1580      0
190634   7427.431000 2724.058000  22.6040   0.0650   0.6250   0.0800   0.1580      0
187769   7261.699000 2764.557000  21.9070   0.0720   0.5860   0.0850   0.1580      0
188779   7323.957000 2584.685000  23.0310   0.0750   0.7530   0.1010   0.1580      0
191545   7482.646000 2733.134000  22.8900   0.0780   0.9260   0.1050   0.1580      0
189085   7341.492000 2690.784000  22.8600   0.1140   1.0580   0.1740   0.1580      0
190166   7400.539000 2558.045000  22.0360   0.0310   0.5840   0.0400   0.1570      0
189423   7360.603000 2718.673000  23.0240   0.0570   0.8420   0.1070   0.1570      0
189158   7346.030000 2733.836000  23.1560   0.0750   0.7200   0.1040   0.1570      0
190253   7405.532000 2523.566000  23.0880   0.0780   0.5250   0.0880   0.1570      0
190043   7393.857000 2514.181000  23.1150   0.0840   0.6090   0.1060   0.1570      0
189542   7366.461000 2718.504000  22.2290   0.0320   0.3680   0.0400   0.1560      0
188362   7299.201000 2778.066000  22.6210   0.0460   0.7000   0.0800   0.1560      0
187192   7225.812000 2643.117000  20.9900   0.0580   0.0220   0.0590   0.1560      0
191592   7485.381000 2760.463000  22.9590   0.0900   0.7930   0.1120   0.1560      0
187708   7257.429000 2735.978000  22.4940   0.0940   0.3570   0.1000   0.1560      0
189709   7376.021000 2726.701000  23.1050   0.0960   0.5590   0.1080   0.1560      0
190549   7422.054000 2731.639000  22.9670   0.1020   0.8120   0.1300   0.1560      0
191224   7463.281000 2637.062000  22.9110   0.0670   0.7390   0.0880   0.1550      0
190227   7404.060000 2681.344000  23.0920   0.1030   0.5550   0.1250   0.1550      0
188283   7293.693000 2751.193000  22.7780   0.0500   1.0490   0.1610   0.1540      0
192095   7516.294000 2670.604000  22.9690   0.0590   0.6290   0.0840   0.1540      0
190899   7444.612000 2748.949000  22.9800   0.0700   0.9950   0.0950   0.1540      0
189829   7381.961000 2689.813000  22.9010   0.0750   0.7760   0.1070   0.1540      0
190420   7415.277000 2692.134000  23.1270   0.0820   0.8360   0.1080   0.1540      0
187084   7218.959000 2700.671000  23.0980   0.0890   0.5330   0.1910   0.1540      0
187315   7232.926000 2689.680000  23.0810   0.1030   0.8050   0.1970   0.1540      0
191704   7492.803000 2668.390000  23.0280   0.1130   0.8640   0.2290   0.1540      0
189350   7356.085000 2572.872000  23.0930   0.1200   0.7920   0.1660   0.1540      0
192071   7514.692000 2643.423000  23.6420   0.1310   0.7880   0.1640   0.1540      0
188918   7331.551000 2609.459000  23.0340   0.1320   0.7910   0.1790   0.1540      0
189959   7388.993000 2542.704000  22.6440   0.0540   0.6230   0.0720   0.1530      0
190121   7398.126000 2667.966000  22.6420   0.0560   0.6740   0.0760   0.1530      0
190203   7402.763000 2514.478000  23.0830   0.0800   0.8560   0.1180   0.1530      0
188298   7294.666000 2594.551000  23.0270   0.0820   0.5300   0.1810   0.1530      0
187473   7243.583000 2673.090000  22.6490   0.0830   0.6720   0.0940   0.1530      0
187223   7227.821000 2585.108000  23.2190   0.0890   0.7330   0.1570   0.1530      0
189380   7358.495000 2734.118000  23.1720   0.1140   0.5950   0.1360   0.1530      0
188675   7318.334000 2807.151000  21.9160   0.0320   0.5510   0.0360   0.1520      0
191282   7466.927000 2657.635000  21.9680   0.0330   0.4500   0.0420   0.1520      0
189889   7384.822000 2779.806000  21.9260   0.0340   0.5250   0.0440   0.1520      0
187219   7227.619000 2630.845000  22.6570   0.0630   0.7980   0.0820   0.1520      0
188000   7275.700000 2704.804000  23.2540   0.0810   0.7840   0.1160   0.1520      0
191707   7492.915000 2654.901000  23.1920   0.1360   0.6520   0.1490   0.1520      0
189125   7344.119000 2641.919000  21.8160   0.0240   0.4620   0.0350   0.1510      0
190799   7437.786000 2658.635000  21.7620   0.0400   0.4060   0.0550   0.1510      0
191857   7502.316000 2591.721000  22.6500   0.0490   0.6520   0.0740   0.1510      0
187906   7270.409000 2685.911000  22.8420   0.0620   0.8720   0.0910   0.1510      0
189390   7359.028000 2684.385000  22.8110   0.0650   0.9220   0.0940   0.1510      0
190206   7402.935000 2634.343000  21.4870   0.0710   0.8680   0.0780   0.1510      0
187325   7233.756000 2675.025000  23.2530   0.1010   0.7930   0.1210   0.1510      0
188293   7294.214000 2782.677000  22.6770   0.0620   0.9190   0.0870   0.1500      0
187526   7246.641000 2686.573000  22.8550   0.0660   0.8200   0.0880   0.1500      0
191910   7505.343000 2691.889000  22.9550   0.0670   0.5600   0.0800   0.1500      0
189515   7364.894000 2510.022000  23.0580   0.0890   0.9520   0.1300   0.1500      0
191280   7466.854000 2545.900000  23.2520   0.0890   0.7300   0.1430   0.1500      0
188717   7320.666000 2663.792000  21.7860   0.0420   0.9330   0.0750   0.1490      0
190263   7406.043000 2633.883000  22.6210   0.0800   0.1250   0.1300   0.1490      0
189661   7373.519000 2543.755000  22.9300   0.0830   0.5980   0.0990   0.1490      0
189933   7387.690000 2811.821000  22.6880   0.0500   0.9470   0.0720   0.1480      0
192156   7519.535000 2628.763000  22.6730   0.0530   0.8070   0.0680   0.1480      0
189898   7385.415000 2720.366000  22.6670   0.0550   0.6220   0.0760   0.1480      0
190184   7401.590000 2551.383000  22.8670   0.0670   0.6830   0.0930   0.1480      0
187343   7235.191000 2716.771000  23.2030   0.0780   1.2530   0.1250   0.1480      0
190168   7400.571000 2643.770000  22.8160   0.0790   0.8560   0.1150   0.1480      0
187632   7252.728000 2589.113000  23.2360   0.0870   0.9210   0.1230   0.1480      0
188494   7307.938000 2549.616000  23.5750   0.1160   0.8050   0.1480   0.1480      0
190407   7414.506000 2529.220000  21.8120   0.1180   0.3400   0.1200   0.1480      0
190698   7431.486000 2763.123000  22.7490   0.0560   0.9590   0.0730   0.1470      0
187546   7247.821000 2707.826000  22.6760   0.0590   0.7380   0.1050   0.1470      0
188627   7315.282000 2795.032000  22.8320   0.1010   0.7580   0.1230   0.1470      0
191034   7453.083000 2792.194000  22.9440   0.1080   0.5640   0.1260   0.1470      0
192232   7524.547000 2690.383000  23.2520   0.1150   0.8270   0.2230   0.1470      0
191799   7499.208000 2603.414000  23.5370   0.1290   1.1760   0.2160   0.1470      0
191218   7463.062000 2786.504000  22.6810   0.0540   0.7750   0.0670   0.1460      0
189136   7344.958000 2636.334000  22.9970   0.0680   1.1640   0.1160   0.1460      0
188979   7335.263000 2531.261000  23.2460   0.1060   1.0600   0.2210   0.1460      0
190348   7411.005000 2781.333000  23.2200   0.1640   0.5420   0.1910   0.1460      0
187629   7252.477000 2772.605000  23.2260   0.2150   0.5830   0.2350   0.1460      0
189520   7365.236000 2684.762000  22.8270   0.0510   0.7200   0.0760   0.1450      0
188079   7280.969000 2610.750000  22.8260   0.0600   0.7800   0.0770   0.1450      0
190242   7404.695000 2817.776000  21.1280   0.0150   0.2390   0.0190   0.1440      0
189907   7386.003000 2699.614000  22.6670   0.0560   0.5550   0.0720   0.1440      0
191602   7486.120000 2704.685000  22.8340   0.0570   0.6610   0.0810   0.1440      0
188651   7316.784000 2664.379000  21.9120   0.0660   0.2120   0.0810   0.1440      0
187303   7232.421000 2737.587000  21.6210   0.0730   0.9120   0.1250   0.1440      0
191377   7473.270000 2682.552000  22.7420   0.0740   0.8680   0.0910   0.1440      0
189332   7355.471000 2817.944000  22.8760   0.0750   0.5940   0.0880   0.1440      0
189028   7338.443000 2755.219000  22.7480   0.1010   0.6700   0.1430   0.1440      0
189724   7377.058000 2742.567000  21.9280   0.1170   0.3970   0.1190   0.1440      0
190124   7398.263000 2507.631000  21.4760   0.0240   0.5950   0.0300   0.1430      0
190273   7406.270000 2719.877000  21.8060   0.0310   0.4940   0.0370   0.1430      0
189767   7378.985000 2523.505000  22.6960   0.0470   0.6930   0.0660   0.1430      0
188903   7330.841000 2518.142000  22.9370   0.1020   0.4820   0.1460   0.1430      0
190459   7417.274000 2610.466000  23.0630   0.1700   0.4110   0.1850   0.1430      0
189980   7390.363000 2604.299000  21.7600   0.0490   0.5650   0.0520   0.1420      0
187840   7265.921000 2614.498000  22.7020   0.0520   0.7540   0.0710   0.1420      0
191346   7470.783000 2620.343000  22.7080   0.0570   0.7400   0.0770   0.1420      0
191426   7476.012000 2766.555000  23.1440   0.0810   1.0550   0.1270   0.1420      0
188973   7334.933000 2535.229000  23.1690   0.0930   1.0860   0.1330   0.1420      0
188209   7288.981000 2612.652000  23.3330   0.0980   0.8500   0.1440   0.1420      0
187660   7254.570000 2702.845000  23.3180   0.1200   1.1510   0.1650   0.1420      0
189097   7342.173000 2820.441000  23.5550   0.1370   0.7620   0.1690   0.1420      0
189376   7357.939000 2525.620000  23.5450   0.2040   0.7540   0.2210   0.1420      0
187452   7242.257000 2641.912000  21.2950   0.0190   0.3620   0.0240   0.1410      0
189456   7362.069000 2534.157000  23.1830   0.1180   0.3350   0.2080   0.1410      0
188697   7319.479000 2561.197000  22.7390   0.0550   0.8660   0.0770   0.1400      0
191099   7457.136000 2787.555000  22.7560   0.0620   0.7900   0.0770   0.1400      0
190685   7430.715000 2797.875000  22.7540   0.0670   0.7020   0.0870   0.1400      0
191486   7479.211000 2551.998000  22.7660   0.0680   0.6750   0.0870   0.1400      0
188200   7288.496000 2723.644000  21.9280   0.0650   0.4740   0.0860   0.1390      0
190195   7402.459000 2683.971000  21.8380   0.0720   0.4980   0.1050   0.1390      0
189863   7383.447000 2772.325000  22.7850   0.0730   0.6220   0.0920   0.1390      0
189499   7364.276000 2524.152000  23.3830   0.1170   0.8170   0.1420   0.1390      0
190677   7430.072000 2802.857000  21.4620   0.0230   0.3860   0.0270   0.1380      0
189003   7336.750000 2649.065000  21.9800   0.0430   0.4010   0.0490   0.1380      0
189608   7370.498000 2634.925000  21.3850   0.0430   0.7840   0.0600   0.1380      0
187078   7218.701000 2715.013000  22.6980   0.0510   0.5540   0.0650   0.1380      0
190831   7440.052000 2643.295000  22.7590   0.0590   0.6650   0.0950   0.1380      0
187527   7246.712000 2764.156000  23.3780   0.0990   0.9280   0.1540   0.1380      0
188128   7283.722000 2755.725000  22.7840   0.0650   0.6170   0.1090   0.1370      0
188321   7296.017000 2652.992000  22.9200   0.1150   0.0910   0.1230   0.1370      0
191887   7504.349000 2654.291000  22.9850   0.1570   0.3410   0.1630   0.1360      0
190138   7399.102000 2610.233000  22.8260   0.0670   0.5470   0.1000   0.1350      0
188648   7316.595000 2690.569000  22.7160   0.0570   0.5400   0.0730   0.1340      0
190969   7449.035000 2671.943000  22.7990   0.0630   0.5600   0.0990   0.1340      0
190792   7437.460000 2649.458000  22.5990   0.0510   0.4480   0.0710   0.1330      0
188234   7290.485000 2572.174000  23.5920   0.2040   0.5780   0.2360   0.1320      0
190570   7423.166000 2647.374000  22.6820   0.1120   0.1600   0.1190   0.1290      0
188875   7329.240000 2802.462000  21.2620   0.0330   1.1170   0.0450   0.1280      0
189917   7386.666000 2650.216000  21.8320   0.0330   0.4230   0.0410   0.1260      0
189134   7344.865000 2785.458000  21.8640   0.0360   0.5770   0.0410   0.1260      0
189253   7351.140000 2674.486000  21.5850   0.0940   0.9870   0.1380   0.1260      0
187818   7264.351000 2723.776000  21.7970   0.0220   0.5480   0.0300   0.1250      0
191777   7497.219000 2579.207000  20.7530   0.0280  -0.0220   0.0290   0.1250      0
189539   7366.176000 2629.731000  21.9180   0.0490   0.2780   0.0550   0.1210      0
190026   7393.235000 2656.302000  21.2090   0.0250   0.4080   0.0430   0.1200      0
192027   7512.039000 2594.358000  23.5120   0.1340   0.4920   0.1560   0.1190      0
189880   7384.395000 2643.296000  21.9320   0.0450   0.3400   0.0650   0.1140      0
191166   7460.079000 2688.259000  22.7940   0.0690   0.3740   0.0890   0.1040      0
190395   7414.020000 2572.318000  21.6790   0.0320   1.0390   0.1160   0.0960      0
189790   7380.211000 2647.044000  21.2260   0.0280   0.2830   0.0590   0.0840      0
