#ID x y mag e_mag col1 e_col1 memb_prob sel
36740    1067.046000 1097.380000  17.3870   0.0710   0.5400   0.0530   0.9620      1
36333    1110.851000 1085.608000  17.1760   0.0890   0.5760   0.0770   0.9440      1
36281    1088.722000 1083.889000  17.2190   0.0390   0.7890   0.1480   0.9330      1
36846    1089.873000 1100.125000  17.0550   0.0810   0.6910   0.0870   0.9170      1
36801    1100.148000 1098.926000  17.0240   0.0790   0.6960   0.0940   0.8990      1
36485    1084.880000 1090.068000  17.5610   0.0240   0.5420   0.0450   0.8970      1
36678    1056.247000 1095.613000  18.0030   0.0130   0.8220   0.0660   0.8710      1
36900    1092.007000 1101.532000  17.1850   0.0840   0.4650   0.0890   0.8680      1
36651    1093.742000 1094.784000  16.9730   0.0820   0.7290   0.1080   0.8610      1
37027    1087.566000 1104.975000  17.4140   0.0680   0.8390   0.1370   0.8600      1
36116    1082.230000 1079.630000  17.3780   0.0470   0.9420   0.0600   0.8570      1
35593    1115.049000 1064.569000  17.5540   0.0200   1.1250   0.0290   0.8550      1
36668    1076.345000 1095.259000  17.5150   0.0540   0.7200   0.0820   0.8540      1
38179    1091.650000 1138.149000  17.3400   0.0160   1.1910   0.0330   0.8500      1
36709    1097.885000 1096.472000  17.4190   0.0950   0.8350   0.1170   0.8500      1
35904    1112.900000 1073.462000  19.9790   0.0420  -0.7310   0.0580   0.8470      1
39421    1017.001000 1174.407000  17.0600   0.0170   1.0590   0.0060   0.8290      1
37560    1064.679000 1120.120000  20.0590   0.0410  -0.6480   0.0630   0.8260      1
36799    1071.225000 1098.897000  17.9880   0.0350   0.7680   0.0650   0.8060      1
38022    1122.331000 1133.724000  17.7040   0.0390   1.0620   0.0240   0.8020      1
37453    1099.079000 1117.685000  17.2830   0.0940   0.9530   0.0480   0.8000      1
37542    1110.382000 1119.773000  17.2120   0.0570   0.3300   0.1430   0.7920      1
33979    1113.014000 1018.017000  16.9140   0.0380   0.7530   0.1320   0.7860      1
36045    1091.568000 1077.478000  18.0100   0.0650   0.6340   0.1070   0.7860      1
35967    1119.498000 1075.101000  17.6320   0.0640   1.0280   0.0900   0.7840      1
34636    1137.978000 1037.201000  19.9310   0.0550  -0.6060   0.0890   0.7760      1
36727    1051.027000 1096.963000  19.9860   0.0620  -0.5580   0.0670   0.7760      1
35694    1086.920000 1067.523000  17.5520   0.0730   1.1740   0.0410   0.7710      1
36065    1115.019000 1078.144000  17.0170   0.0210   1.2400   0.0290   0.7690      1
38277    1091.877000 1141.083000  17.7470   0.0320   0.9900   0.0570   0.7610      1
33614    1114.520000 1007.286000  20.0710   0.0440  -0.5290   0.0510   0.7530      1
39673    1026.608000 1181.678000  18.4530   0.0200   0.2330   0.0510   0.7500      1
36270    1098.962000 1083.628000  17.8180   0.0890   0.5100   0.0950   0.7480      1
38644    1055.473000 1151.438000  20.1330   0.1180  -0.9620   0.1270   0.7460      1
37079    1146.840000 1106.481000  17.8830   0.0120   0.9360   0.0080   0.7430      1
37599    1100.594000 1121.337000  17.6890   0.0980   0.9490   0.0440   0.7370      1
37199    1078.972000 1110.292000  17.8740   0.0620   0.6530   0.1020   0.7350      1
36461    1183.817000 1089.229000  18.1240   0.0360   0.7140   0.0290   0.7340      1
39414    1162.035000 1174.148000  16.7610   0.0150   0.4560   0.0490   0.7290      1
37070    1101.585000 1106.154000  17.1460   0.0390   1.1220   0.1570   0.7290      1
35871    1080.445000 1072.573000  17.8920   0.0930   1.0260   0.0880   0.7270      1
37513    1090.062000 1119.302000  17.9130   0.0660   1.0250   0.0160   0.7260      1
37775    1099.129000 1126.799000  18.0800   0.0460   0.9590   0.0600   0.7190      1
36454    1117.672000 1088.977000  18.3910   0.0470   0.2100   0.0600   0.7150      1
35992    1067.915000 1075.863000  19.9030   0.0680  -0.5420   0.0740   0.7070      1
40178    1045.949000 1196.817000  19.9610   0.0640  -0.5160   0.0690   0.7030      1
37272    1115.778000 1112.295000  19.8090   0.0910  -1.0350   0.0980   0.7010      1
36185    1063.870000 1081.497000  20.1460   0.0830  -0.7260   0.1140   0.6860      1
38991    1129.377000 1160.908000  19.9710   0.0750  -0.5130   0.0780   0.6830      1
35414    1064.564000 1059.549000  20.2460   0.1200  -0.9140   0.1370   0.6730      1
35737    1110.467000 1068.568000  19.9090   0.1360  -0.6370   0.1460   0.6540      1
37379    1046.645000 1115.385000  20.3970   0.0810  -0.9890   0.0930   0.6410      1
38093    1046.968000 1135.773000  20.0190   0.1780  -0.7230   0.1840   0.6350      1
38773    1085.046000 1155.241000  17.8550   0.0420   1.1200   0.0030   0.6330      1
37646    1092.940000 1122.737000  17.8910   0.0940   0.3520   0.1040   0.6210      1
36388    1133.662000 1087.014000  20.3330   0.0680  -0.7340   0.0750   0.6130      1
37320    1092.792000 1113.840000  17.6300   0.0840   0.3270   0.1070   0.6100      1
39776    1088.164000 1184.416000  17.5790   0.0350   1.2660   0.0360   0.6080      1
38288    1070.995000 1141.388000  18.3750   0.0560   0.3260   0.0880   0.5990      1
38656    988.560000 1151.826000  17.7870   0.0370   1.1970   0.1090   0.5970      1
39877    1112.278000 1187.706000  20.3950   0.0880  -0.7660   0.0960   0.5960      1
36691    1130.614000 1095.900000  20.2420   0.0610  -0.6510   0.0720   0.5950      1
36223    1070.711000 1082.343000  17.9240   0.0460   1.1680   0.1080   0.5930      1
37439    1018.930000 1117.141000  20.1960   0.0930  -0.5760   0.1030   0.5780      1
33629    1156.224000 1007.687000  20.2150   0.1140  -0.5950   0.1180   0.5670      1
38532    1075.029000 1148.245000  20.4340   0.0620  -0.7040   0.0880   0.5630      1
37776    1049.442000 1126.824000  17.7900   0.0710   1.2810   0.0560   0.5600      1
40186    1083.800000 1197.068000  17.4600   0.0040   1.3660   0.0430   0.5580      1
39453    1084.876000 1175.315000  17.8400   0.0400   1.2830   0.0750   0.5490      1
36989    1084.822000 1104.047000  17.7970   0.0500   0.2230   0.1190   0.5460      1
35628    1103.106000 1065.535000  19.2620   0.0820  -1.0180   0.0990   0.5450      1
34496    1116.881000 1032.995000  17.9460   0.0060   1.2700   0.0670   0.5420      1
37149    1066.947000 1108.447000  18.2320   0.0490   0.3620   0.0750   0.5420      1
37135    1117.691000 1107.990000  19.5320   0.0520  -0.4490   0.0560   0.5390      1
37018    1125.814000 1104.777000  20.4000   0.0610  -0.6150   0.0720   0.5380      1
38002    1191.417000 1133.090000  19.8690   0.0260  -0.4170   0.0490   0.5370      1
37598    1018.025000 1121.316000  20.3140   0.0430  -0.5500   0.0510   0.5360      1
36059    1128.569000 1077.915000  19.6020   0.0280  -0.3810   0.0510   0.5310      1
36050    1061.830000 1077.622000  19.5250   0.0430  -0.5080   0.0830   0.5310      1
36291    1106.175000 1084.209000  18.4200   0.0360  -0.0250   0.0400   0.5300      1
35733    1146.779000 1068.479000  17.9240   0.0300   1.3120   0.0460   0.5290      1
36374    1023.496000 1086.738000  19.6150   0.0300  -0.3670   0.0410   0.5260      1
36765    1019.089000 1098.043000  19.5930   0.0390  -0.3960   0.0590   0.5230      1
36069    1052.357000 1078.247000  19.8790   0.0850  -0.4580   0.0930   0.5230      1
36666    1062.574000 1095.204000  17.9190   0.0290   1.3240   0.0430   0.5220      1
36369    1179.290000 1086.603000  17.6300   0.0140   1.3530   0.0900   0.5170      1
40215    1117.960000 1197.991000  18.1740   0.0760   1.0110   0.0100   0.5150      1
35479    1176.420000 1061.591000  17.6830   0.0050  -0.4240   0.0130   0.5130      1
37117    1109.046000 1107.528000  18.5130   0.1110   0.2860   0.1320   0.5120      1
37231    1130.731000 1111.001000  18.4410   0.0490   0.0210   0.0670   0.4970      1
37321    1033.321000 1113.948000  17.7510   0.0240   1.3450   0.0230   0.4950      1
36763    1105.205000 1097.993000  18.5980   0.0800   0.2110   0.0930   0.4940      1
37315    991.920000 1113.509000  17.7940   0.0510  -0.4980   0.0480   0.4910      1
38533    1159.558000 1148.261000  19.6850   0.0160  -0.3890   0.0260   0.4890      1
36054    1094.427000 1077.804000  18.4830   0.0960   0.1220   0.1080   0.4890      1
37036    1142.498000 1105.168000  20.2130   0.0580  -0.4520   0.0760   0.4860      1
38990    1014.118000 1160.829000  18.7340   0.0630   0.3800   0.0660   0.4840      1
36258    1167.458000 1083.308000  17.4240   0.0330   1.3890   0.0620   0.4810      1
33581    1071.041000 1006.477000  20.5640   0.0870  -0.6850   0.0970   0.4800      1
35549    1107.912000 1063.507000  20.5180   0.0710  -0.6410   0.1170   0.4770      1
37157    1164.790000 1108.660000  17.9720   0.0280   1.2200   0.0140   0.4650      1
36314    1095.857000 1085.021000  18.3500   0.0560   0.0040   0.0830   0.4610      1
34499    1060.536000 1033.079000  17.8510   0.0170   1.3470   0.0590   0.4600      1
38929    1120.059000 1159.478000  20.1860   0.0960  -0.4500   0.0980   0.4560      1
36342    1152.193000 1085.965000  17.5540   0.0570   1.3290   0.0310   0.4480      1
36080    1078.531000 1078.574000  17.7850   0.0870   0.1880   0.1600   0.4380      1
39592    1107.061000 1179.716000  20.5420   0.0520  -0.5300   0.0730   0.4330      1
33842    1081.968000 1013.570000  17.6820   0.0260  -0.4160   0.0390   0.4320      1
36752    1076.592000 1097.700000  18.6060   0.0620  -0.5430   0.0690   0.4250      1
37769    1137.643000 1126.386000  20.0140   0.1090  -0.4130   0.1130   0.4170      1
36401    1083.466000 1087.534000  17.3890   0.0960   0.0740   0.1110   0.4100      1
40304    1132.187000 1200.278000  18.4280   0.0300   1.1300   0.0210   0.4080      1
35296    1097.321000 1056.342000  20.2290   0.0540  -0.3750   0.0770   0.4040      1
37415    1121.924000 1116.335000  18.7290   0.0520   0.7110   0.0250   0.4030      1
36933    1072.760000 1102.335000  18.5380   0.0460   0.0440   0.0640   0.3990      1
35290    1051.455000 1056.189000  20.1520   0.0290  -0.3290   0.0390   0.3960      1
38120    1159.665000 1136.506000  19.3770   0.0200   0.2910   0.0280   0.3950      1
36956    1035.873000 1102.893000  20.5910   0.0900  -0.5340   0.1050   0.3950      1
36167    1033.207000 1080.955000  16.1530   0.0500   2.2400   0.1070   0.3940      1
36209    1067.783000 1081.984000  18.9440   0.0510   0.4080   0.1170   0.3930      1
38631    1104.156000 1151.034000  18.5210   0.0420  -0.0300   0.0460   0.3890      1
35524    1184.501000 1062.713000  19.6950   0.0650  -0.3690   0.1000   0.3880      1
37468    1135.989000 1118.061000  18.9900   0.0280  -0.0530   0.0110   0.3820      1
35218    1159.914000 1054.235000  20.2520   0.0440  -0.3660   0.0760   0.3790      1
33555    1095.538000 1005.935000  19.3180   0.0160   0.0510   0.0360   0.3760      1
36422    1073.141000 1088.092000  18.6810   0.0440   0.1580   0.1180   0.3720      1
34923    1121.093000 1045.162000  20.3040   0.0640  -0.4440   0.1010   0.3700      1
32893    1103.456000 986.762000  20.1780   0.0510  -0.3030   0.0540   0.3670      1
34029    1163.059000 1019.351000  18.0870   0.0110  -0.2550   0.0190   0.3660      1
35111    1070.116000 1051.025000  20.6200   0.0600  -0.4560   0.0780   0.3660      1
37828    1148.912000 1128.372000  19.7210   0.0240  -0.2010   0.0310   0.3650      1
36922    1130.476000 1101.978000  19.1720   0.1260  -0.0750   0.0010   0.3630      1
38371    1031.396000 1143.739000  20.3210   0.0430  -0.4180   0.0500   0.3610      1
35446    1013.559000 1060.515000  19.0490   0.0470  -0.1390   0.0030   0.3610      1
35599    1145.423000 1064.714000  20.6030   0.0640  -0.4920   0.1240   0.3600      1
39413    1141.962000 1174.147000  19.2360   0.0800   0.0600   0.0140   0.3580      1
35543    1126.710000 1063.371000  18.1660   0.0720  -0.2060   0.0380   0.3550      1
36960    1138.492000 1103.004000  19.8460   0.0810  -0.3430   0.0900   0.3530      1
37317    1047.549000 1113.553000  18.5170   0.0010  -0.1180   0.0270   0.3500      1
35872    1049.829000 1072.595000  19.7350   0.0440  -0.2990   0.0560   0.3500      1
37824    1128.519000 1128.310000  19.4980   0.0480  -0.3790   0.0740   0.3470      1
37498    1161.631000 1118.777000  16.1720   0.0260   1.9950   0.0400   0.3450      1
34732    1080.823000 1039.702000  19.3790   0.0200   0.0220   0.0270   0.3440      1
35918    985.713000 1073.826000  17.1980   0.0170   1.9630   0.0180   0.3420      1
35842    1015.002000 1071.860000  19.4180   0.0180  -0.0330   0.0280   0.3400      1
34857    1104.670000 1043.439000  19.7300   0.0290  -0.1810   0.0430   0.3400      1
37659    1024.414000 1123.020000  18.9370   0.0140  -0.1880   0.0070   0.3390      1
35516    1190.920000 1062.442000  20.1700   0.1210  -0.3590   0.1230   0.3380      1
35917    1141.496000 1073.825000  19.3150   0.0510   0.0390   0.0560   0.3350      1
37872    1053.322000 1129.287000  19.3200   0.0630   0.1840   0.0720   0.3350      1
38331    1144.516000 1142.439000  19.2740   0.1150   0.1940   0.0090   0.3350      1
38325    996.631000 1142.281000  19.4120   0.0180   0.0990   0.0340   0.3330      1
32857    1091.516000 985.218000  16.3350   0.0150   2.2010   0.0050   0.3310      1
36147    1133.708000 1080.465000  20.2420   0.0420  -0.3020   0.0560   0.3310      1
40340    1135.730000 1201.485000  17.8410   0.0300  -0.1000   0.0840   0.3290      1
38511    1052.160000 1147.631000  20.1370   0.0390  -0.2110   0.0560   0.3260      1
37846    1019.051000 1128.875000  20.6640   0.1070  -0.4620   0.1110   0.3250      1
40030    1082.456000 1192.293000  18.9620   0.0450  -0.3450   0.0090   0.3230      1
35661    1036.641000 1066.533000  19.5950   0.0940  -0.3210   0.0970   0.3210      1
34731    1023.989000 1039.698000  20.2750   0.0620  -2.2800   0.0760   0.3200      1
37428    1131.514000 1116.797000  19.4160   0.0380   0.1730   0.0480   0.3160      1
35036    1062.859000 1048.867000  20.1110   0.0310  -0.1750   0.0370   0.3150      1
33669    1079.764000 1008.877000  20.1580   0.0340  -0.1790   0.0780   0.3130      1
36396    1077.498000 1087.361000  17.7720   0.0360  -0.1690   0.0390   0.3130      1
35711    1063.871000 1067.920000  19.3990   0.0540   0.0540   0.0650   0.3120      1
37323    977.854000 1114.026000  20.1670   0.0370  -0.1320   0.0480   0.3100      1
38001    1105.830000 1133.046000  19.2260   0.0450   0.0500   0.0490   0.3080      1
38973    1114.078000 1160.477000  19.6770   0.0910  -0.2920   0.1270   0.3080      1
39113    1014.157000 1164.713000  15.2780   0.0030   2.2660   0.0520   0.3060      1
38394    1167.296000 1144.406000  20.2050   0.0370  -0.1730   0.0450   0.3050      1
40114    1131.521000 1194.999000  20.7360   0.1400  -0.5030   0.1440   0.3010      1
38829    1139.584000 1156.650000  20.0490   0.0270  -0.2130   0.0470   0.2990      1
34028    1030.447000 1019.349000  20.1850   0.0300  -0.1100   0.0470   0.2990      1
34941    1076.633000 1045.489000  20.1690   0.0350  -0.1080   0.0420   0.2990      1
37518    1077.974000 1119.398000  19.6660   0.0400  -0.2530   0.0520   0.2990      1
37889    1096.927000 1129.638000  20.1210   0.1020  -0.2660   0.1100   0.2980      1
35857    1149.805000 1072.219000  21.1100   0.2040  -1.1670   0.2060   0.2980      1
38132    1066.433000 1136.843000  19.7010   0.0490  -0.2020   0.0610   0.2970      1
38006    1170.930000 1133.218000  21.0990   0.0680  -0.5490   0.0870   0.2950      1
35375    1148.073000 1058.774000  19.8130   0.1010  -0.2620   0.1030   0.2950      1
34392    1133.666000 1030.000000  19.4030   0.0450  -0.0170   0.0590   0.2930      1
35819    1164.159000 1071.365000  19.2710   0.1210   0.1280   0.0810   0.2930      1
37675    1027.462000 1123.628000  20.7580   0.0530  -0.3880   0.0730   0.2920      1
34165    1101.770000 1023.336000  19.1210   0.0090  -0.0130   0.0340   0.2890      1
33603    1019.321000 1007.074000  19.0020   0.0190   0.0320   0.0530   0.2870      1
35382    1131.958000 1058.936000  20.8290   0.0770  -0.4260   0.0860   0.2870      1
36020    1109.720000 1076.760000  19.3870   0.0840   0.0480   0.1080   0.2870      1
34438    1109.009000 1031.111000  19.8130   0.0280   0.0300   0.0340   0.2860      1
36815    1047.743000 1099.136000  19.6790   0.1180  -0.3250   0.2160   0.2860      1
37600    1113.453000 1121.386000  19.4010   0.0630   0.0330   0.1120   0.2850      1
35840    1116.210000 1071.804000  18.9900   0.0170  -0.1720   0.0290   0.2840      1
37618    1033.492000 1121.893000  18.0970   0.0700  -0.2330   0.0640   0.2830      1
33189    1082.603000 995.048000  20.1710   0.0320  -0.0880   0.0400   0.2810      1
37351    1023.960000 1114.724000  20.0240   0.0460  -0.1970   0.0530   0.2810      1
37674    1132.863000 1123.541000  19.3440   0.0330  -0.0520   0.0430   0.2800      1
33331    1126.288000 999.270000  21.1540   0.0730  -0.4700   0.0860   0.2800      1
35852    1126.397000 1072.131000  19.8890   0.0300  -0.1930   0.0430   0.2790      1
36628    1145.469000 1094.059000  21.4120   0.1110  -1.1030   0.1150   0.2790      1
37132    1070.338000 1107.957000  18.6090   0.0470  -0.3940   0.0610   0.2780      1
38600    1070.719000 1150.310000  19.3170   0.0810  -0.0210   0.0830   0.2780      1
33818    1073.328000 1012.847000  19.7970   0.0670  -0.1710   0.0710   0.2760      1
38826    1073.015000 1156.581000  20.0010   0.0280  -0.1570   0.0330   0.2750      1
33103    1044.443000 992.848000  19.0130   0.0530  -0.0720   0.1010   0.2740      1
35559    1130.554000 1063.739000  20.0150   0.0570  -0.2660   0.0790   0.2740      1
36334    1063.795000 1085.683000  19.0870   0.0560  -0.0310   0.0610   0.2710      1
38969    1002.835000 1160.430000  19.2070   0.0870   0.0940   0.1280   0.2710      1
36746    1002.192000 1097.485000  19.7890   0.0310  -0.0090   0.0390   0.2690      1
35222    1063.330000 1054.325000  20.9850   0.1050  -0.4980   0.1130   0.2690      1
33502    1131.564000 1004.266000  20.0680   0.0280  -0.1390   0.0360   0.2680      1
36445    1057.018000 1088.621000  19.7690   0.1080  -0.1640   0.0450   0.2680      1
33660    1089.289000 1008.667000  18.9830   0.0590  -0.0500   0.1150   0.2660      1
33841    1128.500000 1013.490000  19.4260   0.0360  -0.0780   0.0390   0.2640      1
36974    1017.673000 1103.555000  19.1460   0.0750   0.1020   0.0500   0.2630      1
35571    1080.108000 1064.000000  19.4730   0.0590   0.0150   0.0720   0.2620      1
37787    1038.289000 1127.198000  20.1410   0.0680  -0.1280   0.0790   0.2620      1
40024    1110.365000 1192.138000  20.1920   0.0940  -0.1830   0.1010   0.2610      1
38679    1066.591000 1152.357000  19.7860   0.0380  -0.0940   0.0470   0.2600      1
40082    1123.508000 1193.877000  19.8380   0.0510  -0.1430   0.1210   0.2570      1
39655    1119.286000 1181.311000  19.8270   0.0280   0.0490   0.0660   0.2560      1
35723    1195.704000 1068.163000  19.7620   0.0370  -0.0680   0.0690   0.2560      1
39406    1158.898000 1173.857000  19.7950   0.0670  -0.1080   0.0780   0.2560      1
38661    1048.775000 1151.909000  19.7400   0.0470  -0.0890   0.0520   0.2540      1
39993    1050.756000 1191.391000  19.7910   0.0350   0.0350   0.0480   0.2530      1
37405    983.113000 1115.992000  19.7080   0.0350  -0.0900   0.0720   0.2490      1
37194    1031.546000 1110.038000  19.8190   0.0410   0.0560   0.0520   0.2450      1
38796    1008.630000 1155.743000  19.8480   0.0490  -0.0250   0.0750   0.2450      1
36013    1032.972000 1076.418000  19.8100   0.0640  -0.0400   0.0740   0.2440      1
37008    1155.661000 1104.404000  19.6090   0.0250   0.0720   0.0310   0.2410      1
35355    1078.406000 1058.172000  19.9000   0.0390  -0.1520   0.0540   0.2410      1
34395    1031.332000 1030.107000  20.1240   0.0490  -0.1170   0.1110   0.2410      1
38597    1162.185000 1150.180000  19.6370   0.1390  -0.1720   0.0940   0.2410      1
34201    1093.511000 1024.730000  19.8340   0.0680  -0.0320   0.0720   0.2390      1
35822    1073.451000 1071.410000  20.1450   0.0720  -0.0960   0.0840   0.2390      1
37214    1042.015000 1110.677000  19.9950   0.0350  -0.1270   0.0450   0.2370      1
32990    1060.239000 989.240000  19.7340   0.0230   0.1900   0.0340   0.2360      1
34468    1156.109000 1031.960000  19.6280   0.0250   0.0580   0.0300   0.2350      1
39614    1115.027000 1180.323000  19.8420   0.0320   0.1280   0.1710   0.2330      1
36205    1138.603000 1081.828000  19.7570   0.0280   0.2140   0.0510   0.2320      1
33998    1149.076000 1018.580000  19.6430   0.0670  -0.1360   0.0690   0.2320      1
33431    1082.349000 1002.132000  20.0340   0.0320  -0.1040   0.0390   0.2310      1
36447    1060.026000 1088.731000  20.2670   0.0460  -0.1270   0.0690   0.2260      1
35213    1179.951000 1054.130000  19.6990   0.1140  -0.0500   0.1550   0.2260      1
35158    994.419000 1052.365000  19.9310   0.0240   0.2070   0.0310   0.2250      1
38635    1030.770000 1151.169000  19.7750   0.0230   0.0770   0.0300   0.2240      1
38577    987.050000 1149.551000  19.8380   0.0550   0.0810   0.1010   0.2240      1
40097    1143.729000 1194.209000  19.7690   0.0340   0.0580   0.0460   0.2230      1
38127    1156.268000 1136.684000  19.6020   0.0230  -0.1240   0.0400   0.2220      1
38057    1099.970000 1134.817000  20.1420   0.0550  -0.0620   0.0640   0.2210      1
33807    1058.460000 1012.509000  20.0870   0.0360  -0.0890   0.0600   0.2200      1
33273    1132.541000 998.067000  19.7700   0.0410   0.0640   0.0480   0.2190      1
35415    1089.696000 1059.553000  19.6000   0.0290   0.1030   0.1210   0.2160      1
36358    1008.524000 1086.364000  19.7280   0.0340   0.2100   0.0620   0.2160      1
36811    1027.115000 1099.088000  20.2850   0.0390  -0.1790   0.0580   0.2160      1
40309    1075.124000 1200.400000  19.5920   0.0500  -0.1090   0.0540   0.2160      1
33980    1058.030000 1018.081000  21.1160   0.0590  -0.0440   0.0750   0.2160      1
37944    1031.985000 1131.296000  21.2290   0.0740  -0.1470   0.0850   0.2160      1
38704    1109.980000 1153.265000  20.6370   0.0470  -0.2170   0.0590   0.2150      1
38673    1121.121000 1152.146000  20.2850   0.0610  -0.1460   0.0690   0.2150      1
38853    1146.832000 1157.218000  21.4040   0.0810  -0.3180   0.1330   0.2150      1
39698    1081.086000 1182.340000  19.9020   0.0340  -0.0190   0.0410   0.2140      1
37508    1196.695000 1119.115000  21.2710   0.0930  -0.1620   0.1030   0.2140      1
35401    1028.816000 1059.354000  20.2800   0.0360  -0.0960   0.0460   0.2130      1
38747    1033.076000 1154.441000  19.8680   0.0320   0.2110   0.0530   0.2120      1
38305    1179.423000 1141.915000  21.1320   0.0720  -0.0980   0.0890   0.2120      1
39761    1103.585000 1183.995000  21.1390   0.0650  -0.0530   0.0940   0.2110      1
37977    1023.747000 1132.389000  20.3160   0.1650  -0.1970   0.1820   0.2110      1
35363    1043.169000 1058.406000  19.7560   0.0490   0.1780   0.0620   0.2100      1
38275    1117.875000 1140.995000  21.4480   0.1160  -0.3060   0.1390   0.1990      1
36907    1099.090000 1101.615000  17.1320   0.0150   0.1170   0.0880   0.7080      0
37112    972.824000 1107.289000  17.6700   0.0310   2.0520   0.0340   0.5120      0
38374    1065.689000 1143.773000  17.7000   0.0150   1.9110   0.0560   0.4880      0
34290    1131.450000 1027.340000  17.6340   0.0090   2.0680   0.0430   0.4870      0
37604    1128.791000 1121.453000  17.6050   0.0540   1.7130   0.0020   0.4760      0
36814    1051.698000 1099.115000  18.8640   0.0730   0.5590   0.1100   0.4550      0
36341    1071.919000 1085.948000  18.7050   0.0840   0.4930   0.0910   0.4530      0
39805    1134.615000 1185.403000  17.6250   0.0380   2.1800   0.0310   0.4410      0
33808    1123.573000 1012.579000  18.9890   0.0230   1.1570   0.0320   0.4330      0
33769    1161.946000 1011.620000  17.7420   0.0250   2.0200   0.0500   0.4330      0
35237    1011.418000 1054.668000  19.0170   0.0220   1.1500   0.0370   0.4310      0
34553    1134.636000 1034.819000  19.2870   0.0270   0.7610   0.0430   0.4080      0
35695    1058.310000 1067.545000  19.0180   0.0190   1.1160   0.0410   0.4040      0
33880    1071.935000 1014.583000  17.7020   0.0260   1.7290   0.0910   0.4010      0
35749    1140.462000 1069.035000  18.4310   0.0850   0.8480   0.0200   0.3930      0
39111    1171.314000 1164.665000  17.6780   0.0240   1.6870   0.1430   0.3910      0
37929    1040.767000 1130.810000  17.5920   0.0510   1.7170   0.1140   0.3910      0
37369    1073.448000 1115.071000  18.4480   0.0290   0.8680   0.0490   0.3840      0
38890    1036.156000 1158.202000  18.0870   0.0180   1.1730   0.0260   0.3790      0
34735    1160.594000 1039.714000  19.3400   0.0220   0.2630   0.0500   0.3790      0
37984    1019.241000 1132.537000  18.4440   0.0140   1.1780   0.0680   0.3740      0
34228    1162.592000 1025.383000  18.6780   0.0180   0.7750   0.0220   0.3690      0
36629    1158.475000 1094.077000  17.5830   0.0350   1.4510   0.0050   0.3630      0
36134    1045.059000 1080.009000  18.0060   0.0110   1.7670   0.0310   0.3620      0
33218    1101.205000 996.189000  19.1840   0.0350   0.7420   0.0450   0.3560      0
39988    1070.750000 1191.258000  19.3690   0.0430   0.2250   0.0530   0.3540      0
35985    1078.026000 1075.611000  17.6780   0.0200   1.3750   0.0650   0.3530      0
34752    1149.827000 1040.218000  20.6840   0.1270  -0.6980   0.1940   0.3510      0
39392    1102.076000 1173.316000  18.8520   0.0180   0.7450   0.0530   0.3490      0
37357    1062.566000 1114.851000  18.4590   0.0660   0.8390   0.1300   0.3490      0
39783    1028.799000 1184.723000  18.9750   0.0160   1.2000   0.0360   0.3470      0
39774    1107.953000 1184.386000  19.6850   0.0250   0.9100   0.0450   0.3420      0
35239    1112.019000 1054.768000  19.0190   0.0250   0.5720   0.0420   0.3390      0
38124    996.062000 1136.628000  17.1050   0.0190   2.3060   0.0180   0.3370      0
34433    1008.557000 1030.983000  18.7470   0.0140   1.2770   0.0240   0.3270      0
33015    1082.874000 990.093000  20.9250   0.1880  -1.1300   0.1920   0.3190      0
34810    1153.489000 1041.959000  18.7340   0.0210   1.2160   0.0320   0.3150      0
35859    1006.337000 1072.256000  17.8010   0.0390   1.4130   0.0100   0.3150      0
36685    1108.972000 1095.685000  18.3880   0.0860  -0.0890   0.0800   0.3110      0
37263    1151.625000 1112.151000  15.6210   0.0070   6.4880   0.0680   0.3100      0
36755    1036.555000 1097.808000  18.3160   0.0580   1.1100   0.1020   0.3060      0
40488    1057.793000 1205.863000  21.0500   0.0780  -0.7060   0.0840   0.3050      0
36905    1094.611000 1101.594000  17.4180   0.0860  -0.0590   0.1010   0.3050      0
33830    1134.080000 1013.228000  19.2630   0.0430   1.1220   0.0370   0.3020      0
40359    1049.054000 1202.038000  19.6730   0.0340   0.9820   0.0590   0.3000      0
38841    1017.348000 1156.944000  18.1750   0.0140   1.4030   0.0350   0.2980      0
38605    1062.433000 1150.374000  16.7910   0.0000   2.1220   0.0020   0.2940      0
34704    1032.151000 1039.106000  17.0550   0.0160   2.1450   0.0490   0.2940      0
36847    1064.163000 1100.174000  17.5150   0.0120   1.8840   0.0330   0.2920      0
38383    1126.819000 1143.955000  19.3890   0.0220   0.8280   0.0610   0.2890      0
38787    1060.548000 1155.522000  19.3920   0.0260   1.3980   0.0400   0.2890      0
36511    1000.646000 1090.881000  18.6990   0.0100  -0.1390   0.0020   0.2860      0
34852    1115.181000 1043.227000  21.0890   0.1310  -0.7030   0.1380   0.2860      0
37386    1139.780000 1115.564000  18.6200   0.0920   0.0040   0.0900   0.2820      0
34961    1109.169000 1045.976000  18.0520   0.0390   1.7220   0.0130   0.2780      0
34720    1085.238000 1039.472000  19.8840   0.0360   0.7640   0.0480   0.2750      0
38832    1125.053000 1156.747000  18.7510   0.0160   1.2930   0.0260   0.2740      0
35393    1172.527000 1059.143000  19.1930   0.0170   1.0840   0.0590   0.2720      0
37179    1055.283000 1109.408000  18.2880   0.0730  -0.0740   0.1530   0.2700      0
34017    1126.378000 1019.187000  15.2640   0.0030   3.1250   0.0560   0.2670      0
37827    1186.793000 1128.330000  19.2480   0.0250   1.1660   0.0330   0.2670      0
37457    1001.131000 1117.776000  17.4260   0.0670   1.8010   0.0590   0.2670      0
34113    1043.847000 1022.116000  18.9610   0.0640   0.2800   0.0780   0.2660      0
36939    1190.025000 1102.525000  19.7620   0.0230   1.4590   0.0520   0.2650      0
39474    1105.350000 1175.924000  19.9470   0.0560  -0.2470   0.0770   0.2640      0
37807    1131.311000 1127.664000  18.9260   0.0140  -0.0640   0.1890   0.2620      0
37227    1022.044000 1110.958000  21.2680   0.1050  -0.6400   0.1350   0.2620      0
33099    1106.971000 992.754000  17.4290   0.0090   2.1480   0.0160   0.2610      0
37736    1054.451000 1125.609000  19.2530   0.0140   0.0180   0.1410   0.2610      0
36238    1007.689000 1082.732000  19.3130   0.0260  -0.1040   0.0330   0.2610      0
37427    1114.259000 1116.763000  19.2530   0.0500  -0.0530   0.0700   0.2590      0
40033    1106.673000 1192.443000  20.8860   0.0650  -0.3550   0.0740   0.2590      0
35865    1099.676000 1072.491000  19.1540   0.1010   0.1960   0.1190   0.2590      0
38571    1101.318000 1149.315000  19.9610   0.0370   0.5320   0.0660   0.2570      0
37185    1141.889000 1109.685000  19.5360   0.0310   0.0690   0.0410   0.2560      0
36315    1115.398000 1085.057000  18.7870   0.0410   0.1140   0.0880   0.2560      0
35602    1053.282000 1064.778000  21.1210   0.1270  -0.4780   0.1430   0.2560      0
36472    1096.328000 1089.487000  18.1130   0.0490  -0.2320   0.1530   0.2550      0
38996    1167.334000 1161.107000  19.0770   0.0150   1.6890   0.0340   0.2540      0
33098    1054.171000 992.747000  19.5240   0.0270   0.0780   0.0410   0.2540      0
34629    1142.238000 1037.052000  16.2890   0.0140  -0.4690   0.0610   0.2530      0
33949    1168.860000 1016.911000  19.5060   0.0250  -0.0070   0.0660   0.2510      0
39817    1064.336000 1185.871000  20.0030   0.0260   0.5550   0.0450   0.2510      0
36257    1180.516000 1083.304000  16.8850   0.0250   2.6550   0.0330   0.2490      0
38705    1101.398000 1153.277000  19.0950   0.0190  -0.0580   0.1910   0.2470      0
37529    980.643000 1119.543000  20.5360   0.0390   0.5530   0.0620   0.2470      0
34476    1082.904000 1032.420000  18.6380   0.0400  -0.0610   0.0140   0.2470      0
37911    1056.573000 1130.221000  17.5960   0.0500  -0.1070   0.0930   0.2470      0
35686    1133.689000 1067.355000  19.9490   0.0560   0.5850   0.0780   0.2470      0
34784    1108.395000 1041.181000  20.6450   0.0630  -0.2790   0.0740   0.2470      0
36119    1057.864000 1079.724000  19.4370   0.0650  -0.0710   0.0730   0.2470      0
36558    1069.444000 1092.398000  18.7650   0.0650   0.0760   0.0750   0.2470      0
34825    1083.480000 1042.571000  19.3850   0.0260   1.3240   0.0790   0.2460      0
37144    1122.167000 1108.236000  19.5240   0.0290  -0.0570   0.0400   0.2460      0
38943    1099.619000 1159.809000  21.1960   0.0940  -0.3820   0.1050   0.2460      0
35636    1162.012000 1065.780000  17.9410   0.0490   1.8270   0.0490   0.2450      0
38455    989.122000 1146.328000  19.4840   0.1250  -0.3010   0.1400   0.2450      0
39977    1144.673000 1190.918000  19.6420   0.0280   0.7660   0.0630   0.2440      0
37701    1117.798000 1124.389000  19.4400   0.0540  -0.0750   0.0880   0.2440      0
36981    1059.052000 1103.888000  19.1520   0.0470  -0.0700   0.0550   0.2430      0
37650    1108.949000 1122.855000  19.5530   0.0890  -0.2470   0.0980   0.2430      0
35098    987.569000 1050.640000  16.3370   0.0110   3.0150   0.0110   0.2420      0
37797    1109.061000 1127.344000  18.1340   0.0540   1.3020   0.1370   0.2420      0
39505    1049.169000 1176.678000  19.2870   0.0570  -0.0950   0.0790   0.2420      0
37799    1116.594000 1127.421000  19.0560   0.0690  -0.1400   0.1540   0.2410      0
34669    1039.587000 1038.199000  19.7340   0.0210   1.4980   0.0690   0.2400      0
40250    1048.130000 1199.001000  18.2890   0.0620  -0.1790   0.0680   0.2390      0
37220    988.689000 1110.820000  18.8780   0.0870   1.1730   0.0390   0.2390      0
34755    1146.731000 1040.282000  18.9760   0.0870   0.0880   0.1860   0.2390      0
37625    1041.955000 1122.077000  19.2310   0.0340  -0.0980   0.0390   0.2380      0
37735    993.385000 1125.573000  20.7100   0.0680  -0.2980   0.1140   0.2380      0
38496    1060.900000 1147.388000  21.2640   0.1330  -0.4290   0.1710   0.2380      0
38425    1003.511000 1145.474000  21.3520   0.1270  -0.4510   0.1340   0.2370      0
36590    1026.958000 1093.255000  20.4770   0.0380  -0.3340   0.0580   0.2350      0
39355    1110.445000 1172.141000  19.4980   0.0480  -0.0920   0.0840   0.2350      0
38322    1057.349000 1142.248000  20.6730   0.0510  -0.2540   0.0690   0.2350      0
39237    1063.907000 1168.530000  19.7820   0.0230   1.4740   0.0630   0.2340      0
37622    1140.685000 1122.053000  21.0280   0.0850  -0.3770   0.1000   0.2340      0
34888    1070.179000 1044.344000  19.1820   0.0500  -0.0620   0.0860   0.2330      0
35645    1093.016000 1066.087000  19.4490   0.0630   0.2960   0.0860   0.2330      0
37814    1169.457000 1127.896000  19.4140   0.1090  -0.2160   0.2130   0.2330      0
37953    1138.640000 1131.757000  21.3700   0.1330  -0.5140   0.1500   0.2330      0
34860    1128.383000 1043.499000  19.1420   0.0350  -0.1040   0.0560   0.2320      0
33380    1137.735000 1000.533000  19.0480   0.0590  -0.2150   0.1130   0.2320      0
39055    1024.180000 1163.188000  19.5050   0.0280  -0.1480   0.0300   0.2310      0
38246    1086.081000 1140.107000  19.3990   0.1120  -0.2130   0.2110   0.2310      0
35409    1004.822000 1059.495000  18.9520   0.0140   1.7900   0.0400   0.2300      0
35579    1118.257000 1064.233000  18.4180   0.0370  -0.1440   0.0720   0.2300      0
38941    1076.188000 1159.763000  20.5550   0.0500   0.5500   0.0720   0.2300      0
38215    1076.321000 1139.361000  19.4990   0.0910  -0.2610   0.1070   0.2300      0
33690    1115.520000 1009.475000  19.8310   0.0260   0.3730   0.1220   0.2290      0
34851    1010.991000 1043.222000  21.3440   0.0800  -0.2700   0.0950   0.2290      0
37782    1043.487000 1127.042000  19.5490   0.0890   0.0690   0.0950   0.2290      0
36982    1012.677000 1103.894000  19.5680   0.1090  -0.0370   0.0780   0.2290      0
39443    1054.197000 1175.041000  21.2530   0.0960  -0.2830   0.1060   0.2280      0
34325    1035.717000 1028.165000  19.3560   0.0270   1.3800   0.0870   0.2270      0
34108    1020.796000 1022.048000  20.0070   0.0250   0.2890   0.0360   0.2260      0
37692    1035.719000 1124.223000  21.1930   0.1130  -0.3150   0.1380   0.2260      0
39548    1133.504000 1178.318000  20.5810   0.0400  -0.2560   0.0640   0.2250      0
35426    1072.223000 1059.985000  20.6480   0.0930  -0.2700   0.1060   0.2250      0
34844    1161.287000 1043.006000  19.2890   0.0240  -0.1890   0.1560   0.2240      0
35033    1043.237000 1048.698000  19.0360   0.0140   1.2590   0.0230   0.2230      0
39138    1178.050000 1165.582000  19.9560   0.0320   0.3040   0.0610   0.2220      0
35505    1031.353000 1062.146000  19.8810   0.0340   0.8250   0.1440   0.2210      0
40060    1084.352000 1193.265000  19.8630   0.0580   0.5300   0.1510   0.2210      0
37997    982.690000 1132.907000  19.5830   0.0800  -0.0510   0.1380   0.2210      0
35952    1195.720000 1074.651000  19.5890   0.0270   0.2470   0.0370   0.2200      0
37501    1048.904000 1118.878000  19.3450   0.0420   0.6380   0.0540   0.2200      0
38453    1067.301000 1146.295000  17.8540   0.0590  -0.2430   0.0830   0.2200      0
35624    1020.916000 1065.391000  20.7930   0.0610  -0.3780   0.2120   0.2200      0
35810    1156.517000 1070.757000  19.0280   0.1150  -0.4080   0.1280   0.2200      0
35577    1135.473000 1064.189000  19.0220   0.0200  -0.2580   0.0390   0.2190      0
39074    1064.822000 1163.736000  20.5300   0.0390   0.7190   0.0650   0.2190      0
36285    1043.748000 1084.036000  18.9100   0.1040  -0.0540   0.1340   0.2170      0
36993    1113.477000 1104.100000  19.2480   0.1140   1.0680   0.1320   0.2170      0
35294    1089.238000 1056.252000  20.5010   0.0610  -0.3330   0.1330   0.2160      0
38585    1123.211000 1149.817000  19.0850   0.0200   1.6190   0.0490   0.2150      0
37839    1111.788000 1128.666000  19.7630   0.0650   0.2840   0.0740   0.2150      0
33740    1068.599000 1010.841000  20.5330   0.0650   0.5710   0.0850   0.2140      0
37998    1054.452000 1132.913000  19.5410   0.0850   0.2030   0.1080   0.2140      0
33533    1110.277000 1005.376000  20.5480   0.0420   0.7550   0.0840   0.2120      0
34681    992.651000 1038.400000  19.7640   0.0640   0.6140   0.0690   0.2120      0
36234    1123.495000 1082.654000  18.8820   0.0730  -0.3100   0.0830   0.2120      0
38930    1134.913000 1159.509000  18.2160   0.0740   1.3410   0.0490   0.2120      0
33700    1032.732000 1009.746000  18.4010   0.0090   1.5890   0.0290   0.2110      0
35004    1178.529000 1047.688000  20.6140   0.0540   0.6180   0.0730   0.2110      0
35797    1067.227000 1070.488000  19.8240   0.0860   0.5080   0.0930   0.2110      0
37464    997.230000 1117.897000  18.6600   0.0400   1.1790   0.0610   0.2100      0
35977    1002.968000 1075.299000  20.2110   0.0500  -0.0330   0.0550   0.2100      0
33601    1122.661000 1007.039000  20.5680   0.0580   0.5350   0.0790   0.2100      0
36444    1163.524000 1088.606000  19.8250   0.0360   0.1840   0.0420   0.2090      0
38274    1096.945000 1140.959000  19.8850   0.0450   0.3750   0.1130   0.2090      0
36912    1168.957000 1101.811000  20.6130   0.0520   0.7120   0.0730   0.2090      0
37576    1054.783000 1120.721000  19.8880   0.0770   0.3020   0.0960   0.2090      0
36046    978.904000 1077.512000  19.0920   0.0660  -0.1780   0.0600   0.2080      0
35176    1036.064000 1053.227000  19.1110   0.0260   1.1060   0.0370   0.2070      0
37694    1181.331000 1124.247000  20.4100   0.0340   0.0890   0.0430   0.2070      0
34147    1107.179000 1022.979000  20.5570   0.0600   0.5420   0.0910   0.2070      0
38714    1174.402000 1153.461000  18.9790   0.0250   1.8210   0.0420   0.2060      0
36308    1170.760000 1084.752000  19.9490   0.0720   0.2710   0.0800   0.2060      0
38157    1011.043000 1137.505000  19.0310   0.1010  -0.2430   0.0620   0.2060      0
36477    1047.919000 1089.837000  19.6080   0.0280   0.1720   0.0420   0.2050      0
39215    1148.320000 1167.905000  20.4390   0.0380   0.0260   0.0460   0.2050      0
35347    1067.050000 1057.866000  19.9200   0.0500  -0.0470   0.0790   0.2050      0
33166    1059.726000 994.347000  20.5990   0.0560   0.7510   0.0820   0.2050      0
40199    1029.978000 1197.399000  19.9410   0.0670   0.2720   0.0880   0.2050      0
35079    1117.876000 1050.271000  21.2280   0.1070  -0.1230   0.1310   0.2050      0
39996    1115.272000 1191.462000  19.0630   0.0130   1.3180   0.0280   0.2040      0
40175    1035.039000 1196.712000  19.0430   0.0140   1.4940   0.0230   0.2040      0
34460    1172.155000 1031.652000  19.6330   0.0210   0.1140   0.0260   0.2040      0
39470    1095.587000 1175.838000  20.4300   0.0390   0.0240   0.0500   0.2040      0
34075    1114.628000 1020.762000  18.6130   0.0460  -0.2190   0.0490   0.2040      0
37976    1163.957000 1132.380000  19.8330   0.0480   0.1340   0.0540   0.2030      0
34813    1122.428000 1042.099000  20.2430   0.0540  -0.0350   0.0890   0.2030      0
34791    1042.176000 1041.393000  21.0730   0.0730  -0.1530   0.0910   0.2030      0
33849    1099.067000 1013.812000  21.1450   0.0970  -0.0620   0.1060   0.2030      0
36603    1098.147000 1093.509000  18.5590   0.1060  -0.3200   0.1230   0.2030      0
38713    1116.472000 1153.412000  21.1650   0.0790  -0.0090   0.0950   0.2020      0
37880    1152.734000 1129.459000  21.1820   0.0850  -0.0200   0.0980   0.2020      0
39621    1143.031000 1180.482000  21.3550   0.0990  -0.1610   0.1150   0.2020      0
37396    1107.336000 1115.724000  18.6060   0.0560  -0.2600   0.0630   0.2010      0
40005    1078.172000 1191.646000  21.0990   0.0720  -0.0150   0.0900   0.2010      0
36538    993.234000 1091.655000  21.3840   0.1130  -0.2120   0.1320   0.2010      0
32939    1117.326000 987.990000  19.3940   0.0760   0.9900   0.0930   0.2000      0
36370    988.432000 1086.620000  20.5860   0.0480   0.0580   0.0580   0.1990      0
35059    1154.925000 1049.715000  20.8190   0.0730  -0.1950   0.0850   0.1990      0
36753    1023.213000 1097.799000  20.1200   0.1430  -0.0250   0.1470   0.1990      0
38203    1037.871000 1138.991000  20.6100   0.0510   0.0590   0.0610   0.1980      0
37205    1137.819000 1110.417000  20.5970   0.0590  -0.2060   0.0860   0.1980      0
34327    1032.577000 1028.199000  19.6680   0.0660   0.0250   0.0940   0.1980      0
38889    1109.404000 1158.163000  21.0940   0.0730   0.0000   0.0840   0.1980      0
34843    1053.354000 1042.983000  20.6140   0.0490   0.0130   0.0600   0.1970      0
35555    1022.689000 1063.633000  19.9820   0.0650  -0.0520   0.0710   0.1970      0
35333    1084.022000 1057.431000  20.9330   0.1010  -0.2260   0.1400   0.1970      0
38183    1017.541000 1138.239000  21.3230   0.1220  -0.1310   0.1310   0.1970      0
36224    1144.033000 1082.351000  21.4650   0.1360  -0.4260   0.2000   0.1970      0
37233    1168.708000 1111.128000  19.9750   0.0330   0.1820   0.0570   0.1960      0
34904    1061.060000 1044.739000  20.5820   0.0430   0.0870   0.0620   0.1960      0
36680    1071.432000 1095.620000  18.5580   0.0560  -0.2790   0.0650   0.1960      0
38237    1188.431000 1139.976000  19.1070   0.0120   1.7130   0.0270   0.1950      0
36336    1082.655000 1085.689000  17.8930   0.0590  -0.3270   0.0610   0.1950      0
39250    1123.885000 1168.838000  20.8660   0.1030  -0.1940   0.1120   0.1950      0
40513    1064.138000 1206.621000  20.0650   0.0370   0.3040   0.0520   0.1940      0
39784    1011.667000 1184.763000  20.6490   0.0470  -0.0120   0.0560   0.1940      0
38857    1155.284000 1157.283000  20.0960   0.0620  -0.0350   0.0780   0.1940      0
39558    1045.817000 1178.579000  20.8900   0.1050  -0.1950   0.1120   0.1940      0
36829    1121.233000 1099.615000  20.1210   0.1290   0.0130   0.1900   0.1940      0
35301    1141.328000 1056.403000  19.9980   0.0360   0.0540   0.0450   0.1930      0
34084    1089.309000 1021.307000  20.6780   0.0410  -0.0150   0.0490   0.1930      0
38378    1157.244000 1143.862000  20.3700   0.0450   0.0530   0.0570   0.1930      0
38802    1080.187000 1155.895000  20.7320   0.0570  -0.1530   0.0740   0.1930      0
36346    1034.029000 1085.998000  19.7020   0.0640   0.3420   0.0770   0.1930      0
36287    1092.029000 1084.065000  18.5070   0.0650  -0.2630   0.1020   0.1930      0
35504    1042.078000 1062.025000  20.3110   0.0770  -0.1150   0.0970   0.1930      0
33711    1084.994000 1009.925000  21.3120   0.1060  -0.1420   0.1780   0.1930      0
36545    1148.085000 1092.047000  19.9780   0.0330   0.1490   0.0690   0.1920      0
39625    1097.863000 1180.520000  20.6110   0.0490  -0.0170   0.0630   0.1920      0
33896    1096.952000 1015.379000  20.5470   0.0660   0.5370   0.1090   0.1920      0
39760    1090.823000 1183.990000  19.9440   0.0670   0.1140   0.1080   0.1920      0
34919    1090.564000 1045.108000  21.0520   0.0760  -0.0180   0.0850   0.1920      0
39456    1059.866000 1175.463000  21.1940   0.0860   0.0180   0.0980   0.1920      0
36999    1151.772000 1104.130000  20.3920   0.0500   0.1040   0.0560   0.1910      0
38938    1028.982000 1159.736000  20.5730   0.0510   0.5780   0.1660   0.1910      0
35455    1143.259000 1060.886000  21.0190   0.0620  -0.0520   0.0790   0.1910      0
34705    1099.263000 1039.112000  20.8530   0.0670  -0.1750   0.1140   0.1910      0
35172    1133.472000 1052.969000  20.9450   0.0830  -0.1830   0.0960   0.1910      0
40059    1139.962000 1193.265000  18.6160   0.0120   1.4470   0.0280   0.1900      0
39131    1122.699000 1165.355000  19.6480   0.0210   1.5600   0.0720   0.1900      0
38223    980.143000 1139.632000  18.2230   0.0230   1.5730   0.0880   0.1900      0
33467    1086.403000 1003.064000  19.7540   0.0780   0.9400   0.0840   0.1900      0
34897    1166.008000 1044.653000  21.0290   0.0900  -0.0770   0.1040   0.1900      0
37816    1087.201000 1127.945000  18.7510   0.0950  -0.3570   0.1140   0.1900      0
34293    1069.750000 1027.386000  20.5920   0.0480   0.1140   0.0630   0.1890      0
34537    1041.634000 1034.386000  20.6410   0.0560   0.0590   0.0760   0.1890      0
39765    1044.216000 1184.074000  21.1590   0.0860  -0.0830   0.1810   0.1890      0
36077    1185.490000 1078.506000  21.5360   0.1400  -0.4950   0.1610   0.1890      0
38760    1056.477000 1154.930000  20.9090   0.1410  -0.1810   0.1560   0.1890      0
38253    1157.945000 1140.286000  19.9950   0.0320   0.0250   0.0640   0.1880      0
37436    1043.161000 1116.991000  20.3690   0.0460   0.0290   0.0620   0.1880      0
33226    1050.434000 996.521000  21.1220   0.0710   0.0460   0.0840   0.1880      0
37075    1177.837000 1106.327000  20.4970   0.0440   0.4870   0.0600   0.1870      0
38059    1130.615000 1134.946000  20.0500   0.0670   0.3250   0.0770   0.1870      0
34692    1088.227000 1038.641000  21.3660   0.1620  -0.2450   0.2270   0.1870      0
35138    1082.756000 1051.654000  20.6570   0.0720  -0.0820   0.0860   0.1860      0
38369    1050.598000 1143.693000  20.7860   0.0780  -0.1170   0.0950   0.1860      0
36557    1153.376000 1092.384000  19.9730   0.0340   0.0590   0.0460   0.1850      0
38400    1093.970000 1144.653000  20.0280   0.0680   0.4000   0.1010   0.1850      0
38499    1140.776000 1147.467000  20.6290   0.0830  -0.0880   0.1030   0.1850      0
38344    1046.083000 1142.958000  19.6900   0.0270   0.2370   0.0860   0.1840      0
34308    1153.224000 1027.672000  20.7470   0.0530  -0.0310   0.0640   0.1840      0
39249    1035.757000 1168.832000  21.3560   0.0870  -0.0740   0.1230   0.1840      0
38163    1049.882000 1137.620000  20.2860   0.0910  -0.0060   0.1070   0.1840      0
34964    1085.742000 1046.204000  21.5340   0.2340  -0.4650   0.2430   0.1840      0
37713    980.842000 1124.766000  19.0640   0.0150   1.5070   0.0280   0.1830      0
38396    1134.101000 1144.524000  18.8070   0.0210   1.2260   0.0350   0.1830      0
34366    1063.521000 1029.030000  20.0940   0.0370   0.3070   0.0510   0.1830      0
36915    1000.633000 1101.877000  19.9550   0.0380  -0.0070   0.0430   0.1830      0
35995    1016.502000 1075.947000  20.2720   0.0440   0.0010   0.0870   0.1830      0
33628    1060.345000 1007.668000  20.6510   0.0480  -0.0810   0.0570   0.1830      0
40190    1074.415000 1197.148000  20.5550   0.0500   0.0980   0.0740   0.1830      0
40167    1092.982000 1196.495000  20.5490   0.0510  -0.0200   0.0670   0.1830      0
36160    1195.597000 1080.792000  20.1960   0.0690   0.0050   0.0740   0.1830      0
40347    1093.714000 1201.610000  21.3560   0.0800  -0.0540   0.1030   0.1830      0
35420    1136.744000 1059.680000  21.3510   0.0940  -0.0650   0.1200   0.1830      0
39510    1065.392000 1176.999000  21.5510   0.1490  -0.7640   0.1910   0.1830      0
38047    1174.571000 1134.409000  19.9190   0.0270   1.2550   0.0540   0.1820      0
39638    1075.845000 1180.875000  20.6510   0.0650   0.0020   0.1320   0.1820      0
36715    1012.263000 1096.628000  18.6140   0.0710   1.1170   0.0620   0.1820      0
34412    994.640000 1030.409000  21.1190   0.0740   0.0460   0.1000   0.1820      0
37020    1042.811000 1104.826000  20.0190   0.0980   0.0830   0.1050   0.1820      0
38594    1113.605000 1150.061000  20.7780   0.0490  -0.0270   0.0630   0.1810      0
33258    1058.508000 997.477000  20.8960   0.0880  -0.1240   0.1000   0.1810      0
33459    1035.193000 1002.801000  20.7980   0.1130  -0.1220   0.1600   0.1810      0
39586    1138.525000 1179.378000  20.1130   0.0270   0.2390   0.0370   0.1800      0
33562    1068.128000 1006.089000  20.0590   0.0300   0.1160   0.0590   0.1800      0
33187    1129.688000 994.888000  20.0490   0.0340   0.0390   0.0460   0.1800      0
38387    1098.065000 1144.072000  20.3120   0.0770   0.0050   0.0930   0.1800      0
39763    1033.948000 1184.017000  20.6500   0.0430   0.7880   0.0670   0.1790      0
34911    1066.837000 1044.955000  20.5630   0.0490   0.4710   0.0860   0.1790      0
38010    1183.292000 1133.288000  20.6950   0.0520   0.0440   0.0770   0.1790      0
40189    1062.635000 1197.142000  20.4800   0.0670  -0.0220   0.0830   0.1790      0
36700    1196.704000 1096.122000  20.3250   0.0310   0.2810   0.0440   0.1780      0
39596    1071.499000 1179.780000  20.2500   0.0450   0.0260   0.0530   0.1780      0
35932    1057.069000 1074.160000  20.0900   0.0630   0.0200   0.0930   0.1780      0
39219    1172.445000 1167.947000  20.5270   0.1050  -0.0940   0.1330   0.1780      0
35182    1152.050000 1053.378000  20.3840   0.0500  -0.0230   0.0580   0.1770      0
39912    1038.857000 1188.730000  20.6470   0.0580   0.1140   0.0720   0.1770      0
33344    1071.506000 999.599000  17.9350   0.0080   2.3360   0.0230   0.1760      0
37925    1127.293000 1130.679000  18.3790   0.0410   1.3870   0.0870   0.1760      0
39557    1084.521000 1178.567000  21.0500   0.1230  -0.1020   0.2010   0.1760      0
39659    1146.645000 1181.447000  20.3520   0.0370   0.2510   0.0480   0.1750      0
38053    1167.227000 1134.751000  20.3230   0.0390   0.1130   0.0490   0.1750      0
34568    1045.442000 1035.258000  20.3510   0.0450   0.1980   0.0570   0.1750      0
35052    1035.403000 1049.355000  20.4750   0.0480  -0.0450   0.0760   0.1750      0
36985    990.278000 1103.985000  20.8590   0.0720  -0.1050   0.1270   0.1750      0
38894    1157.877000 1158.366000  20.5030   0.0770  -0.2270   0.0930   0.1750      0
34022    1094.198000 1019.237000  21.2440   0.0840   0.0590   0.0990   0.1750      0
38912    1057.407000 1158.950000  20.8710   0.0630  -0.0890   0.0870   0.1740      0
39874    1125.581000 1187.564000  20.9620   0.0730  -0.1450   0.1870   0.1730      0
34401    1176.512000 1030.214000  20.0870   0.0290   0.1530   0.0350   0.1720      0
37402    994.600000 1115.899000  19.0300   0.0290   1.3750   0.1680   0.1720      0
37959    1009.373000 1131.914000  20.4310   0.0360   0.1160   0.0860   0.1720      0
34569    1000.289000 1035.261000  20.6100   0.0410   0.1710   0.0520   0.1720      0
36017    1199.715000 1076.643000  21.2630   0.0720   0.0690   0.0890   0.1720      0
37336    1135.111000 1114.266000  20.4210   0.0900   0.0820   0.1110   0.1720      0
39121    1032.950000 1164.969000  21.4530   0.1060  -0.1380   0.1250   0.1720      0
37303    983.981000 1113.214000  18.8510   0.0590  -0.2200   0.0470   0.1710      0
33399    1038.841000 1001.096000  20.7990   0.1160  -0.0430   0.1330   0.1710      0
35146    1163.763000 1052.035000  21.0340   0.0800   0.0100   0.1280   0.1690      0
33186    1089.118000 994.867000  20.7190   0.0490   0.0720   0.0580   0.1680      0
34986    1012.892000 1047.267000  19.6160   0.0260   1.4600   0.0490   0.1670      0
40712    1067.167000 1212.215000  20.7400   0.0540   0.0360   0.0970   0.1670      0
35484    1096.731000 1061.698000  18.7630   0.0760  -0.1150   0.1030   0.1670      0
37235    1184.884000 1111.243000  18.3700   0.0240   2.1570   0.0390   0.1660      0
34912    1124.900000 1045.003000  19.3380   0.0340  -0.3010   0.0510   0.1650      0
36263    1156.747000 1083.500000  20.0980   0.0350   0.1340   0.0450   0.1650      0
36947    987.923000 1102.712000  19.9170   0.0360   0.0970   0.0400   0.1650      0
39060    1114.540000 1163.271000  20.4360   0.0620  -0.2740   0.1120   0.1650      0
39360    1088.196000 1172.251000  20.4800   0.0660   0.4910   0.0810   0.1650      0
36282    1174.539000 1083.894000  20.6590   0.0740   0.1360   0.0820   0.1650      0
36937    1161.422000 1102.420000  20.3460   0.0380   0.2820   0.0540   0.1640      0
36707    989.749000 1096.328000  20.5020   0.0480   0.1280   0.0580   0.1640      0
33760    1036.784000 1011.378000  20.8340   0.0520   0.0040   0.0680   0.1640      0
39646    1068.207000 1181.063000  20.7930   0.0540   0.0300   0.0710   0.1640      0
37318    1180.241000 1113.646000  18.5720   0.0720   1.1800   0.0810   0.1640      0
36896    1135.326000 1101.421000  19.3420   0.1250  -0.1920   0.0430   0.1630      0
32974    1084.654000 988.891000  19.2200   0.0240   2.2690   0.1160   0.1620      0
35946    1130.016000 1074.501000  20.0910   0.0410   0.1000   0.0690   0.1620      0
35032    1188.142000 1048.685000  20.5410   0.0440  -0.1310   0.0490   0.1620      0
35272    1185.261000 1055.689000  20.6670   0.0680   0.1440   0.0750   0.1620      0
35495    1036.208000 1061.858000  20.7090   0.0840   0.0970   0.1080   0.1620      0
33448    1090.950000 1002.491000  20.2480   0.0440   0.0920   0.0540   0.1610      0
34795    1101.232000 1041.682000  20.5160   0.0500   0.1420   0.0720   0.1600      0
37355    1156.088000 1114.813000  20.2490   0.0550   0.0980   0.0790   0.1600      0
36830    1172.603000 1099.697000  20.5740   0.0570   0.1810   0.0800   0.1600      0
36010    1047.319000 1076.387000  20.3060   0.0730   0.1890   0.1000   0.1590      0
34452    1160.249000 1031.458000  21.2720   0.0940   0.0820   0.1190   0.1590      0
38361    1012.248000 1143.498000  20.2100   0.0330   0.1010   0.0410   0.1580      0
35698    1028.137000 1067.595000  18.8090   0.0160   1.4910   0.0280   0.1570      0
36527    1107.103000 1091.323000  16.5510   0.0500   1.7080   0.1040   0.1570      0
37346    974.177000 1114.600000  20.1920   0.0420   0.4020   0.0570   0.1560      0
34345    1075.372000 1028.696000  20.4730   0.0590  -0.1050   0.0630   0.1560      0
36574    1173.565000 1092.809000  20.6710   0.0660   0.5690   0.0820   0.1560      0
39097    1071.218000 1164.330000  21.0920   0.0730   0.1060   0.0950   0.1560      0
37399    1191.067000 1115.842000  21.0470   0.0910   0.0790   0.1030   0.1560      0
34682    1033.848000 1038.429000  20.0710   0.1020   0.4860   0.1080   0.1560      0
34273    1019.367000 1026.837000  20.5530   0.0580   0.1810   0.0680   0.1550      0
33738    1158.058000 1010.768000  20.1510   0.0650   0.1690   0.1170   0.1550      0
39397    1130.744000 1173.532000  21.1030   0.0830   0.0670   0.1800   0.1550      0
32998    1092.033000 989.487000  20.3410   0.0860   0.2140   0.0940   0.1540      0
33929    1011.080000 1016.163000  21.3690   0.1110   0.0340   0.1270   0.1540      0
34509    1064.016000 1033.338000  20.7610   0.1160   0.0920   0.1240   0.1540      0
37868    1157.241000 1129.167000  20.1770   0.0390   0.0580   0.0480   0.1530      0
33418    1025.847000 1001.791000  20.6720   0.0570   0.1740   0.0680   0.1530      0
38492    1010.251000 1147.324000  21.2130   0.0830   0.1250   0.0970   0.1530      0
34535    1072.330000 1034.291000  20.2600   0.0910   0.1890   0.0950   0.1530      0
38700    998.018000 1153.151000  21.2980   0.1310   0.0460   0.1760   0.1530      0
40279    1039.852000 1199.682000  21.1400   0.1370   0.0830   0.1500   0.1530      0
39627    1015.195000 1180.533000  18.9740   0.0170   1.6110   0.0280   0.1520      0
35594    1048.661000 1064.600000  20.2020   0.0420   0.3950   0.0630   0.1520      0
39254    1100.373000 1168.896000  20.3840   0.0430  -0.1080   0.0610   0.1520      0
39171    1039.326000 1166.534000  20.3410   0.0600   0.2700   0.0740   0.1520      0
38584    1081.920000 1149.768000  21.2850   0.0790   0.1040   0.1140   0.1520      0
38935    1149.500000 1159.570000  20.9140   0.1190   0.0390   0.1270   0.1520      0
40345    1043.488000 1201.599000  18.6900   0.0130   1.6280   0.0400   0.1510      0
33271    1067.186000 998.000000  20.2780   0.0460   0.1840   0.0530   0.1500      0
33990    1050.889000 1018.385000  20.1840   0.0710   0.3700   0.0750   0.1500      0
37488    1029.287000 1118.634000  21.4450   0.1200  -0.0290   0.1450   0.1500      0
36037    1146.211000 1077.264000  20.1630   0.0340   0.2570   0.0440   0.1490      0
37422    1174.976000 1116.576000  21.5330   0.1020  -0.1790   0.1760   0.1490      0
34206    1149.715000 1024.817000  19.9240   0.0290   1.4400   0.0650   0.1480      0
34245    1003.860000 1025.928000  21.3350   0.1040   0.0640   0.1540   0.1480      0
33409    1107.741000 1001.426000  20.7640   0.0420   0.8860   0.0730   0.1470      0
35173    1072.723000 1053.092000  21.0380   0.0720   0.1030   0.0990   0.1470      0
32931    1055.799000 987.785000  20.6930   0.0770   0.7270   0.1160   0.1470      0
36207    1201.143000 1081.900000  18.7850   0.0100   1.4050   0.0250   0.1460      0
40173    1098.932000 1196.620000  21.0170   0.0710   0.0980   0.0810   0.1460      0
40377    1064.248000 1202.663000  21.2240   0.0720   0.1440   0.0950   0.1460      0
35916    1188.656000 1073.789000  20.9560   0.0750   0.0650   0.0850   0.1460      0
38068    1163.498000 1135.196000  20.6730   0.1020   0.8000   0.1970   0.1460      0
35982    1026.194000 1075.469000  20.1820   0.0400   0.1160   0.0470   0.1450      0
35031    1094.672000 1048.676000  20.7820   0.0820   0.1270   0.1320   0.1450      0
38244    1162.346000 1140.071000  20.2790   0.0470   0.3150   0.0570   0.1440      0
36280    1141.625000 1083.881000  18.8840   0.0200   1.3450   0.0290   0.1430      0
36475    1014.024000 1089.567000  20.7080   0.0770   0.7890   0.1040   0.1430      0
35107    1192.653000 1050.896000  20.2260   0.0320   1.2570   0.0720   0.1420      0
36337    1188.329000 1085.781000  20.6780   0.0550   0.4740   0.0800   0.1420      0
35072    1091.135000 1050.068000  20.6780   0.0470   0.2150   0.0700   0.1410      0
39388    1034.081000 1173.225000  20.5920   0.0740   0.4010   0.0870   0.1410      0
35086    1058.267000 1050.406000  21.0010   0.0750   0.1030   0.0910   0.1410      0
39941    1099.486000 1189.830000  20.1710   0.0270   0.8000   0.0500   0.1400      0
35758    1019.150000 1069.386000  20.2250   0.0450   0.4040   0.0610   0.1400      0
38334    999.763000 1142.493000  20.8310   0.0640   0.1030   0.1120   0.1400      0
36596    1017.506000 1093.383000  20.9010   0.0820   0.0820   0.1000   0.1390      0
35530    995.725000 1062.886000  21.3270   0.1010   0.1190   0.1180   0.1390      0
35021    1162.664000 1048.123000  20.6230   0.1490   0.3690   0.1570   0.1390      0
39441    1009.217000 1174.969000  21.0100   0.0860   0.1160   0.0970   0.1380      0
40356    1113.039000 1201.929000  21.7030   0.1060  -0.4110   0.1390   0.1380      0
38422    1161.331000 1145.408000  20.4290   0.0530   0.5540   0.0740   0.1370      0
35567    1018.702000 1063.946000  20.1160   0.0580   0.4790   0.0690   0.1370      0
39482    1127.130000 1176.100000  20.6680   0.0580   0.3980   0.1060   0.1370      0
39063    1135.166000 1163.337000  20.5310   0.0630   0.2540   0.1110   0.1370      0
38657    1017.508000 1151.833000  20.6600   0.0780   0.2570   0.0890   0.1370      0
39499    1130.493000 1176.577000  20.0660   0.0340   1.6570   0.0750   0.1360      0
33545    1041.933000 1005.692000  20.8010   0.0560   0.4380   0.0690   0.1360      0
36236    1004.325000 1082.675000  20.7900   0.0700   0.1800   0.1170   0.1360      0
38222    1194.226000 1139.583000  20.6160   0.0900   0.3290   0.1100   0.1360      0
39004    1068.332000 1161.529000  21.1890   0.0920   0.1620   0.1200   0.1360      0
39370    1145.751000 1172.485000  21.1500   0.1010   0.1570   0.1180   0.1360      0
39295    1169.388000 1170.215000  21.4860   0.1270  -0.0020   0.1500   0.1360      0
35779    1180.255000 1070.049000  20.1800   0.0440   1.5050   0.0690   0.1350      0
36964    1194.777000 1103.201000  20.7820   0.0640   0.3870   0.0800   0.1350      0
39787    1150.596000 1184.818000  20.7180   0.0670   0.3780   0.0850   0.1340      0
38730    1043.682000 1153.861000  20.4190   0.1130   0.3030   0.1220   0.1340      0
34667    1052.673000 1038.150000  20.6740   0.0560   0.3790   0.0750   0.1330      0
39404    1066.856000 1173.811000  18.7900   0.0240   1.7690   0.0360   0.1320      0
34212    1110.859000 1024.894000  20.6340   0.0650   0.3160   0.0850   0.1320      0
40457    1115.748000 1204.938000  20.7700   0.0760   0.2370   0.1010   0.1320      0
35970    1013.870000 1075.142000  20.7230   0.0880   0.5840   0.1090   0.1320      0
37677    998.136000 1123.721000  20.8590   0.0520   0.3700   0.0740   0.1310      0
40131    1126.935000 1195.484000  20.6350   0.0530   0.3180   0.0770   0.1310      0
38555    1109.726000 1148.822000  20.4690   0.0560   0.2050   0.0710   0.1310      0
38099    1037.945000 1135.924000  20.7590   0.0560   0.2110   0.0860   0.1310      0
35850    1192.673000 1072.080000  20.7530   0.0610   0.3780   0.1360   0.1310      0
39584    1150.900000 1179.355000  20.7720   0.0700   0.3110   0.0800   0.1310      0
33798    1054.724000 1012.244000  18.9520   0.0130   1.3220   0.0290   0.1300      0
39702    1041.487000 1182.443000  21.3930   0.1020   0.1010   0.1340   0.1300      0
35600    1062.926000 1064.724000  20.7580   0.1410   0.3510   0.1550   0.1300      0
34703    1164.509000 1039.093000  20.8360   0.0620   0.2560   0.1410   0.1290      0
34741    1046.194000 1039.913000  20.5450   0.0650   0.3720   0.0730   0.1290      0
34651    1178.404000 1037.598000  21.2010   0.0910   0.1800   0.1010   0.1290      0
37879    1181.815000 1129.421000  20.8270   0.0680   0.3940   0.1090   0.1280      0
35404    1060.348000 1059.416000  20.8210   0.0760   0.3450   0.0930   0.1280      0
39059    1138.292000 1163.259000  20.8050   0.0720   0.9770   0.1020   0.1260      0
39561    1170.687000 1178.637000  21.1390   0.0790   0.1870   0.1120   0.1260      0
39821    1083.818000 1185.965000  21.2170   0.1160   0.1820   0.1370   0.1260      0
40520    1060.222000 1206.835000  20.2790   0.1770   0.5310   0.2070   0.1260      0
40297    1060.500000 1200.122000  19.0300   0.0210   1.6630   0.0590   0.1250      0
34073    1152.950000 1020.727000  20.5250   0.0490   0.2390   0.0620   0.1250      0
37580    988.007000 1120.864000  20.8390   0.0560   0.1650   0.0690   0.1250      0
35940    1176.329000 1074.346000  20.8590   0.0690   0.4490   0.0780   0.1240      0
33771    1103.655000 1011.647000  21.6350   0.1010  -0.1020   0.1210   0.1230      0
39607    1093.241000 1180.040000  20.9100   0.0680   0.1640   0.0910   0.1210      0
33388    1102.190000 1000.772000  20.8710   0.0690   0.4300   0.0880   0.1210      0
35583    1152.205000 1064.294000  21.0050   0.1010   0.1770   0.1160   0.1210      0
35285    1192.811000 1056.053000  20.3790   0.0440   0.3980   0.1340   0.1190      0
36070    1019.425000 1078.267000  20.8800   0.0540   0.4230   0.1140   0.1190      0
38432    1187.020000 1145.779000  21.4720   0.0800   0.0740   0.1060   0.1190      0
34858    1037.785000 1043.476000  20.0700   0.0350   1.4350   0.0740   0.1180      0
36531    987.348000 1091.501000  20.8890   0.0490   0.3040   0.0800   0.1180      0
39739    1077.379000 1183.414000  20.9310   0.0790   0.1790   0.0990   0.1180      0
34471    1070.415000 1031.979000  20.7930   0.0650   0.6100   0.1760   0.1160      0
36019    1133.722000 1076.695000  20.9560   0.0730   0.1830   0.0940   0.1150      0
34184    1175.574000 1023.966000  20.6990   0.0600   1.0380   0.0950   0.1140      0
40395    1039.262000 1203.130000  20.9070   0.1010   0.2910   0.1280   0.1130      0
38582    1143.719000 1149.726000  20.3560   0.1020   0.4720   0.1160   0.1130      0
36029    1160.722000 1077.034000  21.3790   0.1150   0.1770   0.1410   0.1130      0
33171    1110.125000 994.484000  20.8970   0.0910   0.3650   0.1070   0.1120      0
37142    1036.814000 1108.198000  20.9050   0.1070   0.3450   0.1210   0.1110      0
36946    982.358000 1102.697000  18.9360   0.0150   1.4850   0.0330   0.1080      0
38081    1149.955000 1135.515000  19.1200   0.0170   1.5530   0.0340   0.1080      0
34278    1157.429000 1026.963000  20.4490   0.0410   0.3600   0.0540   0.1080      0
40242    1091.047000 1198.844000  20.9530   0.0500   1.1260   0.1630   0.1080      0
39665    1063.850000 1181.548000  21.7480   0.1480  -0.1230   0.1640   0.1080      0
37114    1169.249000 1107.351000  20.9090   0.0630   0.4910   0.0900   0.1070      0
39265    1139.866000 1169.121000  21.8870   0.1450  -0.3130   0.1650   0.1070      0
33554    1141.136000 1005.924000  20.9210   0.0750   1.0860   0.1290   0.1060      0
40027    1131.975000 1192.211000  18.6740   0.0260   1.4760   0.0510   0.1040      0
35442    1184.069000 1060.498000  18.8710   0.0320   1.3370   0.1070   0.1040      0
38129    1005.818000 1136.741000  21.2840   0.0790   0.2480   0.1080   0.1030      0
35319    1020.140000 1056.969000  20.3620   0.0740   0.4620   0.0800   0.1020      0
33978    1027.306000 1017.989000  22.1640   0.1620  -0.2600   0.1910   0.1020      0
38416    1179.473000 1145.151000  20.8540   0.0630   0.7660   0.1550   0.1000      0
33631    1092.828000 1007.753000  21.3150   0.1650   0.2890   0.2300   0.1000      0
34161    1098.625000 1023.231000  18.9770   0.0300   1.5110   0.0570   0.0990      0
38308    1174.404000 1141.953000  21.6710   0.1030   0.0290   0.1310   0.0990      0
37394    1150.149000 1115.685000  20.5320   0.1420   1.0500   0.1810   0.0990      0
39094    1144.958000 1164.156000  21.4130   0.0890   0.2190   0.1070   0.0950      0
36809    1154.601000 1099.072000  21.2970   0.0980   0.2740   0.1210   0.0950      0
36131    1014.619000 1079.979000  21.6120   0.0830   0.1090   0.1280   0.0940      0
34305    1085.403000 1027.647000  20.9620   0.0890   0.4970   0.1030   0.0940      0
33737    1044.738000 1010.750000  22.1650   0.1920  -0.2060   0.2110   0.0930      0
35547    1148.590000 1063.485000  20.4540   0.0620   0.9260   0.1250   0.0920      0
39221    1000.024000 1167.974000  20.9660   0.0660   0.5250   0.0830   0.0920      0
39264    1019.385000 1169.066000  21.0830   0.1320   0.3720   0.1690   0.0920      0
35585    1197.694000 1064.338000  20.1890   0.0630   0.9240   0.1190   0.0910      0
38397    1108.691000 1144.524000  20.4060   0.0630   0.7400   0.0950   0.0900      0
40525    1073.394000 1207.035000  20.8720   0.0540   0.7520   0.0740   0.0890      0
36533    1169.470000 1091.520000  20.9720   0.0760   1.0230   0.1810   0.0880      0
34540    1166.661000 1034.484000  21.6120   0.1080   0.1560   0.1290   0.0880      0
38349    1182.468000 1143.123000  20.9880   0.0590   0.4990   0.1730   0.0870      0
34511    1111.981000 1033.408000  21.0230   0.0760   0.3500   0.1190   0.0870      0
38881    1004.797000 1157.976000  20.9510   0.0960   0.9370   0.2070   0.0870      0
38558    993.282000 1148.969000  21.0180   0.0780   0.4360   0.0960   0.0840      0
36135    991.554000 1080.031000  21.0870   0.0710   0.5390   0.2340   0.0820      0
39353    1174.413000 1172.091000  21.1910   0.0800   0.3360   0.1080   0.0820      0
35170    998.365000 1052.947000  19.2330   0.0210   1.5780   0.0390   0.0810      0
37907    1025.069000 1130.118000  20.4710   0.1850   1.2300   0.2170   0.0800      0
35433    1194.995000 1060.230000  21.1080   0.1270   0.4800   0.1500   0.0790      0
38224    1029.544000 1139.639000  22.0340   0.2060  -0.0560   0.2420   0.0790      0
37015    1167.454000 1104.684000  20.3280   0.0480   1.0470   0.1720   0.0780      0
39536    1120.825000 1177.854000  21.4730   0.1050   0.2770   0.1310   0.0780      0
38660    995.602000 1151.880000  21.2380   0.1080   0.4410   0.1830   0.0780      0
36386    979.162000 1086.983000  21.0000   0.0730   0.7260   0.1530   0.0770      0
38220    1105.882000 1139.495000  21.0990   0.1000   0.4810   0.1370   0.0770      0
36420    1200.088000 1087.997000  21.0500   0.1030   0.6480   0.1170   0.0770      0
39148    1114.915000 1165.888000  21.0810   0.0630   0.5800   0.1430   0.0760      0
37835    1028.236000 1128.510000  21.6930   0.1120   0.2370   0.1930   0.0760      0
33981    1120.727000 1018.127000  21.1240   0.1130   0.4830   0.1340   0.0760      0
35027    1005.070000 1048.525000  21.2870   0.0790   0.9830   0.1240   0.0730      0
36656    1006.049000 1094.955000  21.1460   0.0960   0.6070   0.1200   0.0730      0
39312    1031.530000 1170.555000  21.3140   0.1000   0.4270   0.1750   0.0730      0
36058    1175.112000 1077.911000  21.1690   0.0670   0.6530   0.1120   0.0720      0
34483    1095.898000 1032.665000  21.7370   0.1720   0.3140   0.2230   0.0720      0
33304    1046.349000 998.690000  21.2980   0.0650   0.7180   0.1100   0.0700      0
37536    1037.542000 1119.677000  21.2420   0.0850   0.8460   0.1430   0.0700      0
38304    1141.508000 1141.860000  21.2500   0.1090   0.5280   0.1780   0.0700      0
34181    1005.674000 1023.863000  21.5030   0.1340   0.3470   0.1510   0.0700      0
35793    1185.923000 1070.408000  21.5980   0.1050   0.3790   0.1830   0.0660      0
33644    1145.954000 1008.209000  21.6640   0.1200   0.3720   0.1530   0.0660      0
35632    999.757000 1065.693000  21.3870   0.0820   0.9000   0.1510   0.0630      0
38285    1021.812000 1141.316000  21.8900   0.1540   0.5020   0.1990   0.0620      0
37885    1176.621000 1129.538000  21.6560   0.1220   0.4610   0.1500   0.0610      0
33060    1096.061000 991.595000  21.3710   0.1090   0.7160   0.2220   0.0600      0
34462    1054.257000 1031.695000  21.7520   0.1450   0.6060   0.1980   0.0600      0
34565    1015.665000 1035.182000  21.8280   0.1520   0.7200   0.1940   0.0590      0
40277    1108.564000 1199.614000  21.4960   0.0930   0.5690   0.1290   0.0490      0
