#ID x y mag e_mag col1 e_col1 memb_prob sel
253607   1051.263000 5232.206000  18.9420   0.0060   1.6670   0.0130   0.5910      1
253682   1056.286000 5216.514000  18.9360   0.0070   1.6490   0.0140   0.5910      1
253716   1058.437000 5231.315000  18.9090   0.0160   1.6610   0.0250   0.5470      1
253562   1048.867000 5258.844000  19.7040   0.0120   0.5430   0.0140   0.5190      1
252072   958.714000 5279.303000  19.5620   0.0100   0.0370   0.0120   0.5180      1
254697   1117.652000 5264.389000  18.9430   0.0080   1.6500   0.0460   0.5110      1
255276   1151.924000 5255.620000  19.0740   0.0070   1.6210   0.0150   0.5040      1
255187   1147.336000 5315.476000  19.5800   0.0090   0.0420   0.0110   0.4800      1
254706   1118.052000 5290.875000  19.5820   0.0100   0.0360   0.0120   0.4740      1
255134   1144.432000 5187.799000  19.7770   0.0160   0.4510   0.0180   0.4730      1
254306   1094.136000 5232.966000  19.7770   0.0120   0.4480   0.0180   0.4710      1
254232   1090.606000 5222.410000  19.1090   0.0130   1.5530   0.0180   0.4690      1
253354   1036.167000 5322.804000  19.6730   0.0120   0.5230   0.0160   0.4630      1
253346   1035.763000 5248.933000  18.8910   0.0100   1.7090   0.0210   0.4600      1
251944   952.051000 5323.491000  19.4380   0.0080   1.6510   0.0160   0.4550      1
251676   936.257000 5158.543000  19.8010   0.0130   0.5040   0.0210   0.4500      1
252594   992.068000 5260.605000  19.7420   0.0080   0.4120   0.0120   0.4470      1
255508   1165.684000 5232.049000  19.5340   0.0070   0.0440   0.0090   0.4460      1
253044   1016.962000 5212.819000  19.0940   0.0060   1.6420   0.0120   0.4440      1
254149   1084.996000 5312.777000  18.3600   0.0050   1.7730   0.0090   0.4430      1
251240   910.257000 5298.643000  20.4080   0.0180   1.1200   0.0370   0.4380      1
253053   1017.497000 5090.340000  19.3670   0.0100   1.7540   0.0220   0.4310      1
255162   1145.883000 5248.757000  19.0730   0.0090   1.4980   0.0230   0.4260      1
253718   1058.719000 5178.828000  18.9270   0.0190   1.5880   0.0690   0.4260      1
254097   1081.977000 5357.274000  18.3450   0.0060   1.7610   0.0090   0.4240      1
252843   1004.846000 5270.187000  19.7290   0.0150   0.5070   0.0220   0.4230      1
253257   1029.993000 5226.834000  19.6980   0.0080   0.5560   0.0760   0.4100      1
253437   1040.805000 5229.885000  19.1150   0.0070   1.5100   0.0440   0.4050      1
254208   1089.090000 5070.549000  20.1660   0.0120   0.4640   0.0170   0.4050      1
252668   995.782000 5092.114000  20.8160   0.0180   0.1400   0.0210   0.4020      1
252062   958.329000 5254.934000  19.1950   0.0070   1.6950   0.0140   0.3990      1
253127   1021.602000 5285.793000  18.7440   0.0070   1.4370   0.0120   0.3970      1
253888   1069.302000 5113.307000  19.3480   0.0060   1.6780   0.0150   0.3920      1
253165   1024.452000 5166.938000  19.1660   0.0160   0.2260   0.0170   0.3920      1
255012   1136.724000 5198.702000  20.1680   0.0190   0.4780   0.0280   0.3890      1
252864   1006.333000 5214.755000  19.2350   0.0100   1.7320   0.0350   0.3870      1
255250   1150.260000 5244.680000  19.2110   0.0080   0.1870   0.0110   0.3860      1
253383   1037.729000 5188.382000  19.7750   0.0090   0.5250   0.0130   0.3830      1
252006   954.750000 5105.461000  19.3570   0.0240   1.6310   0.0810   0.3830      1
254288   1093.550000 5244.271000  18.7600   0.0050   1.5900   0.0100   0.3820      1
253441   1041.157000 5327.399000  17.7910   0.0070   1.8340   0.0160   0.3820      1
253439   1041.026000 5216.225000  18.7050   0.0050   1.2660   0.0090   0.3810      1
253263   1030.180000 5305.371000  19.1790   0.0070   0.1720   0.0090   0.3810      1
253215   1027.306000 5140.552000  18.0180   0.0040   2.2590   0.0100   0.3800      1
252532   987.437000 5345.773000  20.4560   0.0190   0.5690   0.0300   0.3750      1
255894   1190.871000 5168.096000  18.9710   0.0060  -0.1690   0.0070   0.3740      1
253236   1028.481000 5311.735000  20.4580   0.0150   0.5440   0.0210   0.3740      1
255297   1153.098000 5214.602000  19.7320   0.0080   1.7520   0.0250   0.3710      1
252354   976.979000 5259.770000  19.1470   0.0070   0.0930   0.0090   0.3700      1
253371   1036.963000 5228.372000  19.9030   0.0300  -0.1060   0.0450   0.3700      1
252808   1003.312000 5263.939000  19.4570   0.0100   1.2960   0.0590   0.3690      1
255278   1152.008000 5200.580000  20.0830   0.0110   0.7930   0.0190   0.3690      1
255885   1190.284000 5265.228000  20.4600   0.0140   0.6070   0.0210   0.3680      1
255374   1157.448000 5209.897000  20.4570   0.0180   0.5560   0.0230   0.3680      1
251226   909.278000 5169.644000  19.1060   0.0070   0.1450   0.0090   0.3670      1
253530   1046.347000 5120.889000  19.6190   0.0070   1.0030   0.0130   0.3670      1
253764   1061.576000 5264.980000  19.3130   0.0110   0.3230   0.0130   0.3670      1
253476   1043.658000 5210.617000  19.2550   0.0070   0.3580   0.0160   0.3650      1
253802   1063.733000 5175.440000  20.1260   0.0140   0.4700   0.0190   0.3650      1
253481   1043.777000 5261.548000  18.8360   0.0090   1.6920   0.0140   0.3630      1
251297   913.575000 5292.852000  18.7460   0.0110   0.0450   0.0110   0.3630      1
251551   928.655000 5250.304000  20.7220   0.0160   0.2740   0.0210   0.3630      1
255040   1139.151000 5269.117000  19.0710   0.0090   1.7390   0.0610   0.3550      1
254124   1083.844000 5206.832000  19.2720   0.0070   1.6670   0.0160   0.3540      1
253803   1063.827000 5232.045000  19.9490   0.0120  -0.0500   0.0140   0.3540      1
251982   953.795000 5225.577000  19.1450   0.0050   0.0410   0.0070   0.3510      1
252192   966.968000 5195.007000  20.7010   0.0170   0.3110   0.0240   0.3510      1
252415   980.852000 5207.570000  18.8630   0.0140   1.7420   0.0170   0.3500      1
253993   1076.224000 5370.710000  19.2720   0.0090   1.6940   0.0180   0.3490      1
252930   1010.244000 5225.005000  19.5690   0.0100   0.6370   0.0170   0.3450      1
253003   1014.424000 5173.523000  20.4550   0.0160   0.5180   0.0210   0.3450      1
251639   933.945000 5154.365000  19.0100   0.0070  -0.1460   0.0080   0.3420      1
253454   1042.124000 5169.398000  20.4920   0.0130   1.1200   0.0300   0.3320      1
253686   1056.528000 5135.689000  20.1410   0.0170   0.7640   0.0230   0.3300      1
252199   967.592000 5217.798000  21.8510   0.0580  -0.0500   0.0770   0.3290      1
252895   1008.044000 5370.535000  20.5310   0.0150   0.4470   0.0210   0.3250      1
253341   1035.362000 5197.676000  19.5490   0.0210   0.8080   0.0260   0.3250      1
252980   1013.289000 5254.623000  19.8870   0.0110   0.5380   0.0150   0.3220      1
253790   1063.082000 5205.520000  20.0880   0.0390   0.8340   0.0450   0.3160      1
254093   1081.611000 5257.057000  20.3830   0.0120   0.4190   0.0180   0.3140      1
252880   1007.238000 5130.844000  20.4970   0.0190   0.4240   0.0240   0.3140      1
252805   1003.191000 5256.367000  20.4850   0.0170   0.4290   0.0230   0.3110      1
255240   1149.904000 5195.080000  20.7830   0.0240   0.2360   0.0290   0.3100      1
253270   1030.698000 5199.570000  20.7580   0.0410   0.2410   0.0470   0.3100      1
254358   1098.201000 5190.230000  20.5400   0.0140   0.4680   0.0210   0.3060      1
255157   1145.596000 5112.216000  20.7950   0.0220   0.2540   0.0360   0.3030      1
253630   1052.905000 5203.594000  20.7030   0.0190   0.3350   0.0240   0.3020      1
251250   910.971000 5264.545000  19.4550   0.0090   0.6300   0.0120   0.2990      1
251665   935.452000 5178.455000  20.8300   0.0180   0.5180   0.0250   0.2970      1
254320   1095.023000 5317.140000  20.8550   0.0210   0.4900   0.0310   0.2950      1
252493   984.861000 5322.714000  20.5700   0.0140   0.4000   0.0200   0.2940      1
255004   1136.171000 5261.241000  20.7480   0.0350   0.1750   0.0400   0.2930      1
253543   1047.065000 5130.962000  20.4410   0.0130   0.6530   0.0220   0.2920      1
255819   1185.869000 5285.896000  20.3910   0.0130   0.7740   0.0210   0.2910      1
251422   920.953000 5135.345000  20.3620   0.0140   0.3810   0.0190   0.2890      1
254266   1092.281000 5326.529000  20.3960   0.0250   1.0110   0.1210   0.2890      1
253295   1032.164000 5050.489000  20.5550   0.0310   0.4450   0.0340   0.2880      1
252317   974.691000 5265.090000  20.3830   0.0170   0.4360   0.0250   0.2870      1
254429   1102.416000 5176.109000  20.8540   0.0210   0.5280   0.0290   0.2860      1
252962   1011.842000 5139.767000  20.6820   0.0380   0.3050   0.0420   0.2850      1
252641   994.760000 5198.312000  16.8570   0.0040   1.3430   0.0050   0.2830      1
254613   1112.821000 5232.921000  20.6390   0.0150   0.7870   0.0260   0.2820      1
253847   1066.627000 5369.565000  20.8410   0.0230   0.3550   0.0310   0.2780      1
252885   1007.448000 5283.937000  20.7110   0.0260   0.3370   0.0330   0.2770      1
252871   1006.707000 5240.052000  17.4700   0.0040   2.0370   0.0060   0.2750      1
251722   938.953000 5221.408000  17.5590   0.0050   2.1700   0.0080   0.2730      1
254193   1088.215000 5292.612000  21.2470   0.0220   0.5230   0.0360   0.2370      1
252731   999.100000 5105.946000  21.2550   0.0260   0.5260   0.0360   0.2360      1
252331   975.471000 5348.510000  21.2950   0.0410   0.4940   0.0480   0.2270      1
251720   938.634000 5250.364000  21.2890   0.0310   0.4100   0.0450   0.2190      1
254934   1131.856000 5085.430000  21.3330   0.0300   0.5030   0.0420   0.2140      1
253444   1041.312000 5319.775000  21.2430   0.0270   0.5750   0.0400   0.2130      1
255916   1192.504000 5247.784000  21.3160   0.0490   0.5050   0.0570   0.2030      1
252179   965.655000 5145.400000  21.2260   0.0400   0.5490   0.0510   0.2020      1
252213   968.763000 5253.951000  21.2520   0.0290   0.5960   0.0450   0.1960      1
250860   886.165000 5195.604000  21.1790   0.0230   0.4910   0.0340   0.1950      1
250771   880.982000 5204.349000  21.1510   0.0240   0.4920   0.0350   0.1950      1
251680   936.369000 5198.283000  23.0380   0.1310   0.0460   0.1720   0.1950      1
253382   1037.536000 5150.247000  21.3770   0.0730   0.4190   0.0790   0.1940      1
251183   905.977000 5157.379000  21.2200   0.0300   0.6150   0.0460   0.1910      1
254875   1127.779000 5148.198000  21.8500   0.0360   0.6480   0.0580   0.1910      1
252986   1013.792000 5203.897000  21.3540   0.0540   0.4800   0.0670   0.1910      1
252587   991.708000 5360.687000  21.4420   0.0260   0.9300   0.0600   0.1890      1
255629   1173.953000 5128.716000  21.4380   0.0280   0.9610   0.0470   0.1890      1
253591   1050.201000 5225.979000  21.2270   0.0290   0.6310   0.0450   0.1890      1
255135   1144.523000 5084.721000  21.8620   0.0450   0.5740   0.0690   0.1890      1
251550   928.636000 5318.531000  21.2920   0.0680   0.5060   0.0780   0.1890      1
252288   972.895000 5217.703000  21.8740   0.0450   0.5880   0.0680   0.1880      1
254870   1127.193000 5280.537000  21.4470   0.0280   0.9990   0.0500   0.1870      1
251766   940.706000 5304.561000  21.4110   0.0280   0.7980   0.0460   0.1860      1
251938   951.700000 5161.354000  21.3050   0.0270   0.5490   0.0360   0.1850      1
253487   1043.975000 5064.445000  21.4330   0.0310   0.8450   0.0510   0.1850      1
255822   1185.981000 5181.328000  21.8450   0.0320   0.7620   0.0650   0.1850      1
253178   1025.362000 5083.784000  21.1510   0.0250   0.4420   0.0350   0.1840      1
254632   1114.056000 5279.358000  21.4620   0.0260   1.0200   0.0430   0.1840      1
251432   921.392000 5319.172000  21.8300   0.0400   0.8040   0.0630   0.1830      1
253746   1060.479000 5379.960000  21.3940   0.0290   0.8160   0.0600   0.1820      1
253050   1017.351000 5311.972000  21.8690   0.0480   0.6360   0.0630   0.1820      1
255056   1140.034000 5243.322000  21.1990   0.0330   0.5900   0.0570   0.1810      1
252591   991.797000 5285.099000  21.8470   0.0410   0.8750   0.0720   0.1810      1
252866   1006.393000 5354.085000  21.4810   0.0280   0.9200   0.0650   0.1800      1
255979   1196.864000 5219.256000  21.4700   0.0290   0.8870   0.0460   0.1800      1
253804   1063.861000 5048.501000  21.1340   0.0230   0.5120   0.0320   0.1790      1
255830   1186.782000 5208.759000  21.3830   0.0280   0.7830   0.0460   0.1790      1
256045   1201.241000 5214.772000  21.8580   0.0370   0.8200   0.0710   0.1790      1
253412   1039.200000 5252.923000  21.8210   0.0450   0.6280   0.0700   0.1790      1
255406   1160.127000 5163.421000  21.8190   0.0450   0.8040   0.0740   0.1790      1
254627   1113.851000 5155.300000  21.8750   0.0600   0.5380   0.0860   0.1790      1
255343   1156.097000 5186.841000  21.8370   0.0510   0.6750   0.1260   0.1780      1
252212   968.686000 5163.919000  21.2240   0.0250   0.7210   0.0370   0.1770      1
251762   940.542000 5246.338000  21.1930   0.0340   0.5820   0.0980   0.1760      1
255169   1146.153000 5261.451000  21.8760   0.0300   0.9530   0.0840   0.1750      1
251910   950.219000 5097.885000  21.3980   0.0310   0.8960   0.0510   0.1750      1
254574   1110.461000 5240.429000  22.4690   0.0730   1.1100   0.1410   0.1580      1
254296   1093.836000 5343.028000  22.4750   0.0830   1.0990   0.1600   0.1550      1
253651   1054.347000 5237.708000  20.4430   0.0230   1.1300   0.0450   0.4050      0
252447   982.729000 5265.015000  18.0100   0.0050   2.2340   0.0090   0.3790      0
254784   1122.127000 5296.060000  18.5280   0.0050   1.7670   0.0100   0.3780      0
252905   1008.702000 5250.177000  18.5910   0.0040   1.5210   0.0100   0.3610      0
251595   931.420000 5197.971000  18.3950   0.0160   1.8350   0.0200   0.3600      0
255110   1142.862000 5319.065000  17.8160   0.0040   1.8730   0.0100   0.3590      0
252271   971.991000 5241.528000  21.2470   0.0190   1.4690   0.0530   0.3510      0
253372   1036.980000 5245.407000  19.3680   0.0490   1.7390   0.0950   0.3490      0
253258   1030.023000 5248.711000  18.8530   0.0070   1.7420   0.0390   0.3480      0
253013   1014.956000 5141.029000  18.8040   0.0070   1.5370   0.0200   0.3470      0
253084   1019.384000 5317.284000  21.2740   0.0260   1.4820   0.0590   0.3400      0
251621   933.216000 5108.922000  20.0000   0.0090  -0.0840   0.0120   0.3310      0
253231   1028.233000 5209.340000  18.4240   0.0080   1.8480   0.0410   0.3280      0
251750   940.235000 5193.657000  19.7910   0.0090   1.6290   0.0210   0.3260      0
253903   1070.378000 5228.170000  20.1470   0.0220   0.4030   0.0260   0.3210      0
253576   1049.556000 5052.349000  20.3860   0.0140   1.6780   0.0350   0.3190      0
253761   1061.499000 5221.231000  18.4440   0.0050   1.9240   0.0110   0.3160      0
251501   925.215000 5180.184000  18.7260   0.0060   0.0130   0.0070   0.3160      0
251568   929.772000 5090.231000  19.4790   0.0100   1.8290   0.0310   0.3160      0
252660   995.435000 5085.620000  20.3690   0.0140   1.7510   0.0390   0.3160      0
254527   1107.920000 5336.558000  19.7820   0.0100   1.6440   0.0810   0.3140      0
250850   885.588000 5271.789000  19.0660   0.0430  -0.1110   0.0440   0.3140      0
252610   993.153000 5132.879000  18.5700   0.0070  -0.1920   0.0080   0.3120      0
252463   983.343000 5346.945000  19.5820   0.0090   0.1050   0.0120   0.3120      0
255208   1148.383000 5251.509000  18.9570   0.0070   1.7670   0.0170   0.3100      0
253519   1045.957000 5107.364000  18.9730   0.0050   1.7580   0.0120   0.3080      0
253313   1033.557000 5219.312000  19.1710   0.0070   1.6240   0.0170   0.3080      0
252910   1009.067000 5151.581000  18.7140   0.0060   0.1060   0.0070   0.3070      0
253818   1064.911000 5196.007000  19.8960   0.0140   0.2210   0.0180   0.2970      0
251849   945.518000 5245.307000  19.2500   0.0080   0.1060   0.0400   0.2950      0
253736   1060.028000 5176.504000  20.1660   0.0170   0.8670   0.0830   0.2950      0
251888   948.748000 5285.105000  19.9520   0.0200   0.1300   0.0220   0.2940      0
254147   1084.955000 5242.315000  19.1510   0.0060   1.8900   0.0160   0.2920      0
252234   970.049000 5130.418000  18.9030   0.0060   1.8390   0.0170   0.2920      0
251430   921.321000 5202.510000  20.0790   0.0330   0.7510   0.0430   0.2920      0
251130   902.889000 5253.374000  19.7080   0.0090   1.8170   0.0210   0.2890      0
252925   1010.077000 5212.619000  19.8880   0.0110   0.5040   0.0160   0.2890      0
255178   1146.660000 5208.246000  16.9120   0.0040   2.4690   0.0060   0.2880      0
252116   961.882000 5075.745000  19.4550   0.0080  -0.0790   0.0110   0.2880      0
254462   1104.041000 5279.604000  20.3290   0.0560   1.1880   0.0600   0.2880      0
254938   1132.052000 5213.842000  19.5560   0.0090  -0.0750   0.0110   0.2870      0
251300   913.949000 5138.949000  19.9370   0.0110   0.5700   0.0150   0.2860      0
252102   960.820000 5206.819000  16.9720   0.0040  -0.1480   0.0510   0.2840      0
255141   1144.681000 5133.443000  20.0130   0.0150   0.1120   0.0170   0.2830      0
253793   1063.183000 5257.551000  17.0070   0.0040   1.6020   0.0050   0.2820      0
252063   958.338000 5306.180000  20.8400   0.0170   0.4510   0.0250   0.2820      0
254329   1095.774000 5258.263000  16.0540   0.0040   2.9880   0.0080   0.2810      0
254473   1104.857000 5335.088000  19.1330   0.0120  -0.0430   0.0160   0.2810      0
252204   967.940000 5233.920000  20.8440   0.0230   0.4640   0.0300   0.2810      0
254517   1107.292000 5220.823000  17.7890   0.0060   1.3050   0.0170   0.2800      0
253436   1040.774000 5313.649000  21.3780   0.0300   1.5090   0.0700   0.2800      0
250993   893.661000 5290.610000  17.8840   0.0040   2.3810   0.0100   0.2780      0
254350   1097.583000 5171.248000  19.0050   0.0130   1.6150   0.0180   0.2780      0
253276   1030.992000 5317.083000  20.8620   0.0210   0.5300   0.0290   0.2780      0
252719   998.512000 5249.558000  18.8330   0.0130   1.4440   0.0230   0.2740      0
254515   1107.170000 5081.759000  20.8040   0.0220   0.4050   0.0270   0.2730      0
252813   1003.565000 5112.281000  18.7320   0.0050   1.7820   0.0090   0.2700      0
252455   983.108000 5188.631000  20.6430   0.0140   0.5590   0.0220   0.2680      0
254656   1115.249000 5168.437000  20.5870   0.0230   0.5010   0.0300   0.2680      0
253696   1057.207000 5228.312000  17.3760   0.0050   2.1530   0.0150   0.2670      0
255643   1175.061000 5275.756000  17.4730   0.0040   2.3800   0.0090   0.2660      0
251623   933.278000 5191.512000  19.0530   0.0050  -0.0200   0.0060   0.2660      0
253863   1067.472000 5299.242000  19.3180   0.0120   0.2060   0.0140   0.2660      0
251926   951.046000 5292.959000  20.0000   0.0090   0.4380   0.0140   0.2650      0
252706   997.604000 5258.971000  21.3650   0.0290   1.4070   0.0810   0.2640      0
254738   1119.765000 5320.064000  19.6240   0.0090   1.4310   0.0170   0.2630      0
252665   995.733000 5174.126000  21.3100   0.0290   1.3880   0.0690   0.2620      0
253267   1030.323000 5355.789000  20.4760   0.0340   0.4320   0.0500   0.2620      0
251435   921.664000 5279.055000  18.5150   0.0040   1.7250   0.0110   0.2610      0
254421   1101.901000 5342.625000  18.5440   0.0040   1.8040   0.0130   0.2610      0
253522   1046.125000 5344.654000  20.0130   0.0130   1.2550   0.0440   0.2610      0
251543   928.189000 5237.075000  19.8630   0.0160   0.2290   0.0210   0.2610      0
254291   1093.655000 5140.848000  20.4480   0.0180   0.4470   0.0390   0.2610      0
252958   1011.729000 5345.062000  17.7650   0.0050   2.0750   0.0090   0.2600      0
252640   994.708000 5203.025000  19.3250   0.0200   0.0580   0.0220   0.2600      0
253098   1020.121000 5185.754000  18.7000   0.0050   1.7200   0.0090   0.2590      0
253879   1068.576000 5105.645000  20.6150   0.0160   0.7550   0.0260   0.2580      0
252940   1010.761000 5161.738000  20.6510   0.0160   0.7620   0.0260   0.2570      0
253319   1033.802000 5333.250000  18.8290   0.0050   1.8000   0.0110   0.2560      0
254687   1117.094000 5180.217000  20.1710   0.0100   0.2290   0.0140   0.2560      0
253304   1032.734000 5160.899000  20.5710   0.0160   0.5240   0.0250   0.2560      0
252747   999.546000 5230.243000  20.3580   0.0140   0.5390   0.0210   0.2550      0
255977   1196.788000 5265.669000  19.6830   0.0250   0.2300   0.0350   0.2550      0
255125   1143.832000 5300.580000  20.8070   0.0270   0.4310   0.0350   0.2550      0
254730   1119.333000 5270.055000  20.8190   0.0300   0.4770   0.0500   0.2550      0
254502   1106.487000 5356.812000  20.4630   0.0150   0.2390   0.0190   0.2540      0
251165   905.130000 5291.002000  19.8710   0.0110   0.0930   0.0130   0.2530      0
252518   986.637000 5247.571000  20.4530   0.0140   0.2300   0.0220   0.2530      0
253036   1016.568000 5230.531000  19.9850   0.0080   0.5540   0.0190   0.2510      0
254322   1095.389000 5298.640000  21.1270   0.0250   1.6240   0.0590   0.2510      0
255046   1139.321000 5338.123000  21.3710   0.0250   1.3740   0.0670   0.2510      0
253979   1074.915000 5216.599000  18.4380   0.0040   1.5660   0.0120   0.2500      0
255104   1142.730000 5092.077000  20.1480   0.0130   0.2090   0.0190   0.2500      0
255311   1154.231000 5155.272000  20.7720   0.0190   0.3750   0.0250   0.2500      0
252797   1002.493000 5321.024000  20.6340   0.0270   0.5460   0.0360   0.2500      0
251094   900.793000 5129.817000  20.7700   0.0190   0.3710   0.0250   0.2490      0
253526   1046.191000 5207.571000  20.7570   0.0240   0.3500   0.0380   0.2490      0
252564   989.516000 5058.896000  20.0780   0.0090   1.7400   0.0280   0.2480      0
251042   897.117000 5167.822000  20.0570   0.0130   0.1190   0.0160   0.2480      0
253996   1076.505000 5254.313000  20.1280   0.0140   0.6510   0.0210   0.2470      0
253308   1032.906000 5236.176000  19.6100   0.0130   0.6620   0.0560   0.2460      0
253416   1039.278000 5235.452000  20.0390   0.0110   0.5290   0.0210   0.2450      0
253822   1065.205000 5245.119000  20.4790   0.0150   0.6510   0.0230   0.2430      0
254047   1078.909000 5273.917000  20.3560   0.0140   0.4540   0.0190   0.2420      0
254968   1133.680000 5225.535000  21.0060   0.0450   0.1440   0.0590   0.2420      0
251619   933.184000 5166.927000  17.9150   0.0040   2.2430   0.0160   0.2410      0
255404   1160.039000 5271.102000  20.6260   0.0130   0.2520   0.0200   0.2410      0
253081   1019.244000 5140.559000  21.4350   0.0400   0.3610   0.0540   0.2410      0
255058   1140.123000 5300.923000  20.1600   0.0110   0.3590   0.0180   0.2390      0
254352   1097.734000 5320.546000  20.6060   0.0160   0.9360   0.0310   0.2390      0
253752   1060.702000 5227.721000  19.0980   0.0140   0.4150   0.0170   0.2380      0
251274   912.277000 5313.785000  19.9880   0.0150   0.6000   0.0200   0.2380      0
252844   1004.851000 5150.114000  20.8800   0.0300   0.4800   0.0470   0.2370      0
255072   1140.929000 5164.576000  19.7470   0.0080   0.1150   0.0160   0.2360      0
250889   887.771000 5146.157000  20.3330   0.0130   0.9270   0.0210   0.2360      0
251757   940.490000 5273.816000  20.1310   0.0110   0.5800   0.0200   0.2350      0
251738   939.678000 5287.264000  20.4200   0.0160   0.2530   0.0210   0.2350      0
255623   1173.540000 5148.658000  20.8850   0.0290   0.3390   0.0340   0.2350      0
252297   973.450000 5206.889000  21.3640   0.0610   1.3990   0.0920   0.2350      0
253285   1031.663000 5345.978000  19.6280   0.0160   0.2410   0.0180   0.2340      0
252966   1012.287000 5310.138000  20.8510   0.0530   0.3460   0.0580   0.2340      0
256078   1203.578000 5232.645000  20.1720   0.0590   0.4440   0.0610   0.2340      0
254279   1092.689000 5283.090000  18.8830   0.0060   0.2670   0.0080   0.2330      0
252320   974.785000 5096.514000  19.6720   0.0070  -0.1160   0.0090   0.2320      0
253368   1036.901000 5194.760000  19.3430   0.0150   0.6570   0.0550   0.2320      0
253675   1056.036000 5281.882000  20.6160   0.0180   0.4750   0.0230   0.2320      0
252408   980.408000 5269.538000  20.5700   0.0300   0.5360   0.0340   0.2320      0
251294   913.439000 5122.689000  20.3500   0.0160   1.6050   0.0420   0.2300      0
250999   894.200000 5231.430000  19.9070   0.0090   0.4160   0.0120   0.2290      0
250811   882.918000 5221.275000  20.1290   0.0100   1.4630   0.0240   0.2280      0
254780   1121.834000 5075.620000  18.9610   0.0050   0.9880   0.0080   0.2270      0
253391   1038.069000 5162.613000  20.0900   0.0110   0.3310   0.0140   0.2270      0
252738   999.334000 5281.780000  20.4000   0.0130   0.5610   0.0270   0.2260      0
251238   910.181000 5149.855000  20.5810   0.0160   0.5370   0.0810   0.2260      0
252165   965.062000 5133.361000  19.7230   0.0290   1.1350   0.0400   0.2260      0
252087   959.429000 5289.039000  18.6440   0.0050   1.7760   0.0090   0.2230      0
253622   1052.267000 5094.288000  19.8040   0.0110  -0.0350   0.0170   0.2230      0
255047   1139.406000 5263.496000  19.9240   0.0130   0.0830   0.0230   0.2230      0
254500   1106.432000 5102.149000  18.0680   0.0030   2.1440   0.0080   0.2200      0
253907   1070.624000 5232.953000  18.2500   0.0050   1.6650   0.0190   0.2200      0
253012   1014.929000 5200.215000  20.6610   0.0260   0.8030   0.0390   0.2180      0
253514   1045.764000 5218.947000  20.0030   0.0240   0.2040   0.0350   0.2170      0
253742   1060.289000 5064.096000  19.6560   0.0130   0.4260   0.0300   0.2160      0
252039   956.779000 5331.668000  20.8330   0.0190   0.6650   0.0380   0.2160      0
255588   1170.735000 5240.329000  21.0330   0.0200   0.3140   0.0270   0.2160      0
253699   1057.374000 5310.234000  19.9510   0.0310   0.4300   0.0450   0.2160      0
252175   965.484000 5178.486000  20.1160   0.0100   1.6420   0.0240   0.2150      0
251312   914.651000 5223.438000  21.0130   0.0290   2.2330   0.0950   0.2150      0
254308   1094.180000 5084.904000  18.9500   0.0060   2.0120   0.0130   0.2140      0
253291   1031.990000 5165.722000  20.8060   0.0150   0.7060   0.0280   0.2140      0
252579   990.975000 5147.606000  20.9350   0.0900   0.1610   0.1050   0.2140      0
253353   1036.162000 5242.899000  18.7360   0.0280   1.5890   0.0480   0.2120      0
253045   1017.070000 5346.390000  18.8740   0.0070   0.1080   0.0080   0.2110      0
251150   904.305000 5309.589000  20.0460   0.0120   0.5890   0.0160   0.2110      0
253991   1075.923000 5166.675000  20.6260   0.0180   0.7200   0.0380   0.2110      0
252131   962.957000 5065.861000  21.1870   0.0410   1.6600   0.0680   0.2110      0
251375   918.018000 5124.491000  18.0250   0.0050   2.0490   0.0090   0.2090      0
252503   985.693000 5367.679000  20.5070   0.0170   0.3700   0.0240   0.2090      0
255388   1158.479000 5175.198000  20.8180   0.0180   0.7610   0.0270   0.2090      0
255163   1145.967000 5216.757000  20.3220   0.0300   0.4870   0.0370   0.2090      0
251170   905.317000 5193.357000  20.5090   0.0140   1.6530   0.0310   0.2080      0
251602   931.732000 5290.002000  18.7300   0.0500   1.5760   0.0500   0.2060      0
254518   1107.500000 5273.743000  20.3060   0.0140   0.4910   0.0190   0.2050      0
254982   1135.177000 5286.100000  20.2130   0.0180   0.5150   0.0220   0.2050      0
254962   1133.292000 5349.118000  20.8420   0.0200   0.7210   0.0300   0.2040      0
251450   922.555000 5199.384000  20.8930   0.0540   0.3880   0.0660   0.2040      0
253512   1045.508000 5252.333000  20.7230   0.0190   0.9120   0.0290   0.2030      0
253963   1074.323000 5374.464000  20.9020   0.0330   0.5140   0.0450   0.2020      0
255037   1138.823000 5247.215000  20.6590   0.0290   0.5440   0.0400   0.2010      0
255806   1185.044000 5173.474000  19.4200   0.0400  -0.0200   0.0410   0.2000      0
253000   1014.352000 5239.320000  20.8440   0.0180   0.7150   0.0430   0.1990      0
253750   1060.664000 5158.410000  18.7910   0.0050   1.9270   0.0100   0.1980      0
254409   1101.238000 5062.971000  18.6120   0.0050   2.0040   0.0110   0.1980      0
250914   889.057000 5213.259000  19.8120   0.0190   0.2640   0.0220   0.1980      0
253203   1026.494000 5078.333000  20.5880   0.0140   1.4290   0.0370   0.1970      0
250840   884.583000 5163.330000  19.8450   0.0170   0.0600   0.0190   0.1970      0
255698   1178.508000 5174.566000  20.6990   0.0180   0.6530   0.0310   0.1970      0
253722   1058.904000 5058.518000  21.0020   0.0230   0.3410   0.0340   0.1970      0
254076   1080.796000 5053.601000  20.9050   0.0420   0.3640   0.0500   0.1960      0
254960   1133.250000 5148.398000  21.0740   0.0240   1.5690   0.0640   0.1950      0
254169   1086.545000 5269.491000  20.5040   0.0200   0.6060   0.0270   0.1940      0
255019   1137.381000 5322.892000  20.2160   0.0420   0.9380   0.0770   0.1930      0
252333   975.578000 5130.726000  20.3340   0.0130   0.0670   0.0190   0.1920      0
253706   1057.758000 5313.152000  20.6440   0.0570   0.3600   0.0840   0.1920      0
255460   1162.765000 5187.101000  20.3720   0.0150   0.0390   0.0170   0.1910      0
253093   1019.750000 5296.042000  20.6530   0.0260   0.4800   0.0310   0.1910      0
253882   1068.772000 5356.594000  21.2410   0.0250   1.3100   0.0580   0.1900      0
253202   1026.492000 5204.126000  20.3540   0.0400   0.3510   0.0440   0.1890      0
255434   1161.328000 5249.274000  21.3920   0.0750   0.3960   0.0900   0.1890      0
251241   910.294000 5317.475000  20.3790   0.0190   0.7180   0.0280   0.1860      0
252510   986.130000 5204.870000  21.4230   0.0330   1.6740   0.1030   0.1860      0
253535   1046.462000 5183.500000  20.8400   0.0380   0.6020   0.0560   0.1850      0
255368   1157.035000 5143.460000  20.9320   0.0600   0.2410   0.0840   0.1850      0
253504   1044.875000 5078.278000  21.1120   0.0940  -0.0620   0.0970   0.1850      0
251615   932.901000 5224.120000  19.6140   0.0100   1.7160   0.0220   0.1820      0
253230   1028.028000 5198.613000  18.7390   0.0090   1.8480   0.0490   0.1810      0
253658   1055.074000 5178.284000  20.8670   0.0320   0.5910   0.0430   0.1810      0
253026   1015.831000 5279.044000  20.0600   0.0260   0.0410   0.0270   0.1800      0
252667   995.760000 5280.964000  21.3270   0.1040   0.3500   0.1110   0.1800      0
255477   1163.859000 5296.858000  21.9490   0.1760   0.1280   0.1810   0.1790      0
252073   958.846000 5169.515000  20.6560   0.0200   0.6330   0.0720   0.1780      0
254007   1077.128000 5093.361000  19.0240   0.0060   1.9050   0.0150   0.1770      0
255563   1169.802000 5264.479000  20.2250   0.0110   1.6130   0.0260   0.1760      0
253840   1066.373000 5307.016000  20.8040   0.0190   0.8000   0.0320   0.1760      0
255587   1170.722000 5274.440000  20.3590   0.0270   0.3210   0.0310   0.1760      0
254520   1107.634000 5210.490000  21.4410   0.0360   0.8180   0.0550   0.1750      0
253397   1038.282000 5136.227000  21.4960   0.0400   0.8950   0.0570   0.1750      0
252942   1011.137000 5176.286000  21.8180   0.0460   0.9080   0.0800   0.1750      0
251818   943.952000 5218.893000  21.8570   0.0570   0.6720   0.0760   0.1750      0
255558   1169.488000 5297.271000  21.2250   0.0290   0.7190   0.0590   0.1740      0
254238   1090.887000 5063.998000  21.8750   0.0400   0.9190   0.0650   0.1740      0
251658   934.962000 5097.843000  21.8360   0.0470   0.9560   0.0750   0.1740      0
253568   1049.069000 5172.297000  21.4340   0.0510   0.9010   0.0830   0.1740      0
255781   1183.347000 5234.656000  20.5210   0.0160   0.7370   0.0210   0.1730      0
252590   991.776000 5097.171000  21.1140   0.0230   0.7370   0.0360   0.1730      0
254260   1091.796000 5203.272000  21.3950   0.0330   0.7720   0.0490   0.1730      0
252494   985.135000 5067.768000  21.5420   0.0340   0.9100   0.0560   0.1730      0
254262   1091.864000 5276.749000  21.7950   0.0400   0.7130   0.0680   0.1730      0
255038   1138.857000 5131.514000  21.8480   0.0480   0.9500   0.0900   0.1730      0
253153   1023.811000 5204.748000  20.7040   0.0500   0.8770   0.1060   0.1730      0
254763   1121.012000 5157.348000  21.8160   0.0510   0.8940   0.0780   0.1730      0
253574   1049.360000 5193.259000  20.0490   0.0240   0.2590   0.0280   0.1720      0
256010   1199.028000 5195.841000  21.5480   0.0250   0.9260   0.0650   0.1720      0
254451   1103.461000 5164.079000  21.2610   0.0290   0.6630   0.0420   0.1720      0
255239   1149.796000 5173.160000  21.5720   0.0320   0.9270   0.0540   0.1720      0
253556   1048.229000 5220.881000  21.3180   0.0350   0.4850   0.1380   0.1720      0
251326   915.842000 5244.106000  21.8690   0.0380   0.7410   0.0600   0.1720      0
254640   1114.355000 5246.440000  21.8750   0.0410   0.9010   0.0840   0.1720      0
255697   1178.490000 5301.896000  21.8550   0.0420   1.0010   0.0820   0.1720      0
255220   1148.986000 5293.927000  21.8710   0.0430   0.7990   0.1220   0.1720      0
253723   1059.221000 5113.533000  21.8040   0.0530   0.6910   0.0760   0.1720      0
252704   997.495000 5132.816000  18.6730   0.0050   1.7450   0.0170   0.1710      0
254661   1115.633000 5074.756000  19.5800   0.0100   0.1750   0.0120   0.1710      0
252816   1003.805000 5225.935000  20.6890   0.0240   0.7040   0.0830   0.1710      0
251743   940.098000 5186.705000  21.3660   0.0260   0.5180   0.0490   0.1710      0
254595   1111.625000 5360.056000  21.1490   0.0270   0.5310   0.0370   0.1710      0
252673   995.982000 5148.711000  21.4670   0.0300   0.8390   0.0520   0.1710      0
254795   1122.915000 5148.815000  21.7910   0.0360   0.8680   0.0750   0.1710      0
255348   1156.249000 5325.689000  21.8610   0.0530   0.8420   0.0790   0.1710      0
253754   1060.810000 5193.900000  20.9220   0.0240   0.5060   0.0350   0.1700      0
251650   934.485000 5251.013000  21.2690   0.0240   0.6840   0.0440   0.1700      0
251314   914.778000 5306.229000  20.8980   0.0350   0.9610   0.0470   0.1700      0
255355   1156.635000 5312.556000  21.5280   0.0350   0.8850   0.0530   0.1700      0
254411   1101.375000 5212.519000  21.8830   0.0360   0.8770   0.0600   0.1700      0
251833   944.667000 5207.688000  21.7830   0.0400   0.8130   0.0600   0.1700      0
254079   1080.985000 5226.339000  21.9210   0.0400   0.5820   0.0770   0.1700      0
254669   1116.185000 5186.579000  21.8470   0.0470   1.0010   0.0930   0.1700      0
251576   930.067000 5269.337000  21.0880   0.0200   0.7270   0.0370   0.1690      0
254210   1089.186000 5303.964000  20.5430   0.0150   1.5990   0.0370   0.1680      0
253089   1019.624000 5322.694000  21.5690   0.0320   0.8930   0.0570   0.1680      0
254032   1078.070000 5213.107000  20.7160   0.0330   0.6420   0.0430   0.1680      0
253614   1051.569000 5312.906000  21.8060   0.0360   0.9730   0.0680   0.1680      0
252041   956.839000 5090.430000  21.7920   0.0470   0.8870   0.0670   0.1680      0
254367   1098.799000 5111.386000  21.5850   0.0320   0.9620   0.0550   0.1670      0
252327   975.119000 5321.513000  20.7250   0.0350   0.9310   0.0860   0.1670      0
253108   1020.608000 5209.369000  21.3610   0.0380   0.8030   0.0500   0.1670      0
254448   1103.352000 5204.831000  21.8810   0.0400   1.0110   0.0700   0.1670      0
251579   930.337000 5315.821000  21.7910   0.0440   0.8940   0.1020   0.1670      0
251305   914.222000 5298.627000  21.4990   0.0570   0.9870   0.0810   0.1670      0
253110   1020.765000 5247.357000  21.7830   0.0510   0.7780   0.0790   0.1660      0
254067   1080.081000 5221.530000  21.8680   0.0570   0.4110   0.0860   0.1660      0
254778   1121.786000 5276.419000  22.0600   0.0700   0.2480   0.0880   0.1660      0
252190   966.646000 5295.685000  20.7680   0.0260   0.7440   0.0390   0.1650      0
252262   971.709000 5289.883000  21.8260   0.0360   1.0620   0.0690   0.1650      0
252500   985.594000 5236.666000  22.1390   0.0410   0.8010   0.0870   0.1650      0
255171   1146.170000 5091.573000  21.8730   0.0520   0.9740   0.1350   0.1650      0
254174   1086.884000 5099.224000  21.2780   0.0280   0.7180   0.0450   0.1640      0
255228   1149.535000 5220.637000  21.8840   0.0500   0.9880   0.0940   0.1640      0
253011   1014.746000 5152.510000  21.5900   0.0330   0.9350   0.0700   0.1630      0
250777   881.571000 5249.897000  21.4040   0.0350   0.8700   0.1360   0.1630      0
253472   1043.483000 5195.486000  21.8800   0.0830   0.6750   0.0990   0.1630      0
254069   1080.145000 5280.633000  20.7670   0.0190   0.6800   0.0310   0.1620      0
251835   944.834000 5119.693000  21.1680   0.0280   0.7280   0.0400   0.1620      0
255423   1160.842000 5219.778000  21.3550   0.0360   0.7720   0.0490   0.1620      0
254468   1104.489000 5156.151000  21.2490   0.0450   0.7470   0.0520   0.1620      0
252509   986.086000 5292.978000  20.3570   0.0250   0.2460   0.0270   0.1610      0
253194   1026.031000 5253.615000  21.5850   0.0340   0.8990   0.0720   0.1610      0
254798   1123.071000 5221.401000  21.3530   0.0370   0.7690   0.0480   0.1610      0
252066   958.466000 5148.344000  21.7670   0.0400   0.8080   0.0650   0.1610      0
256080   1203.739000 5182.790000  22.1320   0.0520   0.7200   0.0910   0.1610      0
255666   1176.328000 5217.049000  22.4630   0.0550   1.4460   0.1600   0.1610      0
252873   1006.929000 5227.514000  22.0260   0.0630   0.2220   0.1840   0.1610      0
253446   1041.437000 5330.606000  20.4810   0.0730   0.8000   0.0790   0.1610      0
255122   1143.678000 5174.243000  20.8990   0.0190   0.7380   0.0290   0.1600      0
252421   981.336000 5135.163000  21.1880   0.0230   0.2450   0.0330   0.1600      0
251786   942.194000 5234.002000  21.7740   0.0400   0.6580   0.0670   0.1600      0
252941   1010.952000 5302.570000  22.0930   0.0450   0.8490   0.0830   0.1600      0
253639   1053.394000 5170.583000  22.3670   0.0600   1.2780   0.1450   0.1600      0
251378   918.156000 5304.080000  20.8950   0.0340   1.0090   0.1200   0.1590      0
254393   1100.236000 5281.435000  21.3950   0.0450   0.7600   0.0580   0.1590      0
254988   1135.465000 5251.075000  22.1040   0.0490   0.8780   0.1050   0.1590      0
250666   875.316000 5203.187000  22.1610   0.0510   0.7560   0.0910   0.1590      0
256093   1204.608000 5193.724000  21.2080   0.0560   0.7430   0.0660   0.1590      0
254935   1131.962000 5192.311000  22.1510   0.0580   0.8660   0.0970   0.1590      0
255016   1137.263000 5235.305000  22.4070   0.0770   1.2540   0.1670   0.1590      0
252095   960.272000 5196.166000  22.4490   0.0780   1.2720   0.1800   0.1590      0
253082   1019.279000 5071.057000  21.1480   0.0200   0.6770   0.0400   0.1580      0
252296   973.448000 5284.881000  22.1190   0.0500   0.9110   0.1030   0.1580      0
253779   1062.398000 5373.001000  21.3850   0.0510   0.5010   0.0800   0.1580      0
252157   964.711000 5254.924000  21.7700   0.0640   0.8510   0.0880   0.1580      0
252311   974.516000 5231.252000  22.3680   0.0660   1.1650   0.1390   0.1580      0
252482   984.508000 5278.181000  22.1070   0.0670   0.7620   0.0890   0.1580      0
252976   1013.004000 5356.184000  22.4930   0.0700   1.1670   0.1520   0.1580      0
254339   1096.544000 5293.589000  22.4450   0.0780   1.1370   0.1470   0.1580      0
255955   1195.247000 5268.406000  20.9080   0.0810   0.5390   0.1180   0.1580      0
252570   990.296000 5269.554000  21.8300   0.1050   0.6800   0.1170   0.1580      0
252150   964.120000 5079.086000  19.9390   0.0200   0.2680   0.0260   0.1570      0
253300   1032.461000 5062.167000  21.4910   0.0390   1.0350   0.0600   0.1570      0
254050   1078.932000 5243.220000  21.5360   0.0460   1.0090   0.0680   0.1570      0
253795   1063.210000 5310.421000  22.0780   0.0560   0.6740   0.0780   0.1570      0
255778   1183.157000 5129.893000  22.1450   0.0580   0.9130   0.0890   0.1570      0
252313   974.557000 5081.966000  22.1690   0.0580   0.7960   0.0920   0.1570      0
252409   980.451000 5296.597000  22.1500   0.0610   0.9050   0.0970   0.1570      0
251522   926.416000 5163.789000  22.3690   0.0900   1.2240   0.1510   0.1570      0
255305   1153.856000 5116.516000  21.2350   0.1270   0.5930   0.1420   0.1570      0
251095   900.830000 5137.621000  19.8970   0.0100   1.6020   0.0220   0.1560      0
251657   934.943000 5122.390000  20.9220   0.0190   0.8450   0.0360   0.1560      0
254816   1123.932000 5170.149000  21.1060   0.0270   0.7690   0.0400   0.1560      0
255635   1174.385000 5191.162000  21.5640   0.0320   1.0050   0.0630   0.1560      0
252373   978.088000 5321.480000  21.4510   0.0360   1.0460   0.1680   0.1560      0
254170   1086.680000 5361.029000  22.1270   0.0510   0.5230   0.0800   0.1560      0
253094   1019.855000 5053.461000  22.0770   0.0510   0.8330   0.0850   0.1560      0
251729   939.179000 5112.209000  22.0960   0.0520   0.9030   0.1040   0.1560      0
253333   1034.666000 5185.299000  21.9090   0.0540   0.7160   0.1020   0.1560      0
252745   999.505000 5372.275000  21.8240   0.0620   1.1290   0.0880   0.1560      0
250848   885.382000 5264.440000  22.0930   0.0630   0.8440   0.0930   0.1560      0
255807   1185.071000 5166.546000  22.3480   0.0750   1.2260   0.1570   0.1560      0
253900   1070.355000 5096.530000  22.4980   0.0790   1.1580   0.1560   0.1560      0
251445   922.354000 5259.485000  22.3500   0.0840   1.2600   0.1570   0.1560      0
251837   944.937000 5088.117000  21.5250   0.1340   0.2160   0.1380   0.1560      0
253186   1025.744000 5209.401000  22.0180   0.1740   0.2780   0.1860   0.1560      0
253400   1038.378000 5175.324000  20.7960   0.0200   0.5570   0.0390   0.1550      0
253277   1031.037000 5124.250000  21.9130   0.0470   0.9660   0.0830   0.1550      0
255670   1176.416000 5280.906000  21.4570   0.0660   0.8190   0.1160   0.1550      0
252971   1012.457000 5123.650000  20.2450   0.0160   0.6870   0.0220   0.1540      0
250898   888.322000 5200.759000  20.8970   0.0210   0.8360   0.0340   0.1540      0
252005   954.749000 5099.643000  21.0750   0.0340   0.5560   0.0440   0.1540      0
255272   1151.647000 5150.678000  21.7470   0.0470   0.2140   0.1350   0.1540      0
256064   1202.748000 5187.306000  22.1780   0.0540   0.9270   0.1010   0.1540      0
253392   1038.074000 5274.196000  22.3610   0.0560   1.0780   0.1190   0.1540      0
254397   1100.372000 5308.628000  20.6060   0.0680   1.3490   0.0780   0.1540      0
255333   1155.536000 5176.338000  21.8100   0.0680   1.1490   0.1390   0.1540      0
253064   1018.043000 5238.860000  22.1340   0.0700   0.9280   0.1210   0.1540      0
251164   905.053000 5148.504000  22.4100   0.0730   1.0450   0.1240   0.1540      0
254257   1091.673000 5331.223000  21.9330   0.0860   0.7200   0.2230   0.1540      0
253151   1023.774000 5099.915000  21.0800   0.0230   0.5890   0.0320   0.1530      0
254450   1103.444000 5272.965000  21.1610   0.0310   0.6210   0.0430   0.1530      0
254507   1106.755000 5195.026000  21.8940   0.0340   1.1230   0.0740   0.1530      0
251142   904.003000 5280.132000  21.7420   0.0440   1.0750   0.0710   0.1530      0
251611   932.352000 5330.907000  21.3660   0.0440   0.9080   0.1020   0.1530      0
253929   1072.244000 5199.989000  21.7330   0.0450   1.1070   0.0770   0.1530      0
253835   1066.196000 5108.558000  21.1350   0.0490   0.4300   0.0550   0.1530      0
255107   1142.774000 5130.235000  21.7530   0.0520   0.7090   0.0950   0.1530      0
251989   954.147000 5328.400000  22.0550   0.0540   0.6540   0.0920   0.1530      0
251135   903.473000 5168.794000  22.4850   0.0750   1.5840   0.2250   0.1530      0
252538   987.822000 5259.197000  20.7110   0.0160   0.7350   0.0330   0.1520      0
253284   1031.524000 5182.488000  20.9080   0.0240   0.5660   0.0380   0.1520      0
254114   1083.281000 5124.522000  21.3010   0.0280   0.7190   0.0450   0.1520      0
253126   1021.569000 5177.328000  21.5530   0.0330   0.8360   0.0640   0.1520      0
253004   1014.446000 5190.916000  21.6200   0.0430   0.9090   0.0670   0.1520      0
254312   1094.323000 5116.106000  21.9200   0.0540   0.9710   0.0870   0.1520      0
251389   918.914000 5169.061000  22.1810   0.0620   0.4910   0.0840   0.1520      0
255372   1157.347000 5100.022000  22.1910   0.0620   0.8240   0.1040   0.1520      0
252761   1000.509000 5127.021000  21.9340   0.0630   0.6830   0.0910   0.1520      0
252517   986.419000 5288.499000  22.0680   0.0630   0.8310   0.0990   0.1520      0
252028   955.844000 5142.119000  22.2920   0.0640   1.2060   0.1550   0.1520      0
254923   1130.649000 5256.615000  22.0980   0.0680   0.9500   0.0960   0.1520      0
253524   1046.154000 5212.913000  22.7140   0.1450   0.2910   0.2070   0.1520      0
253633   1053.059000 5219.442000  21.1540   0.0300   0.7530   0.0440   0.1510      0
253538   1046.581000 5242.615000  21.3380   0.0300   0.7550   0.0510   0.1510      0
251717   938.437000 5211.465000  21.6730   0.0300   1.0040   0.0630   0.1510      0
255566   1169.959000 5315.988000  21.5250   0.0330   0.8240   0.0550   0.1510      0
254551   1109.031000 5171.935000  21.7470   0.0470   0.7670   0.0770   0.1510      0
252521   986.706000 5076.287000  22.0160   0.0510   0.6020   0.0710   0.1510      0
255701   1178.516000 5251.704000  22.0930   0.0640   0.9780   0.1020   0.1510      0
253179   1025.363000 5331.847000  22.1260   0.0730   0.9820   0.1050   0.1510      0
254823   1124.344000 5269.905000  22.6320   0.0930   0.4150   0.1280   0.1510      0
251603   931.822000 5116.655000  21.0910   0.0250   0.7470   0.0990   0.1500      0
252055   957.830000 5297.996000  20.9510   0.0260   0.4280   0.0460   0.1500      0
253838   1066.360000 5124.587000  21.5990   0.0370   1.0130   0.0660   0.1500      0
254764   1121.074000 5282.672000  21.7270   0.0380   1.0180   0.0710   0.1500      0
255581   1170.554000 5169.832000  22.2810   0.0640   1.0590   0.1060   0.1500      0
252512   986.356000 5226.126000  22.1790   0.0660   1.0180   0.1260   0.1500      0
252527   987.146000 5183.805000  22.6170   0.0710   1.0800   0.1500   0.1500      0
250926   890.280000 5227.021000  22.6010   0.0760   0.9550   0.1460   0.1500      0
252232   969.942000 5114.933000  22.6550   0.0860   0.9450   0.1330   0.1500      0
253189   1025.839000 5066.674000  22.4480   0.0940   1.0260   0.1720   0.1500      0
251847   945.446000 5138.986000  22.8130   0.1090   0.4510   0.1530   0.1500      0
251167   905.250000 5215.569000  21.7230   0.0450   1.1760   0.0730   0.1490      0
256005   1198.659000 5167.111000  22.0670   0.0500   0.9830   0.2130   0.1490      0
254761   1120.968000 5334.864000  22.2060   0.0520   0.8230   0.0880   0.1490      0
255174   1146.381000 5200.794000  21.9170   0.0540   1.0620   0.1060   0.1490      0
252924   1010.067000 5071.197000  22.1060   0.0550   1.0360   0.1000   0.1490      0
254636   1114.197000 5255.874000  22.2680   0.0550   1.0900   0.1370   0.1490      0
255662   1176.187000 5202.717000  22.2650   0.0570   1.0720   0.1320   0.1490      0
254062   1079.450000 5166.488000  22.2000   0.0700   0.8680   0.1840   0.1490      0
253701   1057.517000 5197.340000  22.1760   0.0760   1.0260   0.1390   0.1490      0
254913   1129.837000 5172.988000  22.4720   0.0790   0.9690   0.1250   0.1490      0
254850   1125.932000 5254.223000  22.2460   0.0810   1.0600   0.1220   0.1490      0
253832   1065.884000 5217.182000  22.3180   0.0830   1.1290   0.1930   0.1490      0
252688   996.708000 5301.121000  22.5030   0.0860   0.9680   0.1480   0.1490      0
253167   1024.542000 5243.390000  22.6040   0.0990   1.0960   0.1730   0.1490      0
252950   1011.370000 5058.985000  21.3220   0.0290   0.7340   0.0430   0.1480      0
252211   968.661000 5274.535000  21.7410   0.0350   0.7450   0.0690   0.1480      0
251227   909.312000 5163.900000  20.7920   0.0350   0.8660   0.1190   0.1480      0
252597   992.176000 5114.262000  21.7480   0.0360   0.8480   0.0630   0.1480      0
253316   1033.668000 5326.023000  21.3390   0.0420   0.8540   0.0740   0.1480      0
255098   1142.553000 5125.535000  21.9290   0.0450   0.9640   0.0880   0.1480      0
251436   921.724000 5231.547000  22.0890   0.0560   1.0490   0.0960   0.1480      0
254659   1115.500000 5158.924000  22.2550   0.0610   1.0810   0.1450   0.1480      0
253844   1066.549000 5053.481000  22.2370   0.0650   1.0050   0.1050   0.1480      0
253065   1018.136000 5180.300000  22.1920   0.0760   0.6000   0.1060   0.1480      0
253657   1055.043000 5323.308000  22.4510   0.0770   0.9690   0.1360   0.1480      0
252266   971.819000 5360.587000  22.2140   0.0820   1.0500   0.1410   0.1480      0
253603   1050.640000 5057.893000  22.1070   0.0830   1.0360   0.1210   0.1480      0
252106   961.055000 5112.978000  22.5120   0.0970   0.9640   0.1470   0.1480      0
255926   1192.870000 5214.820000  22.6700   0.1010   1.0350   0.1630   0.1480      0
254004   1076.925000 5236.556000  22.1350   0.1220   0.5060   0.1350   0.1480      0
251182   905.970000 5162.871000  20.5640   0.0240   0.8020   0.1050   0.1470      0
252589   991.765000 5278.519000  21.1980   0.0280   0.7960   0.0510   0.1470      0
250694   876.775000 5227.058000  21.7210   0.0410   1.0220   0.1100   0.1470      0
253480   1043.690000 5094.405000  21.7380   0.0490   0.9200   0.0710   0.1470      0
252772   1001.153000 5210.702000  21.6850   0.0490   1.0640   0.0740   0.1470      0
251972   953.360000 5270.909000  21.3730   0.0490   0.5380   0.0810   0.1470      0
255411   1160.253000 5283.961000  22.0450   0.0490   0.9190   0.0850   0.1470      0
253043   1016.962000 5111.833000  22.4080   0.0520   0.9740   0.1280   0.1470      0
255424   1160.856000 5231.000000  22.0390   0.0550   0.8050   0.0990   0.1470      0
254364   1098.633000 5288.526000  22.6930   0.0580   1.0940   0.1650   0.1470      0
255190   1147.494000 5266.836000  22.2490   0.0590   1.0030   0.1110   0.1470      0
252442   982.490000 5334.347000  22.1970   0.0660   1.0960   0.1040   0.1470      0
251494   924.811000 5144.410000  21.6800   0.0780   1.0450   0.0940   0.1470      0
254977   1134.931000 5081.742000  22.2000   0.0800   0.6670   0.1120   0.1470      0
252449   982.857000 5339.455000  22.5290   0.0890   0.9210   0.1350   0.1470      0
252198   967.524000 5099.653000  22.2740   0.0900   1.0050   0.1380   0.1470      0
253628   1052.834000 5303.114000  22.6290   0.1130   1.0980   0.1980   0.1470      0
254541   1108.489000 5154.211000  22.5500   0.1310   0.9800   0.1720   0.1470      0
251807   943.406000 5124.519000  20.9240   0.0220   0.7010   0.0310   0.1460      0
252236   970.103000 5247.544000  21.0790   0.0220   1.1140   0.0440   0.1460      0
255330   1155.395000 5183.248000  20.5180   0.0250   0.9550   0.0530   0.1460      0
253069   1018.281000 5259.101000  21.6400   0.0310   0.9590   0.0770   0.1460      0
255088   1142.007000 5235.587000  21.3590   0.0360   0.9190   0.0520   0.1460      0
254263   1091.942000 5192.992000  21.9390   0.0490   0.9360   0.0810   0.1460      0
253122   1021.280000 5304.210000  21.8120   0.0500   1.2180   0.0850   0.1460      0
251054   898.287000 5284.696000  22.0570   0.0630   1.0290   0.0950   0.1460      0
251126   902.750000 5270.782000  22.2050   0.0650   1.1030   0.2060   0.1460      0
253799   1063.593000 5319.195000  22.6230   0.0790   0.8550   0.1370   0.1460      0
254447   1103.324000 5077.144000  21.9990   0.0790   0.7360   0.2200   0.1460      0
252085   959.323000 5319.835000  22.6060   0.0820   0.8830   0.1740   0.1460      0
251536   927.523000 5185.658000  22.5670   0.1030   1.3380   0.2000   0.1460      0
252938   1010.701000 5282.486000  20.8460   0.0270   0.9690   0.0550   0.1450      0
251540   927.760000 5215.061000  21.6950   0.0300   0.9640   0.0690   0.1450      0
251009   894.711000 5275.831000  21.5760   0.0360   0.8280   0.0550   0.1450      0
255359   1156.754000 5320.568000  22.0680   0.0450   1.2570   0.2080   0.1450      0
254228   1090.265000 5346.668000  22.0310   0.0530   0.7710   0.0870   0.1450      0
251509   925.507000 5141.031000  22.0490   0.0550   1.0300   0.1950   0.1450      0
252807   1003.258000 5273.909000  21.7280   0.0570   0.8810   0.1360   0.1450      0
251569   929.899000 5171.569000  21.7070   0.0650   1.1260   0.0980   0.1450      0
254832   1124.780000 5307.291000  21.9110   0.0650   1.1370   0.1050   0.1450      0
252153   964.437000 5148.703000  22.0300   0.0660   0.8240   0.1320   0.1450      0
254993   1135.624000 5077.458000  21.9770   0.0670   0.6980   0.0860   0.1450      0
254880   1128.176000 5217.406000  22.2680   0.0770   0.9960   0.1630   0.1450      0
254197   1088.246000 5234.425000  22.0160   0.0860   1.0170   0.1280   0.1450      0
251942   951.954000 5142.487000  22.7910   0.0900   0.6090   0.1350   0.1450      0
252189   966.575000 5153.257000  22.7210   0.0980   0.9070   0.1880   0.1450      0
253033   1016.441000 5363.998000  20.7210   0.0140   1.2870   0.0360   0.1440      0
255917   1192.549000 5158.287000  21.1330   0.0260   0.5890   0.0390   0.1440      0
253483   1043.856000 5292.391000  21.3690   0.0310   0.9560   0.0620   0.1440      0
251065   899.075000 5199.485000  21.7270   0.0340   0.6730   0.0530   0.1440      0
251157   904.748000 5128.981000  21.9200   0.0420   0.7690   0.0880   0.1440      0
252207   968.311000 5337.308000  22.1110   0.0600   1.1280   0.1070   0.1440      0
251977   953.414000 5266.410000  18.1350   0.0770  -0.2640   0.0770   0.1440      0
254857   1126.490000 5295.257000  21.6720   0.0780   0.9010   0.1050   0.1440      0
252191   966.931000 5239.169000  22.7460   0.0890   0.8240   0.1390   0.1440      0
252292   973.189000 5200.875000  22.1840   0.1150   0.5340   0.1280   0.1440      0
252206   968.136000 5171.292000  21.0700   0.0230   0.8000   0.0350   0.1430      0
251504   925.359000 5190.098000  21.2600   0.0300   0.8330   0.0500   0.1430      0
253173   1024.800000 5062.558000  21.2460   0.0310   1.1670   0.0520   0.1430      0
251376   918.077000 5183.442000  20.3620   0.0370   0.6520   0.0410   0.1430      0
252058   958.105000 5234.710000  21.9390   0.0500   1.0740   0.0840   0.1430      0
255158   1145.604000 5292.948000  21.8690   0.0560   1.2090   0.0940   0.1430      0
251377   918.085000 5120.161000  21.0980   0.0590   0.2430   0.0650   0.1430      0
252608   992.982000 5304.979000  22.2190   0.0620   1.2190   0.1190   0.1430      0
255123   1143.767000 5282.593000  22.2480   0.0630   0.9130   0.1110   0.1430      0
255815   1185.716000 5268.215000  22.0800   0.0650   1.1460   0.1150   0.1430      0
253465   1042.735000 5136.441000  22.5860   0.0780   0.8310   0.1410   0.1430      0
255611   1172.845000 5184.388000  21.7390   0.0970   0.5720   0.1050   0.1430      0
254112   1082.928000 5349.240000  22.7390   0.1160   0.9010   0.1760   0.1430      0
254400   1100.596000 5075.126000  19.9400   0.0140   1.8050   0.0280   0.1420      0
254540   1108.482000 5067.557000  21.0800   0.0230   0.6570   0.0350   0.1420      0
253676   1056.049000 5166.963000  21.0660   0.0250   0.9280   0.0430   0.1420      0
253660   1055.159000 5188.244000  21.0730   0.0270   0.6980   0.0400   0.1420      0
253145   1023.307000 5152.049000  21.5190   0.0310   0.7970   0.0600   0.1420      0
254713   1118.422000 5105.667000  21.6630   0.0350   0.9240   0.0620   0.1420      0
253227   1027.936000 5055.681000  21.0530   0.0360   0.5520   0.0440   0.1420      0
254556   1109.170000 5316.573000  22.0550   0.0430   1.2770   0.1370   0.1420      0
252335   975.688000 5179.641000  22.0810   0.0500   1.1930   0.1070   0.1420      0
251513   925.674000 5316.653000  22.0290   0.0530   1.0730   0.1650   0.1420      0
252672   995.932000 5292.232000  22.0170   0.0550   0.8460   0.0950   0.1420      0
252419   981.146000 5122.229000  22.0100   0.0590   0.9230   0.1110   0.1420      0
254862   1126.768000 5355.072000  21.9770   0.0670   0.7820   0.0920   0.1420      0
255998   1198.176000 5160.031000  22.5190   0.0720   0.8660   0.1220   0.1420      0
252663   995.589000 5367.672000  22.2600   0.0750   0.9070   0.1140   0.1420      0
255782   1183.410000 5263.571000  22.4060   0.0770   0.9300   0.1330   0.1420      0
252563   989.375000 5368.872000  22.2840   0.0770   0.9320   0.1380   0.1420      0
251660   934.974000 5326.169000  22.7620   0.1100   0.8480   0.1670   0.1420      0
255011   1136.591000 5328.687000  21.0370   0.0240   0.5520   0.0340   0.1410      0
254043   1078.674000 5233.745000  21.3070   0.0250   0.6500   0.0750   0.1410      0
255319   1154.807000 5144.753000  21.2430   0.0280   0.9760   0.1350   0.1410      0
252884   1007.443000 5136.864000  21.2970   0.0310   1.0700   0.0550   0.1410      0
255387   1158.454000 5205.144000  21.4080   0.0410   0.5230   0.0570   0.1410      0
256056   1202.302000 5244.929000  21.9520   0.0480   0.9140   0.0850   0.1410      0
255589   1170.890000 5284.554000  22.0150   0.0500   0.8120   0.1060   0.1410      0
255709   1179.070000 5260.090000  22.2910   0.0590   0.9490   0.1100   0.1410      0
251134   903.448000 5220.903000  22.2780   0.0610   1.4020   0.1450   0.1410      0
253541   1046.966000 5339.960000  21.9810   0.0630   0.7390   0.0950   0.1410      0
252423   981.490000 5313.076000  22.1150   0.0790   1.1710   0.1150   0.1410      0
253337   1035.071000 5173.046000  22.4670   0.0790   0.8960   0.1440   0.1410      0
252918   1009.519000 5220.391000  22.2310   0.0810   0.6130   0.1320   0.1410      0
252666   995.754000 5337.136000  21.6390   0.0930   1.0690   0.1880   0.1410      0
252508   985.985000 5113.563000  22.7800   0.1020   0.7660   0.1430   0.1410      0
253747   1060.486000 5349.616000  20.1980   0.0140   0.0970   0.0170   0.1400      0
254693   1117.448000 5338.431000  21.0470   0.0220   0.8810   0.0370   0.1400      0
252997   1014.273000 5223.822000  20.5600   0.0240   0.6290   0.0330   0.1400      0
251063   898.760000 5175.552000  21.2340   0.0340   0.8570   0.0520   0.1400      0
252523   986.836000 5118.004000  21.6190   0.0360   0.8500   0.0560   0.1400      0
254038   1078.423000 5112.423000  22.0050   0.0500   0.9070   0.0860   0.1400      0
254056   1079.095000 5198.862000  21.9710   0.0570   1.0630   0.0880   0.1400      0
254828   1124.637000 5162.413000  21.9950   0.0660   1.1110   0.1480   0.1400      0
255270   1151.526000 5314.628000  22.3590   0.0810   0.9390   0.1620   0.1400      0
254251   1091.528000 5360.539000  22.5690   0.0840   0.8160   0.1450   0.1400      0
252497   985.273000 5123.577000  22.5350   0.0860   0.8450   0.1530   0.1400      0
252817   1003.900000 5365.649000  20.7280   0.0990   1.0040   0.1040   0.1400      0
254490   1105.927000 5087.236000  21.6160   0.1100   0.8120   0.1180   0.1400      0
253135   1022.522000 5225.291000  21.0200   0.0300   1.0460   0.0550   0.1390      0
255091   1142.149000 5256.904000  21.7080   0.0310   0.9320   0.0650   0.1390      0
255706   1178.879000 5239.059000  21.4100   0.0340   0.7120   0.0480   0.1390      0
251808   943.416000 5336.980000  21.9320   0.0360   0.8500   0.0720   0.1390      0
251600   931.662000 5283.157000  21.5250   0.0400   0.4240   0.0490   0.1390      0
254819   1124.093000 5347.297000  22.0100   0.0400   1.0330   0.0770   0.1390      0
254963   1133.335000 5289.811000  21.3120   0.0450   0.6700   0.0560   0.1390      0
252413   980.801000 5139.873000  22.2310   0.0530   0.7140   0.1000   0.1390      0
254645   1114.564000 5286.746000  21.9970   0.0550   0.8580   0.0870   0.1390      0
252378   978.539000 5279.912000  22.3800   0.1110   0.8910   0.1530   0.1390      0
255496   1165.034000 5175.416000  22.7780   0.1490   0.7010   0.1880   0.1390      0
251380   918.266000 5235.454000  21.0790   0.0260   0.8120   0.0370   0.1380      0
251461   923.271000 5206.829000  21.2890   0.0420   0.8410   0.0580   0.1380      0
251796   942.620000 5331.611000  22.4010   0.0630   0.9030   0.1250   0.1380      0
252987   1013.828000 5050.600000  21.4980   0.0330   0.7750   0.0540   0.1370      0
254292   1093.661000 5094.776000  21.9930   0.0430   1.0540   0.0860   0.1370      0
252472   983.928000 5302.367000  21.9960   0.0510   1.1000   0.0950   0.1370      0
254378   1099.413000 5311.333000  20.8960   0.0580   0.8330   0.1110   0.1370      0
253895   1069.807000 5196.461000  21.7130   0.0660   0.6890   0.0980   0.1370      0
254615   1113.086000 5189.673000  22.1610   0.0860   1.3080   0.1480   0.1370      0
253054   1017.547000 5243.779000  20.2590   0.0140   0.5810   0.0210   0.1360      0
253940   1073.189000 5204.185000  21.0000   0.0250   0.4080   0.0330   0.1360      0
252623   993.703000 5356.046000  21.7510   0.0360   0.5350   0.0510   0.1360      0
254705   1118.015000 5087.938000  22.0030   0.0390   0.8200   0.0770   0.1360      0
253373   1037.055000 5305.077000  21.7190   0.0410   0.7830   0.0720   0.1360      0
254285   1093.257000 5371.114000  21.6600   0.0470   0.8760   0.0700   0.1360      0
252344   976.211000 5121.190000  21.1690   0.0540   0.8090   0.0670   0.1360      0
252647   994.939000 5275.643000  21.7400   0.0540   0.4990   0.0810   0.1360      0
253774   1062.143000 5216.771000  21.5180   0.0690   0.7660   0.0850   0.1360      0
251664   935.376000 5341.045000  21.2470   0.0790   0.8720   0.0990   0.1360      0
253852   1066.947000 5252.895000  21.2140   0.0290   0.8820   0.0550   0.1350      0
254248   1091.378000 5235.126000  21.6220   0.0360   1.0870   0.1470   0.1350      0
253941   1073.194000 5294.134000  21.2740   0.0470   0.8600   0.0670   0.1350      0
253976   1074.806000 5105.384000  22.6240   0.0730   0.6280   0.1200   0.1350      0
250718   878.309000 5250.527000  22.6400   0.1320   0.6140   0.1660   0.1350      0
253018   1015.378000 5289.355000  21.6940   0.0500   1.2990   0.1200   0.1340      0
252899   1008.424000 5309.960000  22.5590   0.0570   0.5050   0.1220   0.1340      0
251203   907.333000 5262.894000  22.1360   0.0700   1.4050   0.1820   0.1340      0
251838   944.939000 5113.389000  22.4390   0.0900   0.8440   0.1260   0.1340      0
255764   1182.560000 5150.755000  21.7090   0.0360   0.7470   0.0620   0.1330      0
253792   1063.146000 5106.742000  21.3440   0.0560   1.0550   0.0980   0.1330      0
253839   1066.368000 5094.684000  21.5400   0.0650   0.7740   0.0800   0.1330      0
252909   1008.988000 5202.327000  22.3160   0.0710   0.8610   0.1170   0.1330      0
251726   939.049000 5107.404000  22.3620   0.0750   0.8650   0.1260   0.1330      0
254589   1111.322000 5332.865000  22.7440   0.1050   1.3130   0.2360   0.1330      0
252694   996.949000 5339.971000  21.6220   0.0410   0.8350   0.1240   0.1320      0
254478   1105.077000 5252.310000  21.6320   0.0500   0.8330   0.0710   0.1320      0
251428   921.166000 5127.824000  22.4390   0.1640   0.6010   0.2370   0.1320      0
255578   1170.429000 5142.390000  21.3150   0.0340   0.6670   0.0450   0.1310      0
252642   994.761000 5208.520000  21.3460   0.0390   1.0440   0.0670   0.1310      0
253262   1030.133000 5251.737000  21.5860   0.0780   0.7780   0.0990   0.1310      0
251974   953.400000 5274.773000  22.3730   0.0880   0.3290   0.1200   0.1310      0
253571   1049.265000 5099.113000  18.6140   0.0060   1.7860   0.0290   0.1300      0
251249   910.821000 5179.875000  21.6950   0.0330   0.6830   0.0600   0.1300      0
255182   1147.006000 5302.266000  21.2950   0.0430   0.9190   0.1010   0.1300      0
252033   956.278000 5181.887000  21.9580   0.0530   1.2580   0.1190   0.1300      0
253797   1063.481000 5162.986000  21.0850   0.0230   0.9360   0.0500   0.1290      0
254966   1133.607000 5153.372000  20.9500   0.0190   1.7310   0.0630   0.1280      0
253921   1071.776000 5250.375000  20.7360   0.0200   0.4820   0.0260   0.1280      0
253001   1014.363000 5135.748000  21.5930   0.0400   0.7950   0.0630   0.1280      0
255396   1159.543000 5252.210000  21.2050   0.0510   0.8620   0.0650   0.1280      0
255213   1148.670000 5106.047000  22.8420   0.0900   0.9780   0.1610   0.1280      0
253123   1021.286000 5299.659000  21.0920   0.0300   1.1880   0.0900   0.1270      0
255446   1161.857000 5309.780000  22.9840   0.1490   0.5500   0.1890   0.1270      0
254698   1117.655000 5134.297000  21.6930   0.0360   0.7250   0.0590   0.1260      0
253580   1049.628000 5181.470000  21.3440   0.0520   1.1100   0.0740   0.1260      0
253523   1046.153000 5191.320000  22.4940   0.0910   0.6960   0.1590   0.1260      0
252402   979.901000 5164.681000  21.0160   0.0230   0.4630   0.0310   0.1250      0
254157   1085.433000 5332.089000  21.6160   0.0390   0.8020   0.0700   0.1250      0
250919   889.747000 5253.475000  22.2950   0.0590   0.5930   0.0890   0.1250      0
255641   1174.846000 5261.655000  22.8900   0.1050   0.7910   0.1660   0.1250      0
252489   984.736000 5100.238000  20.9990   0.0260   0.9430   0.0630   0.1240      0
252533   987.481000 5152.752000  21.4190   0.0270   0.6760   0.0420   0.1240      0
254739   1119.769000 5215.164000  21.6820   0.0340   0.6160   0.0520   0.1240      0
251564   929.438000 5329.301000  21.4470   0.0340   0.6330   0.0950   0.1240      0
252155   964.564000 5288.256000  22.3890   0.0940   0.7610   0.1280   0.1240      0
251152   904.353000 5303.662000  20.7130   0.0180   1.5300   0.0400   0.1230      0
255518   1166.533000 5150.381000  20.8970   0.0190   1.2360   0.0430   0.1230      0
252759   1000.349000 5348.037000  22.3070   0.0610   0.7700   0.0970   0.1230      0
251125   902.561000 5143.698000  22.3760   0.0680   0.7830   0.1150   0.1230      0
254009   1077.165000 5089.098000  21.6330   0.0560   0.4260   0.0710   0.1220      0
254188   1087.869000 5117.661000  21.4410   0.0250   0.5980   0.0390   0.1210      0
253460   1042.368000 5146.067000  21.4950   0.0320   0.7240   0.0520   0.1210      0
251417   920.612000 5290.054000  21.6410   0.0590   1.2340   0.0870   0.1210      0
253813   1064.501000 5142.985000  20.5570   0.0160   0.1460   0.0190   0.1200      0
252920   1009.811000 5235.797000  20.7060   0.0260   0.4680   0.0350   0.1200      0
252845   1004.883000 5171.762000  21.3970   0.0330   0.6650   0.0460   0.1200      0
253961   1074.067000 5257.881000  20.9450   0.0340   0.7190   0.0460   0.1200      0
254349   1097.574000 5159.667000  22.8390   0.0890   1.3110   0.2030   0.1190      0
251934   951.546000 5175.424000  21.4420   0.0350   0.5900   0.0540   0.1180      0
255133   1144.354000 5164.985000  22.4300   0.0940   0.4720   0.1520   0.1180      0
253195   1026.048000 5134.461000  22.0050   0.0960   1.7180   0.1510   0.1180      0
255785   1183.618000 5144.228000  21.6090   0.0500   1.3500   0.1160   0.1160      0
254506   1106.749000 5179.214000  21.5600   0.0820   0.4880   0.0970   0.1160      0
254646   1114.724000 5115.475000  21.4000   0.0370   0.6240   0.0480   0.1150      0
251224   909.202000 5253.807000  21.4940   0.0360   0.6410   0.0480   0.1140      0
253678   1056.071000 5092.035000  20.9910   0.0310   0.8460   0.0600   0.1130      0
251140   903.824000 5177.690000  21.5100   0.0380   0.6380   0.0560   0.1130      0
252255   971.256000 5204.666000  21.6420   0.0460   0.5510   0.0830   0.1130      0
251959   952.651000 5216.427000  21.8810   0.0490   1.3700   0.0980   0.1130      0
254198   1088.354000 5256.747000  21.6000   0.0620   1.4160   0.0950   0.1130      0
252177   965.584000 5136.873000  21.0290   0.0500   0.6770   0.0920   0.1110      0
254786   1122.266000 5165.289000  21.0700   0.0240   0.4280   0.0410   0.1100      0
254610   1112.631000 5211.331000  21.5400   0.0350   0.6110   0.0590   0.1100      0
253871   1068.090000 5091.770000  21.5430   0.0360   0.6420   0.0730   0.1100      0
254361   1098.569000 5098.362000  20.9260   0.0410   0.6640   0.0500   0.1100      0
254889   1128.687000 5126.555000  22.3790   0.0610   0.6360   0.1020   0.1100      0
253323   1034.012000 5206.853000  20.9850   0.0220   0.8260   0.0370   0.1090      0
255096   1142.496000 5328.925000  21.2010   0.0370   1.0430   0.0600   0.1080      0
255429   1161.122000 5158.479000  21.6260   0.0390   0.5800   0.0560   0.1080      0
250734   879.137000 5170.407000  20.7410   0.0230   0.5650   0.0290   0.1060      0
254120   1083.698000 5282.658000  21.5670   0.0500   0.6010   0.0670   0.1060      0
252853   1005.453000 5184.679000  20.9980   0.0240   0.7220   0.0340   0.1050      0
253433   1040.334000 5211.003000  21.4850   0.0590   1.1980   0.1080   0.1040      0
255742   1181.328000 5141.259000  21.0180   0.0240   0.7290   0.0460   0.1010      0
252852   1005.450000 5287.281000  20.5220   0.0220   0.2300   0.0270   0.0980      0
253248   1029.119000 5284.125000  21.1500   0.0230   0.8920   0.0420   0.0880      0
253114   1021.033000 5194.177000  23.2550   0.1430   0.7220   0.2290   0.0860      0
