#ID x y mag e_mag col1 e_col1 memb_prob sel
10670    1057.320000 931.510000  18.0460   0.0300   1.1790   0.0430   0.9990      1
10773    1060.430000 939.080000  18.0730   0.0530   1.1790   0.0740   0.9960      1
10155    1027.170000 889.900000  18.0310   0.0640   1.2550   0.0820   0.9950      1
9052     1167.080000 800.220000  18.9310   0.0140   0.8630   0.0170   0.9900      1
10126    1269.660000 887.190000  19.2900   0.0140   0.5060   0.0180   0.9870      1
10819    1083.940000 943.740000  18.0350   0.0430   1.3200   0.0830   0.9860      1
11697    1107.730000 1009.050000  17.8060   0.0480   0.9530   0.0780   0.9830      1
11468    1043.350000 992.300000  18.5300   0.0180   0.9390   0.0240   0.9810      1
10424    1217.290000 912.530000  19.2540   0.0130   0.4900   0.0200   0.9780      1
10949    1093.050000 954.120000  18.1410   0.0650   1.1410   0.0870   0.9760      1
10211    1132.890000 894.850000  18.1780   0.0380   1.1570   0.0610   0.9710      1
10889    1085.840000 948.740000  16.6620   0.0260   2.2560   0.0360   0.9560      1
10975    1115.960000 956.070000  18.2110   0.0370   1.0730   0.0520   0.9520      1
11284    1169.850000 978.190000  16.6600   0.0140   2.1660   0.0350   0.9500      1
12029    971.000000 1037.240000  19.2850   0.0130   0.4140   0.0230   0.9480      1
11005    1013.640000 958.660000  16.7840   0.0180   2.2680   0.0270   0.9460      1
11627    1071.440000 1003.340000  16.7580   0.0160   2.0090   0.0230   0.9390      1
10385    1108.980000 909.300000  18.1040   0.0400   1.3920   0.0740   0.9380      1
11816    1112.430000 1017.930000  18.6660   0.0200   1.0460   0.0520   0.9360      1
12657    964.100000 1091.880000  17.2790   0.0120   1.8630   0.0180   0.9350      1
9803     1216.240000 862.640000  19.1980   0.0150   0.4910   0.0230   0.9300      1
11943    1035.630000 1029.830000  18.8410   0.0210   1.1780   0.0340   0.9260      1
11519    1099.370000 995.580000  19.2040   0.0250   0.7810   0.0290   0.9260      1
11009    893.800000 958.890000  17.9810   0.0150   1.4750   0.0220   0.9240      1
12095    1124.940000 1043.730000  19.3010   0.0200   0.4230   0.0320   0.9220      1
11872    1060.890000 1022.380000  19.2270   0.0490   0.5200   0.0580   0.9170      1
12731    1169.860000 1098.900000  19.1990   0.0120   0.6320   0.0190   0.9150      1
11978    1084.550000 1032.740000  17.6050   0.0140   1.0370   0.0230   0.9140      1
11092    1130.900000 965.740000  19.2620   0.0290   0.7200   0.0420   0.9140      1
9149     1006.790000 808.720000  18.2990   0.0130   1.2950   0.0160   0.9050      1
11163    996.740000 970.580000  18.5980   0.0270   0.9030   0.0320   0.9030      1
10928    1062.210000 952.720000  19.2030   0.0340   0.7820   0.0860   0.9010      1
11620    1210.840000 1003.060000  18.4610   0.0090   1.2850   0.0130   0.9000      1
12544    1141.640000 1080.750000  18.4100   0.0120   0.8040   0.0190   0.8980      1
11331    1005.450000 981.510000  16.8030   0.0290   2.0120   0.0470   0.8960      1
10669    1003.640000 931.420000  18.8900   0.0350   1.1680   0.0510   0.8930      1
11496    1071.430000 994.140000  18.9440   0.0250   0.6560   0.0320   0.8920      1
10205    1049.610000 894.340000  18.1030   0.0260   1.4940   0.0350   0.8890      1
11545    1120.380000 997.520000  16.8380   0.0180   2.3700   0.0280   0.8860      1
10425    1072.460000 912.550000  18.3190   0.0450   1.1120   0.0760   0.8830      1
12015    941.060000 1035.530000  19.6650   0.0150   0.4730   0.0190   0.8810      1
11812    1094.250000 1017.750000  19.1660   0.0440   0.5500   0.0640   0.8810      1
11233    1122.420000 975.500000  18.6600   0.0370   1.0930   0.0480   0.8790      1
10732    1065.100000 936.050000  18.3010   0.0720   1.1640   0.0860   0.8790      1
9758     930.020000 858.830000  19.5710   0.0150   0.4390   0.0190   0.8770      1
10673    1132.070000 931.830000  18.8040   0.0380   0.9040   0.0760   0.8760      1
10152    1237.160000 889.420000  19.6830   0.0160   0.4530   0.0210   0.8750      1
9570     1011.370000 843.000000  19.0410   0.0200   0.7120   0.0510   0.8720      1
10752    986.720000 937.700000  19.7770   0.0200   0.3670   0.0280   0.8690      1
11495    911.210000 994.090000  19.8010   0.0250   0.4190   0.0290   0.8690      1
13143    1079.740000 1135.570000  18.6450   0.0090   1.2550   0.0300   0.8650      1
11494    1030.130000 994.080000  19.2900   0.0560   0.7920   0.0630   0.8640      1
12020    1106.430000 1035.930000  18.6500   0.0700   0.8750   0.0820   0.8620      1
10125    1017.850000 887.140000  19.7020   0.0210   0.6700   0.0280   0.8600      1
12987    1003.690000 1119.530000  17.4790   0.0110   1.8250   0.0160   0.8590      1
12529    1084.910000 1079.560000  19.8560   0.0210   0.6490   0.0280   0.8590      1
8863     1161.280000 784.200000  19.1950   0.0140   1.5340   0.0250   0.8580      1
10004    1111.180000 879.030000  19.8210   0.0210   0.3940   0.0290   0.8570      1
11965    1189.370000 1032.060000  19.5750   0.0230   0.4140   0.0280   0.8570      1
10085    1000.300000 884.270000  19.7400   0.0270   0.7070   0.0330   0.8560      1
10939    1154.710000 953.530000  19.0800   0.0520   0.5560   0.0670   0.8560      1
11477    1063.570000 992.890000  16.8970   0.0220   2.1130   0.0300   0.8530      1
10466    918.460000 915.550000  18.9620   0.0150   1.1660   0.0230   0.8520      1
8547     1094.770000 754.500000  19.5760   0.0260   0.4140   0.0310   0.8500      1
11599    1065.020000 1001.980000  18.3140   0.0330   1.2360   0.0460   0.8500      1
11887    1143.220000 1023.440000  19.6040   0.0220   0.4380   0.0280   0.8490      1
10597    1091.580000 925.650000  16.9540   0.0220   2.4140   0.0700   0.8490      1
10417    1063.120000 912.070000  18.8150   0.0460   1.0180   0.0650   0.8490      1
12484    1096.010000 1075.810000  19.4150   0.0140   0.3940   0.0180   0.8440      1
10775    1073.580000 939.240000  18.6540   0.0680   0.8110   0.0920   0.8430      1
11348    1203.040000 982.790000  19.7890   0.0150   0.5530   0.0220   0.8410      1
10807    1002.980000 942.250000  18.7970   0.0180   1.3790   0.0300   0.8400      1
12412    1081.900000 1069.780000  19.5200   0.0250   0.4560   0.0360   0.8400      1
11065    1068.290000 963.150000  17.4630   0.0290   1.6890   0.0450   0.8400      1
9548     1074.620000 841.570000  18.8050   0.0160   1.2940   0.0240   0.8390      1
9035     1163.150000 798.560000  17.8250   0.0080   1.7160   0.0110   0.8380      1
10224    974.300000 896.350000  17.3710   0.0150   2.3220   0.0210   0.8370      1
11571    1044.550000 999.930000  19.1640   0.0680   0.4780   0.0810   0.8370      1
8598     1135.430000 759.110000  19.3000   0.0250   1.0660   0.0320   0.8360      1
10016    1026.200000 879.810000  19.7460   0.0430   0.4890   0.0490   0.8350      1
10699    1211.670000 933.320000  19.6090   0.0230   0.4300   0.0290   0.8340      1
12103    1204.870000 1044.020000  19.5310   0.0370   0.4680   0.0410   0.8340      1
10992    1273.330000 957.440000  19.8040   0.0160   0.6000   0.0220   0.8310      1
9206     1006.350000 813.370000  19.8230   0.0220   0.4350   0.0280   0.8310      1
11513    1143.640000 995.010000  18.4480   0.0430   1.0240   0.0620   0.8300      1
12008    982.590000 1035.010000  19.7360   0.0350   0.6320   0.0410   0.8280      1
10495    1151.890000 917.960000  19.7850   0.0440   0.3990   0.0490   0.8270      1
11752    1242.530000 1013.350000  19.4900   0.0140   0.3670   0.0180   0.8260      1
10472    998.500000 916.340000  19.7200   0.0400   0.6870   0.0550   0.8260      1
9401     1162.950000 829.240000  18.6060   0.0100   1.9260   0.0160   0.8220      1
10989    1055.140000 957.340000  17.0220   0.0230   2.3780   0.0500   0.8190      1
11925    1111.630000 1028.090000  19.6850   0.0230   0.6310   0.0300   0.8180      1
9861     1256.000000 866.920000  18.4640   0.0110   1.6490   0.0160   0.8160      1
9350     1180.450000 825.250000  19.8530   0.0140   0.4010   0.0210   0.8150      1
10760    1002.920000 938.350000  19.5610   0.0450   0.4220   0.0630   0.8150      1
11595    1163.230000 1001.650000  19.6680   0.0260   0.4340   0.0300   0.8140      1
10675    1084.930000 932.010000  17.2800   0.0260   1.7790   0.0630   0.8140      1
9850     1080.530000 865.980000  19.7520   0.0460   0.6760   0.0530   0.8130      1
8727     1183.720000 771.650000  19.8400   0.0170   0.3610   0.0220   0.8110      1
12053    1097.700000 1040.150000  19.6260   0.0330   0.5050   0.0370   0.8110      1
11040    1147.440000 961.090000  19.8220   0.0300   0.3580   0.0360   0.8090      1
10836    1092.440000 944.790000  16.9500   0.0470   1.5650   0.0670   0.8090      1
11345    999.950000 982.550000  17.8160   0.0700   1.2930   0.0870   0.8090      1
12017    1010.250000 1035.680000  19.7210   0.0240   0.4080   0.0350   0.8080      1
10617    980.320000 927.020000  19.7670   0.0280   0.5700   0.0360   0.8060      1
10471    1124.060000 916.260000  19.5500   0.0450   0.4890   0.0570   0.8060      1
10219    1107.660000 895.480000  19.1000   0.0290   0.4160   0.0350   0.8040      1
9833     1132.150000 864.770000  19.7760   0.0370   0.5960   0.0460   0.8040      1
12326    1187.110000 1062.830000  19.7170   0.0180   0.4050   0.0230   0.8020      1
12682    1222.720000 1093.350000  19.7260   0.0210   0.5560   0.0260   0.8020      1
11502    1212.670000 994.420000  19.1730   0.0120   1.5550   0.0210   0.8000      1
9005     1213.800000 795.960000  19.2290   0.0200   1.5550   0.0300   0.8000      1
12113    1081.370000 1044.770000  19.7770   0.0220   0.3230   0.0280   0.8000      1
11936    1081.120000 1029.210000  19.5750   0.0460   0.4140   0.0680   0.8000      1
10499    1196.780000 918.120000  19.4370   0.0150   0.4610   0.0220   0.7990      1
12623    995.710000 1088.120000  19.6240   0.0150   0.5330   0.0200   0.7970      1
10226    1249.280000 896.450000  19.9430   0.0180   0.4010   0.0220   0.7970      1
11637    1126.020000 1004.310000  19.7190   0.0610   0.5990   0.0710   0.7970      1
12480    1056.820000 1075.370000  19.1430   0.0130  -0.1370   0.0170   0.7950      1
9381     1064.890000 827.650000  18.7650   0.0150   1.3770   0.0480   0.7950      1
10955    983.040000 954.410000  17.9470   0.0120   1.6530   0.0230   0.7940      1
9968     1085.310000 875.620000  19.5100   0.0620   0.4500   0.0740   0.7930      1
11802    1043.490000 1017.310000  19.5530   0.0640   0.4510   0.0790   0.7930      1
9712     1256.280000 855.020000  18.4610   0.0140   1.6890   0.0210   0.7920      1
9799     1179.060000 862.330000  19.7510   0.0240   0.3310   0.0280   0.7920      1
12122    1191.190000 1045.410000  19.9210   0.0190   0.3940   0.0230   0.7900      1
10611    1033.300000 926.680000  19.6320   0.0650   0.4660   0.0750   0.7890      1
11174    883.340000 971.130000  19.0330   0.0220   1.1590   0.0380   0.7880      1
12547    1088.070000 1081.250000  19.7250   0.0180   0.3350   0.0240   0.7870      1
8721     1055.750000 771.390000  19.9070   0.0150   0.5270   0.0200   0.7850      1
10575    1128.500000 923.910000  18.8640   0.0430   1.2790   0.0670   0.7850      1
11811    1180.840000 1017.660000  19.6640   0.0740   0.5320   0.0800   0.7850      1
11829    1245.810000 1019.440000  18.6730   0.0110   2.0160   0.0220   0.7840      1
8619     1040.170000 761.370000  19.0240   0.0130   1.6020   0.0220   0.7830      1
12764    1093.140000 1101.630000  19.2040   0.0170   1.5920   0.0300   0.7830      1
10494    1146.100000 917.880000  19.3610   0.0470   0.4120   0.0600   0.7820      1
10716    1021.910000 934.810000  19.5780   0.0590   0.4630   0.0900   0.7820      1
11900    1146.230000 1025.600000  19.9540   0.0220   0.3990   0.0280   0.7810      1
12157    1056.680000 1048.440000  19.4280   0.0230   0.3850   0.0270   0.7810      1
10027    1122.620000 880.140000  19.5410   0.0690   0.4290   0.0910   0.7800      1
12064    1025.410000 1041.370000  19.8830   0.0250   0.5810   0.0350   0.7790      1
12184    1235.300000 1051.050000  17.3430   0.0080   2.3140   0.0150   0.7770      1
11892    1066.310000 1024.850000  19.8990   0.0240   0.5480   0.0320   0.7760      1
11229    1116.970000 975.140000  19.4210   0.0290   0.3940   0.0480   0.7760      1
9163     1143.350000 810.000000  17.9720   0.0090   1.9010   0.0190   0.7750      1
12883    1037.060000 1111.500000  19.9020   0.0160   0.5770   0.0240   0.7750      1
12697    1215.570000 1094.950000  19.6070   0.0770   0.4790   0.0990   0.7740      1
9578     1067.190000 843.840000  19.7170   0.0180   0.3660   0.0230   0.7730      1
13212    1055.220000 1142.670000  18.2810   0.0200   1.5550   0.0260   0.7730      1
11063    926.670000 963.060000  16.1640   0.0130   1.6190   0.0170   0.7720      1
11612    936.800000 1002.720000  16.2410   0.0140   1.7300   0.0190   0.7720      1
9804     1007.860000 862.680000  18.6600   0.0140   1.9250   0.0350   0.7710      1
10848    1174.350000 945.940000  19.8400   0.0480   0.4080   0.0650   0.7710      1
11853    1263.040000 1021.380000  17.3670   0.0070   2.1450   0.0110   0.7700      1
11546    1235.950000 997.640000  19.2140   0.0250   1.5770   0.0390   0.7700      1
11292    1090.620000 978.510000  17.3450   0.0420   2.3000   0.0730   0.7700      1
12593    982.990000 1085.330000  19.5780   0.0490   0.3730   0.0550   0.7700      1
9827     1032.650000 864.480000  19.1400   0.0360   1.1910   0.0650   0.7690      1
11475    1053.440000 992.770000  19.0230   0.0530   0.4940   0.0830   0.7690      1
11322    1188.510000 980.650000  18.0380   0.0100   1.7750   0.0170   0.7680      1
10163    1197.230000 890.500000  19.1870   0.0150   1.6110   0.0340   0.7670      1
10658    997.780000 930.510000  19.3960   0.0200   0.4670   0.0360   0.7670      1
12328    1171.540000 1062.900000  19.9730   0.0140   0.4060   0.0230   0.7660      1
8881     1037.500000 785.870000  19.4700   0.0320   0.4270   0.0410   0.7660      1
10915    1081.480000 951.350000  17.7510   0.0660   1.2980   0.0800   0.7660      1
10018    1172.940000 879.860000  19.7470   0.0200   0.3180   0.0300   0.7650      1
11427    923.300000 989.150000  20.1120   0.0260   0.4160   0.0320   0.7650      1
11195    1168.820000 972.520000  18.9700   0.0230   0.3780   0.0290   0.7630      1
11015    1122.830000 959.270000  19.8340   0.0840   0.5630   0.1070   0.7620      1
9864     971.930000 867.200000  18.1380   0.0120   1.9270   0.0200   0.7610      1
12565    1005.360000 1083.480000  19.9700   0.0170   0.3600   0.0230   0.7610      1
8944     1007.470000 791.230000  19.9100   0.0220   0.6870   0.0270   0.7610      1
10402    998.220000 911.010000  18.5320   0.0120   1.6810   0.0220   0.7600      1
11775    1271.340000 1015.480000  19.8140   0.0170   0.3140   0.0210   0.7580      1
10476    1062.510000 916.640000  19.7850   0.0810   0.4080   0.0950   0.7570      1
12475    1050.850000 1074.560000  20.1430   0.0190   0.4360   0.0270   0.7560      1
10123    1042.880000 887.060000  19.8800   0.0350   0.5350   0.0410   0.7560      1
9341     968.200000 824.650000  19.6490   0.0180   0.4090   0.0250   0.7550      1
9715     974.040000 855.370000  20.1870   0.0190   1.1530   0.0340   0.7550      1
11713    1126.160000 1010.120000  18.4820   0.0110   1.4760   0.0240   0.7540      1
12245    1030.770000 1056.170000  18.7780   0.0120   1.4630   0.0170   0.7540      1
12485    1226.470000 1075.900000  19.3300   0.0150   1.6470   0.0260   0.7540      1
8511     1066.200000 751.160000  19.4290   0.0290   0.3200   0.0350   0.7530      1
10449    1089.750000 913.870000  18.6030   0.0430   1.1580   0.0760   0.7530      1
11890    1051.630000 1024.300000  19.5080   0.0600   0.3470   0.0740   0.7530      1
10237    1037.940000 897.360000  18.6060   0.0160  -0.3560   0.0350   0.7520      1
12035    1184.080000 1037.980000  19.7180   0.0260   0.3150   0.0310   0.7520      1
10218    1002.520000 895.210000  19.9430   0.0240   0.3460   0.0320   0.7510      1
10005    987.290000 879.050000  20.1070   0.0260   0.4450   0.0320   0.7500      1
12905    1068.330000 1113.140000  18.0200   0.0160   1.9610   0.0250   0.7490      1
10822    1110.200000 944.000000  17.0010   0.0620   1.8850   0.0840   0.7490      1
12417    1035.340000 1070.250000  18.4170   0.0220   1.4220   0.0370   0.7460      1
10549    935.270000 921.290000  18.7220   0.0260   0.2000   0.0320   0.7460      1
10897    1193.740000 949.660000  19.6990   0.0190   0.3460   0.0300   0.7450      1
12158    1162.550000 1048.460000  19.9640   0.0260   0.3540   0.0300   0.7450      1
9936     1151.660000 872.830000  20.1450   0.0220   0.4350   0.0310   0.7440      1
10397    1060.310000 910.330000  19.5290   0.0330   0.6590   0.0640   0.7440      1
11378    1227.870000 985.230000  19.8300   0.0220   0.4980   0.0280   0.7420      1
8476     1063.920000 748.130000  19.0320   0.0270   1.4240   0.0400   0.7360      1
10923    1121.960000 952.220000  16.9510   0.0580   1.8640   0.0810   0.7360      1
11320    1146.130000 980.620000  19.8920   0.0380   0.3590   0.0450   0.7340      1
10017    997.870000 879.810000  19.3200   0.0120   1.7820   0.0200   0.7330      1
10828    913.030000 944.130000  19.3280   0.0180   1.6340   0.0330   0.7310      1
11343    1031.970000 982.480000  17.6220   0.0400   1.8890   0.0590   0.7310      1
10841    1077.300000 945.060000  19.3680   0.0590   0.6990   0.0850   0.7310      1
9825     1164.250000 864.260000  19.5710   0.0510   0.3370   0.0620   0.7300      1
12341    1238.120000 1064.260000  18.7770   0.0090   1.5720   0.0200   0.7290      1
12367    1012.880000 1066.270000  19.2640   0.0150   1.5790   0.0400   0.7290      1
10124    1227.350000 887.140000  19.1320   0.0110   1.6630   0.0220   0.7280      1
11967    1018.180000 1032.210000  19.8430   0.0150   0.5160   0.0210   0.7280      1
9349     944.590000 825.250000  19.3920   0.0340   0.5200   0.0410   0.7280      1
12653    1067.350000 1091.560000  20.2970   0.0220   0.4460   0.0280   0.7270      1
11723    1055.080000 1010.540000  19.4300   0.0490   0.3050   0.0680   0.7270      1
10705    1236.060000 934.050000  19.1680   0.0120   1.6240   0.0180   0.7240      1
9315     1054.570000 822.220000  18.5720   0.0170   1.6490   0.0240   0.7230      1
13063    1112.330000 1127.390000  19.8430   0.0190   0.3250   0.0280   0.7230      1
11357    1024.800000 983.560000  18.4990   0.0250   1.6810   0.0490   0.7230      1
10798    969.200000 941.060000  18.5420   0.0130   1.6930   0.0260   0.7210      1
9224     1001.980000 814.910000  19.1620   0.0200   1.5530   0.0350   0.7210      1
10603    1162.540000 926.090000  18.5050   0.0300   1.4150   0.0580   0.7210      1
12057    1053.280000 1040.680000  19.0470   0.0390   1.3240   0.0540   0.7210      1
10073    1093.920000 883.180000  17.6160   0.0210   1.9850   0.0450   0.7200      1
11993    1203.340000 1034.020000  19.9580   0.0280   0.5470   0.0350   0.7200      1
11335    993.560000 981.790000  19.5480   0.0450   0.5640   0.0510   0.7200      1
10464    1141.180000 915.360000  18.5700   0.0190   1.9100   0.0300   0.7180      1
9719     1041.030000 855.980000  19.9730   0.0440   0.4140   0.0540   0.7170      1
10432    1182.900000 912.910000  19.9720   0.0240   0.5060   0.0300   0.7160      1
10021    1085.480000 879.880000  19.9820   0.0380   0.4030   0.0490   0.7160      1
10585    1202.340000 924.860000  20.2730   0.0200   0.4490   0.0290   0.7150      1
12231    911.160000 1055.380000  19.1190   0.0160   1.6900   0.0270   0.7140      1
12395    973.320000 1068.290000  19.9800   0.0190   0.5040   0.0240   0.7140      1
13074    998.010000 1128.870000  19.8770   0.0220   0.3370   0.0290   0.7130      1
12619    1217.530000 1087.670000  18.7360   0.0450   0.3380   0.0540   0.7130      1
12192    1016.830000 1051.620000  19.4510   0.0150   0.2200   0.0190   0.7120      1
12260    1072.510000 1057.420000  20.3370   0.0250   0.3930   0.0310   0.7120      1
9024     1174.550000 797.360000  20.3630   0.0280   0.3690   0.0320   0.7120      1
8997     1190.470000 795.230000  18.3570   0.0100   1.8180   0.0160   0.7110      1
8858     1114.160000 783.740000  20.1360   0.0380   0.4430   0.0460   0.7110      1
10075    1026.900000 883.760000  18.5380   0.0390   1.2760   0.0560   0.7110      1
11692    1196.800000 1008.800000  20.0660   0.0180   0.3710   0.0360   0.7100      1
11460    1197.730000 991.590000  19.0130   0.0170   1.5500   0.0320   0.7090      1
10522    1010.620000 919.140000  20.1230   0.0290   0.3560   0.0480   0.7080      1
9197     1162.700000 812.690000  20.3130   0.0300   0.4210   0.0370   0.7080      1
12062    909.780000 1040.970000  19.9400   0.0320   0.6310   0.0400   0.7080      1
9902     991.010000 870.090000  18.7820   0.0150   0.1630   0.0200   0.7070      1
10135    1078.350000 887.980000  19.9510   0.0600   0.3840   0.0760   0.7070      1
12852    1059.780000 1108.590000  19.4430   0.0560   0.6980   0.0630   0.7060      1
10525    918.880000 919.490000  20.0640   0.0240   0.4060   0.0300   0.7050      1
12147    1063.150000 1047.480000  20.3040   0.0340   0.4090   0.0390   0.7040      1
9991     1265.760000 877.970000  19.2920   0.0140   1.6010   0.0230   0.7030      1
11492    1184.540000 993.950000  19.3210   0.0200   1.7200   0.0310   0.7030      1
11870    1026.590000 1022.360000  19.1040   0.0330   1.3090   0.0620   0.7020      1
12477    1037.250000 1074.970000  18.7930   0.0200   1.5390   0.0370   0.7010      1
9440     1185.730000 832.840000  20.1150   0.0280   0.3510   0.0380   0.7010      1
10339    1176.400000 905.530000  20.1170   0.0300   0.3520   0.0360   0.7000      1
11860    1156.440000 1021.840000  19.9530   0.0460   0.5850   0.0530   0.7000      1
10423    1234.780000 912.530000  18.3800   0.0130   1.6550   0.0260   0.6990      1
13130    1052.180000 1134.080000  20.3480   0.0290   0.4150   0.0360   0.6990      1
10254    937.040000 898.670000  20.3710   0.0200   0.3450   0.0290   0.6980      1
8704     984.540000 769.890000  20.3390   0.0260   0.3770   0.0420   0.6980      1
11448    1190.170000 990.750000  19.9210   0.0350   0.3230   0.0490   0.6980      1
12392    987.880000 1067.920000  18.1540   0.0150   1.9940   0.0230   0.6970      1
9729     1068.860000 856.650000  19.9530   0.0250   0.6040   0.0320   0.6970      1
11567    1221.590000 999.730000  18.8790   0.0490   0.3910   0.0530   0.6970      1
10580    973.160000 924.590000  20.3360   0.0230   0.3850   0.0450   0.6960      1
9122     1072.780000 806.180000  20.0020   0.0330   0.3920   0.0400   0.6960      1
10628    927.560000 927.690000  20.3400   0.0340   0.4150   0.0420   0.6960      1
10434    1268.510000 912.970000  17.6020   0.0140  -0.2110   0.0170   0.6950      1
11855    1223.680000 1021.570000  19.0570   0.0100   1.5470   0.0170   0.6940      1
9965     938.030000 875.440000  20.3490   0.0320   0.3750   0.0440   0.6940      1
10164    1229.870000 890.530000  19.0570   0.0140   1.5920   0.0220   0.6930      1
13175    1019.330000 1138.770000  20.2650   0.0250   0.3940   0.0330   0.6930      1
13287    1057.500000 1150.570000  20.1700   0.0300   0.4210   0.0400   0.6930      1
9934     1071.460000 872.590000  19.3490   0.0250   1.7010   0.0440   0.6920      1
10738    982.190000 936.660000  19.4710   0.0320   0.2830   0.0630   0.6910      1
10573    986.020000 923.770000  19.8770   0.0660   0.3390   0.0860   0.6910      1
12175    1008.100000 1050.240000  20.2620   0.0300   0.4360   0.0380   0.6900      1
9418     989.730000 830.710000  20.0890   0.0220   0.4790   0.0310   0.6890      1
11986    916.510000 1033.240000  18.8100   0.0420   1.4270   0.0630   0.6890      1
9856     965.300000 866.730000  20.4290   0.0220   0.4610   0.0320   0.6870      1
12211    1111.450000 1053.320000  19.1300   0.0150   1.7220   0.0240   0.6860      1
11082    1159.660000 964.660000  19.9990   0.0280   0.3390   0.0320   0.6860      1
10933    916.830000 953.160000  20.1180   0.0490   0.4530   0.0620   0.6860      1
12576    988.410000 1084.420000  20.2700   0.0330   0.3960   0.0440   0.6850      1
10023    1259.630000 880.040000  20.5870   0.0250   0.3810   0.0360   0.6840      1
9914     953.620000 870.540000  20.4260   0.0220   0.4730   0.0350   0.6820      1
10708    1243.020000 934.230000  20.6240   0.0280   0.4040   0.0370   0.6810      1
9787     1240.890000 861.390000  20.4100   0.0290   0.3830   0.0330   0.6810      1
9653     1096.070000 849.970000  20.2630   0.0260   0.3800   0.0380   0.6800      1
10514    1053.260000 918.810000  18.5050   0.0270   1.6310   0.0470   0.6790      1
11551    1148.440000 998.330000  20.0560   0.0640   0.3840   0.0810   0.6780      1
8952     978.650000 792.210000  20.4220   0.0300   0.4430   0.0370   0.6770      1
8793     1150.250000 777.370000  19.3290   0.0340   0.2540   0.0460   0.6770      1
10349    989.560000 906.570000  18.7860   0.0200   1.5810   0.0300   0.6760      1
11333    1227.640000 981.670000  20.0700   0.0220   0.2780   0.0270   0.6760      1
11465    1177.420000 991.840000  19.2800   0.0230   1.5470   0.0420   0.6750      1
9998     1256.470000 878.770000  20.6160   0.0260   0.3610   0.0400   0.6740      1
9460     1066.430000 833.970000  20.1490   0.0630   0.4110   0.0730   0.6740      1
9514     1219.290000 839.110000  18.8820   0.0090  -0.2180   0.0110   0.6730      1
12611    1177.640000 1087.040000  20.6450   0.0270   0.3770   0.0360   0.6730      1
11708    1143.170000 1009.760000  20.1220   0.0320   0.3070   0.0420   0.6720      1
9912     1128.020000 870.420000  19.1230   0.0240   1.6930   0.0350   0.6710      1
9683     1020.370000 852.100000  20.5750   0.0310   0.3860   0.0370   0.6710      1
12174    1023.090000 1050.210000  20.2970   0.0320   0.4710   0.0420   0.6700      1
9857     1087.200000 866.780000  19.0440   0.0410   1.4260   0.0540   0.6700      1
9948     1138.450000 873.850000  20.3230   0.0550   0.4010   0.0650   0.6700      1
10802    1146.430000 941.550000  18.5340   0.0230   1.2580   0.0930   0.6670      1
9210     1057.750000 813.810000  19.0480   0.0240   1.6160   0.0410   0.6670      1
11171    970.770000 971.070000  20.1560   0.0190   0.2750   0.0250   0.6660      1
12293    1058.680000 1060.120000  19.2880   0.0250   1.2480   0.0330   0.6660      1
9628     1047.920000 847.860000  20.2560   0.0410   0.4060   0.0580   0.6660      1
11035    1178.010000 960.470000  20.3880   0.0500   0.4040   0.0620   0.6660      1
11784    1034.640000 1016.080000  18.6850   0.0120   1.7970   0.0270   0.6650      1
9929     929.200000 871.940000  19.1570   0.0180   1.3440   0.0490   0.6650      1
12310    1089.860000 1061.540000  19.8980   0.0200   0.3060   0.0330   0.6650      1
11706    1175.740000 1009.740000  18.6990   0.0260   1.2780   0.0430   0.6650      1
10567    1021.550000 923.040000  20.2790   0.0460   0.4580   0.0550   0.6650      1
10151    1092.230000 889.270000  19.3600   0.0530   0.2580   0.0650   0.6640      1
9403     1227.210000 829.470000  20.5610   0.0240   0.3970   0.0330   0.6620      1
10932    1242.420000 953.080000  19.8430   0.0420   1.2180   0.0580   0.6620      1
10878    1096.590000 948.030000  17.2700   0.0640   1.4380   0.0800   0.6620      1
11291    1156.120000 978.470000  20.2010   0.0200   0.5380   0.0290   0.6610      1
11907    1240.730000 1026.120000  19.8360   0.0210   0.2980   0.0260   0.6610      1
11553    1103.500000 998.660000  20.2020   0.0380   0.3960   0.0480   0.6610      1
10178    1128.200000 891.630000  18.2250   0.0470   1.5710   0.0740   0.6610      1
10821    952.720000 943.950000  19.9400   0.0220   0.2850   0.0290   0.6600      1
10969    1202.670000 955.480000  19.5670   0.0160   0.2340   0.0310   0.6590      1
10950    1170.390000 954.170000  20.2090   0.0230   0.3800   0.0330   0.6580      1
11230    960.800000 975.310000  20.6060   0.0280   0.4240   0.0390   0.6580      1
12973    1112.140000 1118.220000  20.2270   0.0180   0.5540   0.0250   0.6570      1
12119    963.580000 1045.240000  20.3740   0.0250   0.3350   0.0360   0.6570      1
12748    1088.130000 1099.820000  20.6620   0.0230   0.3710   0.0340   0.6560      1
13196    1069.320000 1140.910000  18.2640   0.0140   2.0170   0.0250   0.6550      1
11691    1064.080000 1008.640000  20.2210   0.0360   0.4340   0.0500   0.6540      1
11181    1234.540000 971.540000  19.8700   0.0190   0.3050   0.0240   0.6530      1
9431     1156.150000 832.220000  20.3880   0.0550   0.3840   0.0680   0.6520      1
10348    953.080000 906.520000  20.4800   0.0230   0.3530   0.0290   0.6510      1
9744     1182.680000 857.970000  20.1930   0.0290   0.4480   0.0350   0.6510      1
10903    1251.060000 950.160000  20.2220   0.0190   0.3480   0.0250   0.6500      1
11809    1081.360000 1017.630000  19.2780   0.0220   1.6670   0.0390   0.6500      1
11746    1218.060000 1012.390000  20.2020   0.0240   0.3480   0.0310   0.6500      1
9873     1048.590000 867.670000  20.1920   0.0270   0.4460   0.0370   0.6500      1
8503     1052.860000 750.510000  20.6260   0.0360   0.3480   0.0400   0.6500      1
12004    1141.810000 1034.860000  20.1880   0.0590   0.4670   0.0760   0.6500      1
12406    997.130000 1069.470000  18.5870   0.0130   1.6890   0.0200   0.6490      1
10830    939.350000 944.240000  20.6610   0.0280   0.3710   0.0400   0.6490      1
13178    1094.840000 1139.040000  20.5280   0.0230   0.3910   0.0310   0.6480      1
9920     1202.970000 871.220000  20.6440   0.0330   0.4180   0.0380   0.6480      1
11440    1006.500000 990.310000  18.5470   0.0270   1.6380   0.0320   0.6470      1
9569     1183.950000 842.930000  20.2210   0.0520   0.4720   0.0640   0.6470      1
10591    961.310000 925.100000  20.4780   0.0310   0.4070   0.0370   0.6460      1
11093    1126.170000 965.770000  18.6850   0.0390   1.9500   0.0790   0.6460      1
10093    966.010000 885.010000  20.4920   0.0280   0.4070   0.0340   0.6430      1
10315    1149.130000 903.300000  19.9480   0.0610   0.2950   0.0740   0.6430      1
11179    1242.140000 971.350000  18.7790   0.0090   1.9860   0.0200   0.6410      1
12499    1026.050000 1077.330000  20.3980   0.0250   0.4950   0.0320   0.6410      1
11999    1044.350000 1034.440000  20.3760   0.0520   0.4680   0.0690   0.6410      1
8923     1209.660000 789.580000  20.5510   0.0410   0.3830   0.0460   0.6400      1
11512    1171.870000 994.950000  18.4360   0.0360   0.2030   0.0420   0.6390      1
11402    931.490000 987.120000  19.5210   0.0510   0.2650   0.0660   0.6390      1
10490    1173.440000 917.630000  20.4520   0.0280   0.3780   0.0540   0.6380      1
10136    1035.200000 888.060000  20.1430   0.0400   0.2920   0.0680   0.6380      1
8527     1119.480000 752.960000  20.6180   0.0250   0.4440   0.0320   0.6370      1
11446    1237.560000 990.660000  20.4530   0.0320   0.4900   0.0380   0.6360      1
9504     1099.130000 837.650000  18.8060   0.0170   1.6110   0.0300   0.6350      1
9029     1022.290000 797.700000  20.4900   0.0290   0.4080   0.0440   0.6350      1
9846     915.990000 865.390000  20.3260   0.0710   0.4650   0.0900   0.6350      1
11704    1004.340000 1009.620000  20.3140   0.0600   0.4870   0.0720   0.6330      1
10351    994.680000 906.670000  20.2370   0.0550   0.4990   0.0720   0.6320      1
11956    936.440000 1031.370000  20.3900   0.0240   0.4930   0.0310   0.6300      1
11285    955.260000 978.210000  20.4750   0.0280   0.3700   0.0550   0.6300      1
11626    1048.920000 1003.340000  20.1460   0.0750   0.3200   0.0950   0.6290      1
9203     1154.360000 813.140000  17.0850   0.0090  -0.3110   0.0110   0.6280      1
11020    1027.260000 959.600000  15.3800   0.0190   3.3810   0.0290   0.6270      1
12526    1147.780000 1079.110000  20.6040   0.0430   0.3920   0.0670   0.6270      1
11079    990.190000 964.470000  20.2980   0.0700   0.4930   0.0860   0.6260      1
12746    1129.980000 1099.780000  20.2380   0.0260   0.3310   0.0330   0.6230      1
11155    1199.660000 970.280000  20.2170   0.0290   0.3310   0.0370   0.6230      1
9157     947.510000 809.280000  18.5880   0.0520   1.9000   0.0590   0.6220      1
10861    1220.120000 947.010000  16.9090   0.0090   1.0990   0.0130   0.6210      1
10564    898.250000 922.900000  20.6310   0.0320   0.4450   0.0420   0.6210      1
12811    1078.940000 1105.110000  19.6740   0.0220   0.1290   0.0250   0.6200      1
8890     1096.920000 786.680000  15.1890   0.0110   1.6440   0.0130   0.6190      1
10942    947.340000 953.770000  15.7160   0.0130   1.2120   0.0200   0.6190      1
10660    945.110000 930.780000  17.3810   0.0140   0.4410   0.0190   0.6190      1
11019    1282.570000 959.530000  16.4130   0.0090   2.6510   0.0170   0.6180      1
12767    1152.650000 1102.100000  18.4010   0.0150   0.1030   0.0190   0.6180      1
9205     1208.310000 813.320000  20.2130   0.0270   0.5650   0.0340   0.6180      1
13036    1001.610000 1124.620000  20.6730   0.0410   0.3670   0.0510   0.6180      1
13007    1055.760000 1121.650000  20.5890   0.0560   0.3750   0.0660   0.6180      1
11426    1015.930000 989.150000  20.3770   0.0980   0.4570   0.1020   0.6160      1
10630    1180.560000 927.860000  19.0960   0.0130   1.7650   0.0250   0.6110      1
10440    966.660000 913.210000  20.2180   0.0520   1.1780   0.0660   0.6110      1
11408    1112.600000 987.660000  20.2910   0.0840   0.4010   0.1280   0.6110      1
11827    1075.980000 1019.140000  18.4540   0.0160   1.7810   0.0300   0.6100      1
9678     980.650000 851.920000  20.4880   0.0450   0.3510   0.0530   0.6090      1
9847     956.220000 865.520000  20.6400   0.0520   0.3460   0.0630   0.6080      1
12474    928.780000 1074.480000  20.4750   0.0250   0.3260   0.0340   0.6070      1
11287    1276.700000 978.320000  18.6570   0.0110   1.5840   0.0180   0.6060      1
8845     1109.430000 781.870000  18.7970   0.0100   1.6440   0.0160   0.6050      1
11782    1162.800000 1016.050000  20.6680   0.0360   0.4270   0.0470   0.6030      1
11197    1270.910000 972.800000  20.1450   0.0560   0.2700   0.0670   0.5990      1
11586    1129.230000 1000.860000  20.5880   0.0600   0.3780   0.0820   0.5970      1
12962    1011.220000 1117.350000  18.2660   0.0110  -0.0080   0.0170   0.5950      1
9574     1089.330000 843.480000  20.3620   0.0620   0.5260   0.0720   0.5950      1
11443    1028.810000 990.390000  20.5410   0.0730   0.4070   0.0840   0.5950      1
10393    976.340000 910.050000  19.0100   0.0140   1.7050   0.0320   0.5940      1
10814    1267.910000 943.290000  16.4270   0.0260  -0.3490   0.0310   0.5940      1
11397    1058.890000 986.910000  20.1640   0.0820   0.5810   0.1220   0.5920      1
11585    956.660000 1000.820000  20.4610   0.0250   0.5390   0.0320   0.5910      1
10372    941.430000 908.380000  20.4860   0.0250   0.3180   0.0350   0.5890      1
10845    1141.620000 945.610000  20.5430   0.0630   0.3660   0.0830   0.5890      1
8991     1134.340000 794.640000  20.7060   0.0240   0.3820   0.0340   0.5870      1
10936    1132.390000 953.350000  19.0210   0.0490   1.5940   0.0640   0.5870      1
11659    1218.100000 1006.030000  20.7290   0.0270   0.3330   0.0370   0.5860      1
12601    1095.220000 1085.930000  20.6730   0.0330   0.4410   0.0450   0.5850      1
10927    1206.750000 952.710000  20.3970   0.0440   0.5420   0.0760   0.5840      1
10416    1240.800000 912.010000  17.3170   0.0080  -0.2010   0.0100   0.5830      1
8873     1008.240000 785.430000  20.3850   0.0400   0.5400   0.0480   0.5830      1
12922    997.150000 1114.670000  20.3920   0.0450   0.5430   0.0560   0.5820      1
11420    1136.100000 988.650000  20.5790   0.0790   0.3670   0.0920   0.5810      1
9633     1051.710000 848.280000  20.4920   0.0290   0.4800   0.0430   0.5800      1
12898    1170.500000 1112.470000  18.8800   0.0130   1.6400   0.0180   0.5780      1
9096     1155.800000 804.720000  20.7310   0.0340   0.3350   0.0390   0.5780      1
11237    1148.480000 975.720000  19.2740   0.0180   1.7800   0.0380   0.5770      1
11843    1148.170000 1020.410000  20.6810   0.0450   0.4290   0.0530   0.5760      1
9488     1170.190000 836.150000  20.5530   0.0430   0.3290   0.0550   0.5730      1
9708     1037.600000 854.830000  20.3950   0.0610   0.5480   0.0880   0.5730      1
8498     1039.520000 750.050000  20.6750   0.0590   0.3250   0.0710   0.5710      1
12263    986.150000 1057.550000  20.6020   0.0760   0.3290   0.0830   0.5690      1
10524    1001.350000 919.460000  20.1720   0.0640   0.5930   0.0870   0.5680      1
10000    1052.930000 878.850000  19.0400   0.0330   1.6720   0.0430   0.5660      1
9404     925.240000 829.520000  18.5950   0.0240   1.6260   0.0370   0.5650      1
10317    1170.060000 903.410000  20.7090   0.0300   0.2870   0.0370   0.5650      1
9777     1206.230000 860.880000  20.7510   0.0310   0.3080   0.0460   0.5640      1
11119    1116.240000 967.660000  17.3360   0.0360   0.1370   0.0410   0.5630      1
10049    1062.630000 881.210000  20.1800   0.0380   0.7420   0.0500   0.5620      1
11882    1167.190000 1023.130000  20.6910   0.0390   0.4370   0.0470   0.5600      1
9112     1097.010000 805.690000  20.2990   0.0250   1.6360   0.0470   0.5590      1
11122    1163.030000 967.980000  20.4600   0.0350   0.3010   0.0410   0.5560      1
9234     1029.810000 815.450000  20.5750   0.0260   0.9160   0.0430   0.5540      1
9615     975.210000 847.190000  20.3370   0.0250   0.5730   0.0310   0.5530      1
9372     1210.050000 826.990000  20.7810   0.0250   0.2700   0.0420   0.5530      1
9781     1250.040000 861.050000  20.2970   0.0240   1.6270   0.0510   0.5520      1
9424     1102.320000 831.250000  20.3440   0.0300   0.5610   0.0350   0.5520      1
10750    1163.570000 937.480000  20.2320   0.0400   0.6910   0.0550   0.5490      1
11497    967.300000 994.150000  20.7030   0.0370   0.4310   0.0460   0.5470      1
9875     1109.270000 867.680000  20.6440   0.0530   0.4760   0.0710   0.5460      1
9223     1088.370000 814.590000  20.2520   0.0220   0.2940   0.0280   0.5450      1
8982     1047.070000 794.180000  20.4650   0.0780   0.2980   0.1000   0.5450      1
11022    1171.960000 959.710000  20.2570   0.0330   0.6790   0.0450   0.5430      1
9660     1108.330000 850.840000  20.5300   0.0680   0.4970   0.0860   0.5430      1
10411    908.210000 911.880000  20.4480   0.0230   0.5880   0.0310   0.5390      1
10668    977.430000 931.260000  20.2310   0.0230   0.2790   0.0610   0.5350      1
11604    926.020000 1002.260000  20.3490   0.0300   0.6020   0.0430   0.5340      1
10873    988.570000 947.580000  20.7280   0.0240   0.3910   0.0580   0.5330      1
9525     981.330000 840.150000  20.6840   0.0300   0.4740   0.0390   0.5330      1
10212    905.150000 894.900000  20.1880   0.0520   0.6820   0.0650   0.5320      1
10808    1140.940000 942.270000  20.1770   0.0290   0.6340   0.0600   0.5310      1
11878    1239.890000 1022.690000  20.4930   0.0240   0.5430   0.0340   0.5290      1
10330    1231.450000 904.910000  20.5160   0.0280   0.5110   0.0350   0.5290      1
9694     1137.650000 853.610000  20.5770   0.0260   0.3070   0.0330   0.5280      1
12792    1207.850000 1103.910000  20.5550   0.0260   0.8560   0.0360   0.5260      1
9303     1181.190000 821.110000  20.7920   0.0360   0.2630   0.0430   0.5260      1
9607     1034.930000 846.610000  20.7660   0.0410   0.3320   0.0560   0.5260      1
11332    1113.230000 981.630000  20.2450   0.0410   1.2810   0.1070   0.5260      1
9860     1236.280000 866.910000  20.1590   0.0890   0.6770   0.0920   0.5260      1
10512    1203.420000 918.710000  20.6930   0.0400   0.4710   0.0540   0.5250      1
9463     1085.840000 834.050000  18.4120   0.0150  -0.2320   0.0180   0.5240      1
11421    914.420000 988.760000  20.7930   0.0310   0.3220   0.0390   0.5220      1
10306    981.410000 902.800000  20.3190   0.0250   0.7450   0.0340   0.5190      1
11574    918.100000 1000.100000  20.1130   0.0270   0.7220   0.0410   0.5190      1
9996     1138.830000 878.670000  20.4460   0.0420   0.2800   0.0520   0.5180      1
9911     1003.620000 870.410000  20.1250   0.0550   0.6240   0.0640   0.5170      1
13234    1132.070000 1144.690000  20.4090   0.0230   0.2990   0.0300   0.5160      1
9228     1079.250000 815.260000  20.8000   0.0340   0.3030   0.0490   0.5160      1
9266     1132.820000 818.120000  20.5360   0.0270   0.5120   0.0340   0.5120      1
10846    1212.680000 945.800000  20.6560   0.0310   0.5060   0.0380   0.5110      1
11438    940.140000 989.710000  20.6980   0.0510   0.4830   0.0670   0.5110      1
11685    1037.310000 1008.050000  20.7480   0.0560   0.2810   0.0780   0.5100      1
11372    1133.680000 984.660000  20.5070   0.0850   0.2630   0.0940   0.5080      1
10592    1155.930000 925.100000  20.6200   0.0480   0.5130   0.0630   0.5070      1
10143    973.890000 888.800000  20.3100   0.0220   0.0610   0.0340   0.5060      1
13082    1078.350000 1129.420000  20.7280   0.0340   0.4300   0.0490   0.5060      1
13072    1047.440000 1128.790000  20.6820   0.0400   0.2710   0.0500   0.5060      1
11942    1000.330000 1029.670000  20.4910   0.0470   0.5610   0.0570   0.5060      1
12627    1110.790000 1088.580000  20.3480   0.0310   1.5780   0.0570   0.5040      1
9971     1021.100000 875.870000  20.2120   0.0680   0.7890   0.0840   0.5020      1
11788    1172.220000 1016.290000  20.7960   0.0310   0.5490   0.0450   0.5010      1
10498    1019.760000 918.110000  20.3030   0.0450   0.7360   0.0540   0.5010      1
9061     1100.650000 801.070000  20.6100   0.0410   0.8660   0.0550   0.5000      1
10686    1258.650000 932.610000  20.5780   0.0280   0.2810   0.0670   0.4990      1
11844    1119.220000 1020.420000  20.3190   0.0540   0.6600   0.0720   0.4980      1
11600    1174.420000 1002.000000  20.4700   0.0350   0.5890   0.0430   0.4970      1
11014    1182.310000 959.240000  20.2520   0.1000   0.2130   0.1190   0.4930      1
9807     1188.280000 862.780000  20.5730   0.0440   0.8560   0.0540   0.4920      1
8883     1060.000000 786.170000  20.8150   0.0320   0.5590   0.0410   0.4890      1
11979    1065.250000 1032.810000  20.6030   0.0400   0.9500   0.0730   0.4890      1
9851     1144.160000 866.030000  20.5840   0.0380   0.5200   0.0480   0.4870      1
9831     944.210000 864.760000  20.6600   0.0230   1.6960   0.0590   0.4830      1
11929    1206.480000 1028.550000  20.7320   0.0280   0.5680   0.0420   0.4830      1
11580    1059.600000 1000.530000  20.3760   0.0810   0.6630   0.1120   0.4830      1
10364    885.110000 907.700000  20.8230   0.0290   0.5610   0.0420   0.4810      1
9731     1075.870000 856.780000  20.7440   0.0320   0.8770   0.0460   0.4800      1
10064    926.430000 882.570000  20.7780   0.0370   0.5100   0.0430   0.4800      1
11028    936.650000 959.980000  20.6470   0.0450   0.5340   0.0550   0.4790      1
10694    987.250000 933.090000  20.7890   0.0530   0.3650   0.0750   0.4780      1
8767     999.220000 775.200000  20.3120   0.0270   1.7920   0.0480   0.4770      1
12491    1030.780000 1076.490000  20.7870   0.0330   0.5260   0.0640   0.4770      1
12781    1036.010000 1102.830000  20.7390   0.0400   0.9040   0.0530   0.4670      1
9604     998.290000 846.520000  20.7370   0.0350   0.8520   0.0590   0.4590      1
12343    953.920000 1064.420000  20.6220   0.0290   0.8120   0.0400   0.4560      1
9452     965.790000 833.360000  20.6910   0.0290   0.8240   0.0420   0.4510      1
9966     1127.990000 875.470000  20.5840   0.0350   1.1410   0.0590   0.4450      1
9142     1024.400000 807.970000  20.6440   0.0620   1.3240   0.0820   0.4400      1
10337    1153.870000 905.440000  21.5090   0.1410  -0.0050   0.1520   0.3730      1
10065    1072.460000 882.590000  17.0060   0.0130   2.4330   0.0210   0.8650      0
10557    885.340000 922.110000  18.4810   0.0150   2.1710   0.0250   0.8530      0
11061    1042.160000 962.980000  18.9650   0.0560   0.8800   0.0620   0.8420      0
11379    1216.690000 985.360000  18.4040   0.0470   0.8340   0.0600   0.8230      0
10294    1128.790000 901.730000  17.0120   0.0610   2.0700   0.0860   0.7640      0
10336    1085.340000 905.400000  19.0240   0.0520   0.9690   0.0690   0.7350      0
10582    1135.560000 924.810000  17.5850   0.0660   1.7470   0.0810   0.7200      0
10715    1147.340000 934.790000  18.4640   0.0250   2.0930   0.0600   0.7130      0
12669    1134.150000 1092.390000  19.0580   0.0390   0.8960   0.0480   0.6800      0
12199    1035.650000 1052.140000  19.6810   0.0430   0.3150   0.0520   0.6760      0
12049    1001.350000 1039.710000  20.0480   0.0360   0.4230   0.0450   0.6740      0
11721    1048.230000 1010.480000  19.8700   0.0450   0.7130   0.0570   0.6730      0
12673    1079.890000 1092.660000  20.0140   0.0710   0.4800   0.0900   0.6730      0
9818     959.850000 863.800000  20.1040   0.0580   0.3370   0.0680   0.6710      0
12307    994.880000 1061.440000  20.0300   0.0220   0.3610   0.0290   0.6670      0
9732     983.280000 856.860000  20.0590   0.0760   0.4140   0.1020   0.6670      0
9740     1117.110000 857.410000  20.0040   0.0370   0.4790   0.0470   0.6660      0
9519     1225.880000 839.640000  20.0490   0.0540   0.3170   0.0660   0.6630      0
9529     1052.790000 840.530000  20.0720   0.0760   0.4680   0.0880   0.6620      0
11590    888.010000 1001.330000  19.4280   0.0240   1.0420   0.0300   0.6570      0
11795    1130.950000 1016.660000  18.7410   0.0240   1.4560   0.0440   0.6570      0
11891    921.670000 1024.610000  19.1200   0.0210  -0.1220   0.0490   0.6560      0
12861    1066.190000 1109.430000  17.4560   0.0140   2.3370   0.0190   0.6550      0
11484    1090.130000 993.430000  18.8600   0.0420   1.3700   0.0520   0.6550      0
11983    1056.960000 1033.060000  20.0910   0.0280   0.5090   0.0350   0.6430      0
11889    1018.840000 1023.620000  20.0000   0.0440   0.5930   0.0500   0.6390      0
10825    1067.370000 944.100000  17.9890   0.0710   1.5970   0.0830   0.6380      0
11234    1127.420000 975.560000  18.3560   0.0250   1.8850   0.0410   0.6360      0
10258    1059.980000 898.840000  18.3590   0.0350   1.4660   0.0450   0.6360      0
11409    984.660000 987.780000  18.7950   0.0130   2.0890   0.0240   0.6350      0
10355    1114.330000 907.180000  18.0290   0.0350   1.6360   0.0630   0.6340      0
9240     1047.780000 816.010000  17.4890   0.0110   2.0800   0.0170   0.6320      0
10688    1162.910000 932.730000  20.0120   0.0300   0.5560   0.0450   0.6310      0
12478    1241.210000 1075.150000  20.0730   0.0230   0.2300   0.0270   0.6250      0
11699    1033.010000 1009.250000  20.0110   0.0330   0.6100   0.0410   0.6210      0
10654    1169.100000 929.940000  16.7290   0.0080   1.0070   0.0110   0.6190      0
11013    967.810000 959.190000  18.1250   0.0370   1.8320   0.0590   0.6190      0
10872    1073.770000 947.540000  19.9190   0.0660   0.7190   0.0880   0.6190      0
10149    1085.070000 889.100000  20.0420   0.0220   0.4740   0.0420   0.6180      0
10911    1102.700000 950.890000  19.0060   0.0690   0.3770   0.0910   0.6180      0
9649     1191.950000 849.600000  18.6800   0.0290   1.3390   0.0630   0.6170      0
8663     1091.870000 765.960000  19.2060   0.0240   1.3620   0.0420   0.6150      0
12429    1178.920000 1071.010000  20.0210   0.0230   0.2700   0.0330   0.6110      0
13126    1126.200000 1133.610000  19.9780   0.0190   0.2380   0.0250   0.6080      0
11602    1005.710000 1002.040000  19.7140   0.0190   0.9830   0.0280   0.6080      0
10616    1025.930000 927.000000  17.8810   0.0140   2.7670   0.0570   0.6040      0
10541    1237.100000 920.700000  18.3760   0.0220   1.6210   0.0340   0.6030      0
10445    1056.010000 913.480000  19.9050   0.0300   1.1710   0.0840   0.6030      0
11365    1192.440000 984.270000  20.0400   0.0480   0.2510   0.0640   0.6020      0
11355    1053.260000 983.490000  18.7790   0.0510   1.5020   0.0730   0.6020      0
11485    1158.890000 993.450000  16.4370   0.0290   0.9990   0.0320   0.5990      0
10844    1190.240000 945.360000  19.5920   0.0200   0.2180   0.0330   0.5930      0
12086    1104.470000 1042.840000  18.9860   0.0270   1.4480   0.0500   0.5930      0
11008    1040.290000 958.860000  19.7920   0.0570   1.2180   0.1000   0.5930      0
12351    1129.830000 1064.900000  15.6370   0.0120   2.9910   0.0220   0.5910      0
12230    1067.240000 1055.190000  18.9490   0.0130   1.8600   0.0250   0.5800      0
10469    1005.080000 916.160000  19.4030   0.0310   0.1730   0.0590   0.5710      0
10683    1218.960000 932.420000  18.9110   0.0100   1.9670   0.0230   0.5700      0
9892     983.920000 869.270000  18.8810   0.0130   3.6020   0.0450   0.5690      0
10251    1278.190000 898.370000  18.5990   0.0070  -0.1330   0.0100   0.5650      0
10957    895.980000 954.600000  18.6620   0.0140   1.5810   0.0250   0.5640      0
10165    1180.010000 890.600000  17.9650   0.0170   2.2160   0.0320   0.5640      0
13172    1122.660000 1138.690000  17.9090   0.0100   1.9560   0.0160   0.5620      0
12426    1085.390000 1070.890000  19.6400   0.0250  -0.2040   0.0440   0.5620      0
11838    1201.310000 1020.210000  19.6860   0.0560   0.2380   0.0690   0.5620      0
10554    949.060000 921.840000  17.8370   0.0110   2.1570   0.0160   0.5600      0
12207    1228.090000 1053.160000  17.7020   0.0100   2.3700   0.0180   0.5570      0
8686     1103.160000 767.910000  19.0510   0.0110   2.3480   0.0260   0.5570      0
9428     997.200000 831.360000  18.4980   0.0120   1.9490   0.0570   0.5570      0
11118    1178.170000 967.560000  20.0860   0.0250   0.5710   0.0360   0.5570      0
12261    1246.620000 1057.500000  18.9340   0.0110  -0.1660   0.0140   0.5550      0
10396    1123.560000 910.320000  19.3390   0.0210   1.8890   0.0880   0.5550      0
10653    1041.480000 929.790000  18.4420   0.0620   1.7720   0.0720   0.5530      0
12102    905.020000 1044.000000  17.5470   0.0120   2.6630   0.0200   0.5500      0
12025    1171.840000 1036.450000  20.8560   0.0690  -0.1830   0.0990   0.5500      0
12203    1126.260000 1052.730000  19.5550   0.0130   1.8550   0.0420   0.5470      0
9579     907.000000 843.850000  17.1210   0.0130   2.6210   0.0280   0.5460      0
11081    954.940000 964.620000  18.7960   0.0180   1.6560   0.0340   0.5420      0
9870     1073.650000 867.380000  20.0430   0.0250   0.6670   0.0370   0.5420      0
11152    1253.630000 969.990000  18.1100   0.0190  -0.0140   0.0220   0.5390      0
12114    1129.940000 1044.790000  19.3300   0.0520   0.1960   0.0620   0.5370      0
12717    1109.680000 1097.030000  18.6320   0.0120   1.6230   0.0160   0.5350      0
11463    1227.280000 991.790000  16.1590   0.0080   3.3090   0.0110   0.5330      0
12770    1008.630000 1102.180000  19.1440   0.0140   1.7730   0.0220   0.5330      0
11639    1010.110000 1004.330000  18.9420   0.0150   1.8850   0.0240   0.5310      0
12148    1146.760000 1047.530000  20.0720   0.0200   0.1880   0.0470   0.5310      0
11623    971.440000 1003.140000  18.6310   0.0110   1.6210   0.0210   0.5300      0
13137    1111.460000 1135.140000  18.8490   0.0140   1.6400   0.0220   0.5300      0
11675    976.530000 1007.010000  19.3300   0.0170   1.4510   0.0440   0.5300      0
12400    1139.420000 1068.710000  19.6990   0.0230   0.0570   0.0260   0.5260      0
11506    925.970000 994.480000  19.8180   0.0170   0.0890   0.0210   0.5240      0
10594    1280.280000 925.410000  20.0230   0.0290   0.1970   0.0430   0.5240      0
11786    939.690000 1016.200000  19.2440   0.0160   1.6520   0.0270   0.5230      0
9743     1097.820000 857.930000  19.4830   0.0170  -0.0930   0.0330   0.5210      0
9371     1174.960000 826.930000  18.8940   0.0120   1.6060   0.0220   0.5200      0
8787     1127.960000 776.840000  20.2880   0.0170   0.0510   0.0220   0.5200      0
12318    1102.230000 1062.220000  18.9660   0.0390   1.4640   0.0600   0.5200      0
11483    980.170000 993.210000  18.9860   0.0120   1.8770   0.0200   0.5170      0
8811     1160.910000 778.900000  19.0180   0.0090   1.8960   0.0200   0.5140      0
9361     1157.910000 826.270000  19.9680   0.0270  -0.1480   0.0310   0.5140      0
9323     1228.620000 822.950000  19.2780   0.0150   0.1070   0.0180   0.5130      0
10756    1197.880000 937.890000  19.5010   0.0150  -0.0010   0.0190   0.5110      0
9501     932.530000 837.130000  18.6790   0.0160   1.7510   0.0260   0.5100      0
12462    957.660000 1073.710000  17.7920   0.0270   1.5470   0.0500   0.5080      0
11767    1061.920000 1014.670000  18.9500   0.0250   0.2430   0.0460   0.5050      0
9559     1159.400000 842.370000  18.7780   0.0120   1.7050   0.0210   0.5040      0
11026    1099.230000 959.930000  15.8790   0.0420   2.5990   0.0660   0.5030      0
12977    1041.190000 1118.600000  19.7680   0.0180   1.7350   0.0360   0.5020      0
9261     1229.290000 817.730000  18.7370   0.0120   1.6150   0.0190   0.5000      0
12022    1079.760000 1036.050000  19.0860   0.0160   1.7750   0.0490   0.4960      0
12316    1041.150000 1062.110000  19.8090   0.0160   1.7590   0.0360   0.4950      0
9844     1054.620000 865.300000  18.8640   0.0160   1.9590   0.0250   0.4940      0
9098     1187.610000 804.970000  19.4370   0.0200  -0.0680   0.0230   0.4930      0
9849     1017.400000 865.890000  18.7750   0.0210   1.6760   0.0410   0.4930      0
11221    1185.760000 974.520000  20.4880   0.0410   0.2460   0.0560   0.4890      0
11996    1166.650000 1034.110000  18.8510   0.0220   1.5640   0.0350   0.4880      0
9348     1005.280000 825.190000  19.2740   0.0140  -0.0700   0.0170   0.4860      0
11861    1212.450000 1021.940000  20.3910   0.0320  -0.0630   0.0540   0.4860      0
10444    1031.290000 913.420000  18.6030   0.0250   1.5200   0.0940   0.4840      0
9930     1078.710000 871.960000  20.4650   0.0770   0.2400   0.0920   0.4840      0
12368    1113.970000 1066.280000  18.7700   0.0100   1.7540   0.0180   0.4830      0
10980    1133.900000 956.710000  18.0520   0.0230   2.1890   0.0600   0.4810      0
12089    1042.980000 1042.950000  20.4690   0.0240   0.1890   0.0370   0.4800      0
10863    1228.350000 947.160000  20.8220   0.0300   0.3080   0.0530   0.4800      0
12409    1234.600000 1069.600000  18.4200   0.0700   1.8950   0.0870   0.4800      0
9170     1130.030000 810.540000  18.8900   0.0120   1.7020   0.0190   0.4790      0
11222    1247.620000 974.630000  20.5480   0.0370   0.5460   0.0470   0.4770      0
8898     1108.960000 787.010000  20.6590   0.0370   0.5340   0.0470   0.4770      0
10707    1254.500000 934.050000  20.5460   0.0270   0.5560   0.0380   0.4760      0
10250    1168.800000 898.300000  20.7050   0.0330   0.5320   0.0440   0.4760      0
9987     1187.630000 877.500000  20.8170   0.0360   0.5500   0.0490   0.4760      0
12407    1095.450000 1069.510000  20.7750   0.0280   0.3760   0.0410   0.4750      0
12190    1076.450000 1051.520000  20.7550   0.0470   0.5440   0.0590   0.4750      0
12460    947.090000 1073.430000  20.6180   0.0490   0.5350   0.0530   0.4750      0
10256    1210.690000 898.730000  20.7060   0.0280   0.5440   0.0360   0.4740      0
10274    958.150000 900.100000  20.7380   0.0260   0.6150   0.0400   0.4720      0
10096    1055.100000 885.360000  18.6980   0.0330   1.5110   0.0530   0.4710      0
13052    985.510000 1126.010000  17.7090   0.0410   1.9920   0.0580   0.4680      0
12312    931.690000 1061.740000  19.6570   0.0390   0.1070   0.0440   0.4670      0
12010    1179.660000 1035.050000  19.9330   0.0280   1.3630   0.0640   0.4650      0
11312    1126.630000 980.190000  18.9390   0.0340   1.9170   0.0810   0.4640      0
12809    971.860000 1105.000000  18.7640   0.0120   1.8540   0.0190   0.4630      0
9090     1089.970000 804.100000  20.7950   0.0350   0.2180   0.0420   0.4630      0
11741    1121.930000 1011.980000  20.3780   0.0560   0.6620   0.0730   0.4630      0
11848    1161.400000 1020.860000  20.8070   0.0860   0.3670   0.0980   0.4620      0
9343     1032.630000 824.710000  20.2110   0.0240   0.2040   0.0360   0.4610      0
10132    1100.770000 887.950000  19.5820   0.0270   1.7560   0.0470   0.4600      0
9135     1045.320000 807.160000  18.9750   0.0160   1.7980   0.0300   0.4590      0
9518     1194.460000 839.560000  20.6880   0.0280   0.6020   0.0400   0.4590      0
9368     1043.420000 826.790000  20.7990   0.0330   0.3830   0.0690   0.4580      0
12450    1173.230000 1072.460000  20.8240   0.0350   0.5730   0.0490   0.4570      0
12787    1167.920000 1103.500000  20.8210   0.0450   0.5140   0.0580   0.4560      0
13014    1089.670000 1121.950000  19.0010   0.0180   1.7710   0.0310   0.4550      0
12213    1140.250000 1053.440000  18.9200   0.0120   1.4600   0.0570   0.4540      0
9994     1031.780000 878.310000  18.8670   0.0130   1.8540   0.0270   0.4540      0
10325    1013.160000 904.470000  18.7330   0.0300   1.6070   0.0520   0.4540      0
11141    1063.190000 969.370000  18.6140   0.0320   1.6480   0.0660   0.4530      0
11971    1121.930000 1032.370000  20.4310   0.0490   0.6550   0.0930   0.4530      0
10893    1256.660000 949.210000  20.7390   0.0310   0.6330   0.0390   0.4500      0
13170    1082.590000 1138.590000  20.8430   0.0410   0.2960   0.0560   0.4480      0
12375    1152.350000 1066.790000  18.6480   0.0180   1.7920   0.0250   0.4470      0
12196    1189.120000 1051.790000  20.2620   0.0220   0.2550   0.0270   0.4470      0
9932     1029.640000 872.310000  20.6980   0.0340   0.6240   0.0550   0.4460      0
10948    901.420000 954.080000  20.5200   0.0240   0.1360   0.0310   0.4450      0
9367     1198.680000 826.770000  20.8750   0.0290  -0.0100   0.0390   0.4440      0
12636    1166.080000 1089.620000  20.6190   0.0340   1.5480   0.0620   0.4440      0
10460    938.680000 914.900000  20.5310   0.0450   0.2330   0.0590   0.4430      0
12136    989.300000 1046.680000  18.8670   0.0230   1.5510   0.0390   0.4410      0
10485    1275.020000 917.350000  20.0290   0.0260  -0.0210   0.0300   0.4410      0
9718     939.730000 855.740000  20.6360   0.0650   1.2240   0.0880   0.4360      0
11520    1217.540000 995.840000  19.7320   0.0650   0.1120   0.0680   0.4350      0
11406    889.150000 987.450000  18.8720   0.0170   1.7510   0.0280   0.4340      0
9882     1124.100000 868.110000  18.6550   0.0180   1.6240   0.0400   0.4340      0
9535     1045.010000 840.920000  20.8280   0.0490   0.3860   0.0660   0.4340      0
8823     1083.900000 779.490000  20.0320   0.0250   1.9470   0.0550   0.4330      0
10530    1176.600000 920.000000  19.7670   0.0320   0.2010   0.0430   0.4330      0
11029    1167.200000 960.150000  20.3980   0.0510   0.6710   0.0590   0.4330      0
8850     1020.720000 782.310000  20.8370   0.0400   0.5800   0.0510   0.4320      0
11540    1135.480000 997.200000  20.6580   0.0770   0.9770   0.1110   0.4310      0
12496    1020.630000 1077.110000  20.8060   0.0360   0.4440   0.0450   0.4300      0
9962     1054.840000 875.100000  19.2220   0.0500   1.8320   0.0590   0.4300      0
11614    966.270000 1002.800000  18.9280   0.0130   1.7810   0.0200   0.4290      0
9953     1011.970000 874.240000  20.7370   0.0580   0.8690   0.0820   0.4290      0
11555    1088.540000 998.890000  20.3380   0.0820   0.2020   0.0960   0.4290      0
9380     1049.010000 827.490000  20.8230   0.0330   0.4520   0.0420   0.4280      0
9509     974.330000 838.200000  20.1740   0.0290   0.9190   0.0350   0.4270      0
9001     1199.210000 795.620000  20.7230   0.0300   0.6670   0.0420   0.4270      0
11873    955.410000 1022.440000  20.9460   0.0310   0.6860   0.0420   0.4270      0
10262    1222.820000 899.130000  20.5670   0.0450   0.5880   0.0510   0.4260      0
10803    1255.600000 941.560000  20.9240   0.0330   0.6590   0.0460   0.4250      0
11505    1117.710000 994.460000  18.8290   0.0360   1.7220   0.0810   0.4250      0
12262    1230.180000 1057.530000  19.1700   0.0360  -0.0140   0.0410   0.4220      0
10671    1028.320000 931.710000  18.8580   0.0210   1.8710   0.0440   0.4200      0
12494    1158.240000 1076.770000  20.9110   0.0320   0.7010   0.0460   0.4200      0
11010    917.440000 958.910000  20.8570   0.0420   0.5570   0.0540   0.4200      0
12763    1098.130000 1101.620000  18.8190   0.0140   1.6940   0.0240   0.4190      0
12094    959.080000 1043.580000  20.6820   0.0310   0.9930   0.0470   0.4190      0
8910     963.540000 787.590000  20.7330   0.0320   0.7880   0.0470   0.4190      0
10870    1263.910000 947.490000  19.5750   0.0360  -0.0800   0.0450   0.4190      0
9330     1143.930000 823.380000  20.8380   0.0330   0.4450   0.0460   0.4180      0
11385    910.540000 985.620000  20.9570   0.0340   0.6600   0.0450   0.4180      0
12581    1064.440000 1084.680000  20.7000   0.0550   0.6460   0.0660   0.4180      0
9724     1174.210000 856.200000  20.3640   0.0210   0.8270   0.0320   0.4170      0
10657    1012.020000 930.460000  18.9580   0.0200   1.5720   0.0320   0.4160      0
10838    1040.600000 944.840000  17.8320   0.0490  -0.0760   0.0590   0.4160      0
11515    1037.590000 995.090000  20.5360   0.0870   0.1470   0.1150   0.4160      0
8464     1103.450000 747.130000  20.3680   0.0240   0.0830   0.0290   0.4150      0
11681    1169.360000 1007.780000  20.9270   0.0410   0.6670   0.0530   0.4140      0
10102    1214.930000 885.740000  20.6090   0.0360   0.5970   0.0480   0.4120      0
11885    1111.680000 1023.300000  19.2190   0.0160   1.7650   0.0450   0.4110      0
10488    1218.400000 917.510000  19.2100   0.0610   0.2710   0.0710   0.4110      0
9922     1242.730000 871.380000  20.5970   0.0250   0.2500   0.0300   0.4100      0
9282     1025.480000 819.800000  20.5410   0.0240   0.7770   0.0320   0.4090      0
9654     990.770000 850.100000  20.2270   0.0320   0.1510   0.0460   0.4090      0
11273    1281.290000 977.870000  20.8750   0.0580   0.4930   0.0690   0.4090      0
11321    1231.970000 980.630000  19.4240   0.0160   1.4780   0.0260   0.4080      0
12075    954.890000 1042.050000  20.9680   0.0340   0.6230   0.0450   0.4080      0
12741    1018.850000 1099.340000  20.4570   0.0330   0.6540   0.0410   0.4070      0
10007    895.020000 879.160000  20.7630   0.0290   1.6820   0.0690   0.4060      0
9669     1211.520000 851.550000  21.1780   0.0400   1.2060   0.0640   0.4060      0
12957    1030.830000 1117.210000  20.5310   0.0420   0.8180   0.0560   0.4060      0
9576     952.330000 843.680000  20.9480   0.0420   0.6250   0.0590   0.4060      0
8699     1015.250000 769.540000  20.9410   0.0440   0.6510   0.0610   0.4060      0
10024    950.880000 880.100000  20.6330   0.0580   0.6310   0.0700   0.4060      0
12365    1163.160000 1066.260000  20.9310   0.0420   0.6140   0.0590   0.4050      0
12416    1166.270000 1070.120000  20.8580   0.0310   0.3690   0.0400   0.4040      0
10301    1102.810000 902.430000  20.3680   0.0870   0.1410   0.1140   0.4040      0
12391    942.080000 1067.910000  20.7390   0.0650   0.6770   0.0750   0.4030      0
8974     1139.580000 793.810000  20.2270   0.0220   1.5920   0.0410   0.4020      0
12168    1137.940000 1049.510000  20.6810   0.0290   0.6870   0.0530   0.4020      0
12298    1120.550000 1060.670000  20.7730   0.0400   0.7890   0.1020   0.4020      0
9273     1214.200000 819.150000  19.7850   0.0490   0.0950   0.0750   0.4020      0
11663    1138.480000 1006.220000  20.6060   0.0300   0.6090   0.0490   0.4010      0
9065     1065.780000 801.830000  18.7380   0.0150   1.7350   0.0240   0.4000      0
11176    959.400000 971.170000  20.7940   0.0350   1.7880   0.0820   0.4000      0
9656     1158.370000 850.380000  20.9310   0.0470   0.7020   0.0600   0.3990      0
11837    1208.710000 1020.140000  20.5940   0.0630   1.3580   0.0800   0.3990      0
12550    1115.900000 1081.900000  20.6780   0.0640   1.6040   0.1050   0.3990      0
8978     1085.630000 794.030000  18.7540   0.0140   1.7890   0.0240   0.3980      0
12286    992.040000 1059.280000  19.1610   0.0140   2.1060   0.0330   0.3970      0
12206    1000.690000 1053.060000  20.9760   0.0340   0.5020   0.0530   0.3970      0
11207    1037.150000 973.690000  19.2410   0.0370  -0.1630   0.0490   0.3970      0
12523    951.190000 1078.940000  19.8400   0.0420   0.1660   0.0570   0.3970      0
11817    1005.550000 1018.000000  20.6190   0.0360   0.6190   0.0450   0.3960      0
8723     1096.330000 771.450000  20.8980   0.0410   0.4990   0.0510   0.3950      0
9779     976.020000 861.000000  20.9030   0.0490   0.5040   0.0630   0.3950      0
12241    1099.880000 1055.940000  20.7080   0.0640   0.7360   0.0770   0.3940      0
11317    987.940000 980.390000  20.6080   0.0840   1.2460   0.1150   0.3940      0
11906    915.280000 1026.080000  20.8820   0.0390   0.6930   0.0550   0.3930      0
10857    969.710000 946.760000  20.7800   0.0590   0.7990   0.0750   0.3930      0
9066     996.770000 802.010000  20.9300   0.0590   0.6520   0.0730   0.3920      0
12853    982.490000 1108.890000  20.9760   0.0410   0.5530   0.0520   0.3910      0
10243    932.970000 897.710000  20.9060   0.0330   0.5130   0.0430   0.3900      0
11601    994.450000 1002.040000  20.7460   0.0560   0.7450   0.0670   0.3900      0
8772     1016.680000 775.330000  20.2350   0.0190   2.1320   0.0530   0.3890      0
11169    902.140000 970.990000  21.1560   0.0400   1.7410   0.0880   0.3890      0
10198    1204.950000 893.550000  20.9660   0.0430   1.0450   0.0620   0.3890      0
11464    904.400000 991.830000  20.1760   0.0470   1.6040   0.0720   0.3870      0
13316    1092.350000 1153.170000  20.6630   0.0260   0.6760   0.0380   0.3860      0
9982     1211.000000 877.280000  20.8280   0.0390   0.6530   0.0630   0.3850      0
11116    1275.430000 967.490000  20.9220   0.0860   0.4580   0.1080   0.3850      0
12735    1054.350000 1099.120000  18.7290   0.0290   1.6900   0.0360   0.3840      0
11489    1024.340000 993.640000  18.9640   0.0340   1.7420   0.0440   0.3840      0
12319    1083.650000 1062.240000  20.6690   0.0380   0.7070   0.0550   0.3840      0
10613    905.930000 926.950000  20.9140   0.0480   0.4590   0.0760   0.3840      0
11481    931.400000 993.090000  20.2870   0.0680   0.1450   0.0870   0.3820      0
11226    1274.650000 974.940000  20.4510   0.0810   0.1400   0.0870   0.3820      0
11491    997.830000 993.910000  20.5610   0.0280   0.6300   0.0430   0.3810      0
8681     1008.490000 767.670000  20.4820   0.0340   0.0900   0.0380   0.3810      0
10334    1019.590000 905.180000  20.7590   0.0560   1.1130   0.1530   0.3810      0
12159    1258.040000 1048.580000  20.8010   0.0360   0.9900   0.0560   0.3800      0
12583    1038.790000 1084.920000  20.9810   0.0430   0.6540   0.0580   0.3800      0
11619    989.450000 1003.060000  20.8840   0.0490   0.7590   0.0730   0.3800      0
11510    1107.020000 994.890000  20.8550   0.0600   0.7690   0.1230   0.3790      0
12178    971.920000 1050.710000  21.0810   0.0320   1.0530   0.0530   0.3780      0
10719    880.920000 934.970000  20.9850   0.0460   0.4740   0.0550   0.3780      0
9893     920.210000 869.280000  20.9860   0.0470   0.5330   0.0660   0.3780      0
10459    970.880000 914.890000  20.8260   0.0620   0.7900   0.0740   0.3780      0
9725     1232.150000 856.350000  20.7690   0.0270   0.6900   0.0420   0.3770      0
12620    1018.270000 1087.680000  20.9320   0.0270   0.2950   0.0370   0.3750      0
11989    1149.180000 1033.580000  19.4430   0.0320   0.0580   0.0380   0.3750      0
9242     950.300000 816.110000  20.9660   0.0520   0.6980   0.0610   0.3750      0
9862     1174.800000 866.950000  19.8920   0.0170   0.1770   0.0440   0.3740      0
12976    1144.230000 1118.580000  20.8390   0.0410   0.8190   0.0600   0.3730      0
11645    1277.970000 1004.770000  20.9070   0.0580   0.7720   0.0750   0.3720      0
12720    1193.690000 1097.310000  20.8410   0.0290   0.7690   0.0480   0.3700      0
12951    1133.640000 1116.570000  20.9950   0.0510   0.5200   0.0650   0.3700      0
10820    1165.020000 943.770000  20.7950   0.0620   1.0450   0.1080   0.3700      0
9251     1144.220000 817.100000  20.9200   0.0650   0.3210   0.0840   0.3700      0
13004    1152.700000 1121.330000  22.6150   0.1300   1.1550   0.2300   0.3700      0
10976    1161.000000 956.110000  18.7200   0.0140   1.6550   0.0270   0.3690      0
12247    1094.530000 1056.350000  20.9120   0.0420   0.3210   0.0570   0.3690      0
12145    916.980000 1047.350000  21.0780   0.0420   1.8110   0.0870   0.3690      0
11162    951.840000 970.520000  20.3450   0.0220   0.2490   0.0320   0.3680      0
9556     1027.070000 842.290000  20.6010   0.0610   0.7220   0.0690   0.3680      0
9375     1193.760000 827.120000  20.9400   0.0650   0.3860   0.0900   0.3680      0
12952    1025.050000 1116.610000  19.7170   0.0450   0.0250   0.0550   0.3670      0
10285    920.000000 900.940000  20.9400   0.0460   0.7710   0.0610   0.3670      0
13075    1133.030000 1129.010000  21.0080   0.0370   0.5490   0.0550   0.3660      0
10241    1269.290000 897.590000  20.6230   0.0420   0.7170   0.0580   0.3660      0
10038    1014.900000 880.460000  20.9740   0.0500   1.0750   0.0910   0.3660      0
10030    933.980000 880.200000  20.8520   0.0870   0.9050   0.0990   0.3660      0
12942    1190.640000 1115.680000  20.7780   0.0610   1.1020   0.0870   0.3630      0
9009     1170.090000 796.260000  21.0150   0.0370   0.4570   0.0460   0.3620      0
9687     956.670000 852.590000  21.1000   0.0380   0.2280   0.0600   0.3610      0
9461     1078.730000 834.010000  20.0450   0.0680   0.1250   0.0780   0.3610      0
10532    1089.460000 920.020000  20.1870   0.0780  -0.2200   0.1090   0.3600      0
12651    1146.130000 1091.400000  20.8910   0.0470   0.8440   0.0620   0.3590      0
12537    1213.280000 1080.310000  21.0620   0.0720   0.1170   0.0820   0.3590      0
12133    1039.220000 1046.510000  21.0040   0.0400   0.6170   0.0560   0.3580      0
10013    958.990000 879.490000  20.9550   0.0400   0.9570   0.0610   0.3580      0
10326    1186.420000 904.530000  20.9920   0.0550   0.0620   0.0790   0.3580      0
10296    914.070000 902.030000  20.9490   0.0350   0.4040   0.0440   0.3560      0
12543    1076.590000 1080.700000  20.9320   0.0540   0.8000   0.0680   0.3560      0
11670    888.340000 1006.720000  20.8160   0.0330   0.7110   0.0430   0.3550      0
12568    1196.710000 1083.910000  21.2390   0.0550   1.1130   0.0810   0.3550      0
9026     1093.590000 797.420000  20.5650   0.0410   0.7410   0.0480   0.3540      0
12749    1067.710000 1099.830000  20.8800   0.0790   0.9320   0.0910   0.3540      0
9824     1202.300000 864.250000  20.9110   0.0390   0.2500   0.0600   0.3530      0
12034    1073.340000 1037.620000  20.9130   0.0590   0.2390   0.0840   0.3530      0
10008    1201.480000 879.280000  21.0510   0.0340   0.2830   0.0440   0.3520      0
10247    963.190000 898.170000  21.0150   0.0390   0.5740   0.0490   0.3520      0
9140     1123.720000 807.950000  21.0300   0.0380   0.5020   0.0510   0.3490      0
10482    910.290000 917.160000  21.2080   0.0440   0.4480   0.0620   0.3490      0
11743    1028.020000 1012.350000  21.0150   0.0620   0.4790   0.0790   0.3490      0
11231    1017.680000 975.330000  19.0610   0.0290   0.0800   0.0590   0.3470      0
9997     1038.510000 878.750000  21.0100   0.0750   0.5380   0.0980   0.3460      0
12120    1004.980000 1045.270000  20.9810   0.0490   0.9620   0.0770   0.3450      0
11695    1188.750000 1008.950000  21.1080   0.0410   0.2250   0.0920   0.3440      0
11375    948.010000 984.990000  21.5110   0.0700   0.1980   0.0780   0.3440      0
9944     1157.770000 873.560000  20.1900   0.0380   0.1060   0.0700   0.3430      0
9727     1157.240000 856.510000  21.1130   0.0590   1.0050   0.0760   0.3430      0
11165    938.650000 970.660000  22.5810   0.1260   1.0550   0.2260   0.3430      0
8872     970.850000 785.410000  21.2330   0.0350   0.4870   0.0500   0.3420      0
12110    941.100000 1044.470000  20.9710   0.1100   1.0930   0.1260   0.3420      0
10234    1084.890000 896.910000  21.0050   0.0730   0.6250   0.1010   0.3410      0
12065    1258.220000 1041.380000  21.0980   0.0370   1.5280   0.0680   0.3400      0
9313     950.340000 822.170000  21.1840   0.0390   0.5120   0.0530   0.3390      0
11988    990.410000 1033.350000  21.0400   0.0440   0.4530   0.0550   0.3390      0
9822     939.090000 863.990000  21.2260   0.0500   1.2880   0.0790   0.3390      0
10043    967.880000 880.920000  20.9590   0.0320   0.8170   0.0490   0.3370      0
11693    1251.240000 1008.870000  21.0270   0.0500   0.5660   0.0590   0.3370      0
9117     1064.110000 805.970000  19.8510   0.0170   0.0030   0.0210   0.3360      0
9115     1221.620000 805.840000  20.7280   0.0410   1.4200   0.0660   0.3360      0
9937     963.420000 872.860000  21.1770   0.0480   0.3940   0.0640   0.3360      0
10392    935.740000 909.970000  21.2170   0.0580   0.1340   0.0670   0.3360      0
8785     1081.510000 776.600000  21.2240   0.0470   0.3800   0.0580   0.3350      0
9792     1223.210000 861.590000  20.9470   0.0510   0.8390   0.0610   0.3350      0
12835    1162.440000 1107.610000  21.2270   0.0520   0.3880   0.0620   0.3340      0
11308    1263.650000 980.090000  21.1430   0.0410   0.4560   0.0540   0.3330      0
12903    1032.040000 1113.010000  21.1760   0.0580   0.4480   0.0750   0.3330      0
9476     925.480000 835.150000  21.2480   0.0490   0.4070   0.0620   0.3320      0
12299    1075.920000 1060.700000  20.9850   0.0520   0.7660   0.0620   0.3310      0
11628    907.170000 1003.390000  20.3420   0.0510   0.8890   0.0650   0.3300      0
11366    944.880000 984.300000  21.2030   0.0890   1.0600   0.1020   0.3300      0
11728    1238.700000 1010.830000  20.8260   0.0290   1.3670   0.0620   0.3290      0
9031     1087.560000 798.070000  20.9780   0.0410   0.2120   0.0500   0.3280      0
11205    1000.310000 973.690000  21.4610   0.1000   0.1420   0.1130   0.3280      0
10357    1255.720000 907.340000  21.1690   0.0350   0.5280   0.0480   0.3270      0
10504    1158.100000 918.310000  21.2760   0.0710   1.2150   0.1060   0.3270      0
9310     1105.480000 821.860000  21.0210   0.0490   0.6560   0.0640   0.3260      0
12076    1018.090000 1042.070000  21.0400   0.0800   0.5680   0.1010   0.3260      0
10891    935.160000 949.000000  21.1530   0.0590   0.4690   0.0750   0.3250      0
11577    1016.420000 1000.450000  21.0070   0.0670   0.7240   0.0830   0.3240      0
11771    973.960000 1015.010000  21.0840   0.0520   0.3630   0.0800   0.3230      0
11225    1239.730000 974.920000  21.0310   0.0360   0.3390   0.0510   0.3220      0
9433     1189.490000 832.470000  19.6170   0.0460   0.0660   0.0720   0.3220      0
9118     1052.000000 805.990000  21.1800   0.0450   0.9680   0.0630   0.3210      0
12465    1130.850000 1074.060000  21.0350   0.0500   1.2190   0.0940   0.3210      0
10612    1213.430000 926.910000  21.2260   0.0700   0.3810   0.0890   0.3210      0
12127    1069.090000 1046.100000  21.1070   0.0490   0.3730   0.0590   0.3190      0
12098    1028.970000 1043.850000  21.0760   0.0570   0.4480   0.0880   0.3190      0
12631    1151.840000 1088.960000  21.0750   0.0680   0.5080   0.0770   0.3190      0
10280    1218.750000 900.480000  21.6220   0.0700   1.2260   0.1060   0.3190      0
10864    1165.670000 947.200000  21.1310   0.0760   1.0310   0.1380   0.3190      0
9673     909.410000 851.730000  21.1110   0.0360   0.4530   0.0480   0.3180      0
10111    1108.190000 886.430000  21.5580   0.0950   1.3380   0.1370   0.3180      0
8867     1131.860000 784.840000  20.9610   0.0440   1.2850   0.0660   0.3170      0
12301    1024.920000 1061.190000  21.0240   0.0470   0.6780   0.0590   0.3170      0
9810     1063.090000 863.130000  21.1440   0.0580   0.9800   0.0990   0.3150      0
10842    1241.460000 945.060000  20.5410   0.0380   1.5780   0.0700   0.3140      0
9786     1198.640000 861.280000  21.2610   0.0590   0.4480   0.0990   0.3140      0
9245     1083.380000 816.420000  21.0200   0.0490   0.9270   0.0690   0.3110      0
9664     1006.110000 851.020000  21.2730   0.0490   0.3350   0.0700   0.3100      0
11112    1230.680000 967.380000  21.2160   0.0600   0.5570   0.0750   0.3090      0
11969    1069.100000 1032.230000  21.0300   0.0660   0.9190   0.0900   0.3080      0
12267    1135.010000 1057.660000  21.4090   0.0690   1.2330   0.1100   0.3080      0
10633    1186.830000 927.950000  21.0700   0.1260   0.6770   0.1470   0.3080      0
10398    1128.720000 910.490000  18.6960   0.0400  -0.0450   0.0520   0.3070      0
11340    918.260000 982.360000  21.1180   0.0640   0.5170   0.0760   0.3070      0
11616    1030.120000 1002.960000  21.0990   0.0690   1.3130   0.1310   0.3070      0
9811     1259.900000 863.170000  20.7510   0.0320   0.1430   0.0410   0.3060      0
13184    1033.700000 1139.610000  21.2590   0.0430   0.1960   0.0550   0.3060      0
12233    1104.350000 1055.430000  20.8670   0.0500   1.2470   0.0810   0.3060      0
9564     913.580000 842.560000  21.2410   0.0990   0.3130   0.1410   0.3060      0
12510    1125.380000 1078.310000  21.0210   0.0640   0.9040   0.0810   0.3050      0
9480     1048.190000 835.260000  21.2680   0.0890   1.0770   0.1190   0.3050      0
10465    979.000000 915.450000  21.2030   0.0730   0.9950   0.1060   0.3030      0
11740    908.120000 1011.880000  21.5700   0.0640   1.0970   0.0920   0.3020      0
13228    1126.070000 1143.850000  21.2510   0.0670   0.5590   0.0810   0.3020      0
8988     969.920000 794.570000  20.4730   0.0280   1.7940   0.0630   0.3000      0
11933    1222.800000 1029.030000  21.2890   0.0440   0.5510   0.0570   0.2990      0
9269     1126.400000 818.570000  21.5000   0.0580   1.1130   0.0880   0.2990      0
12265    1189.910000 1057.570000  21.1270   0.0400   0.9330   0.0590   0.2970      0
9756     1051.650000 858.590000  21.5480   0.0630   1.1440   0.1320   0.2970      0
13115    1056.930000 1132.710000  20.4580   0.0260   1.4680   0.0480   0.2960      0
13160    1131.940000 1137.400000  21.4170   0.0680   1.1290   0.1050   0.2960      0
12863    1204.310000 1109.500000  22.4940   0.1160   0.7740   0.1880   0.2960      0
12563    1191.350000 1083.290000  21.2000   0.0520   0.6190   0.0610   0.2930      0
9739     1108.350000 857.400000  21.4580   0.0550   1.1640   0.1320   0.2930      0
12313    1222.000000 1061.990000  21.6270   0.0680   1.0880   0.1140   0.2930      0
13016    1176.150000 1122.310000  21.3450   0.0470   1.0650   0.0740   0.2920      0
11583    1227.350000 1000.730000  21.1380   0.0870   0.9410   0.1250   0.2920      0
11715    1156.810000 1010.190000  21.1600   0.0880   0.5930   0.1140   0.2920      0
11124    1269.840000 968.040000  21.2420   0.0930   0.5390   0.1310   0.2920      0
11493    896.580000 994.070000  21.2200   0.0440   0.6450   0.0720   0.2910      0
13246    1104.170000 1146.830000  21.3160   0.0550   0.3410   0.0770   0.2910      0
9793     1121.120000 861.600000  21.1830   0.0630   0.9490   0.1120   0.2910      0
10261    1025.660000 899.030000  19.0390   0.0250   1.8630   0.0610   0.2900      0
11957    1026.580000 1031.480000  21.6690   0.0610   1.0980   0.1090   0.2900      0
13044    1159.950000 1125.440000  21.2330   0.0380   0.6640   0.0530   0.2890      0
9626     1225.440000 847.770000  21.3050   0.0390   0.6010   0.0580   0.2890      0
9427     1024.640000 831.360000  21.3270   0.0550   0.4110   0.0660   0.2880      0
9257     1104.180000 817.390000  21.6650   0.0690   1.1130   0.1250   0.2870      0
9887     1010.970000 868.550000  21.0590   0.0610   1.3440   0.1100   0.2860      0
9749     1015.190000 858.240000  21.6500   0.0680   1.0700   0.1170   0.2860      0
11630    1083.640000 1003.740000  21.6060   0.0970   1.3430   0.2430   0.2850      0
12291    999.320000 1059.850000  21.3100   0.0510   0.5840   0.0730   0.2840      0
10637    890.900000 928.150000  21.2670   0.0520   0.6540   0.0630   0.2830      0
12975    1125.820000 1118.520000  22.0210   0.0810   1.3700   0.1820   0.2830      0
11021    997.380000 959.660000  20.1870   0.0550  -0.0290   0.0810   0.2820      0
12024    1194.010000 1036.430000  21.3180   0.0600   0.5560   0.0760   0.2820      0
8740     1170.570000 772.440000  22.4880   0.1240   0.6400   0.1580   0.2820      0
9728     1153.260000 856.620000  21.0580   0.0430   0.6470   0.0580   0.2810      0
13124    1066.700000 1133.530000  21.4420   0.0450   1.0540   0.0810   0.2810      0
9145     1080.250000 808.280000  21.3600   0.0500   1.0320   0.0730   0.2810      0
12726    1116.770000 1098.440000  21.7540   0.0640   1.3080   0.1210   0.2800      0
12197    1049.070000 1051.840000  21.2370   0.0540   0.6720   0.0700   0.2790      0
9820     1252.310000 863.910000  21.1840   0.0550   0.6540   0.0720   0.2790      0
8709     1112.640000 770.160000  22.4930   0.1330   0.6510   0.1700   0.2770      0
11896    948.220000 1025.260000  21.0530   0.0430   0.7670   0.0590   0.2760      0
9022     1078.550000 797.220000  21.2470   0.0590   0.6740   0.0720   0.2760      0
9645     1087.770000 849.250000  21.8970   0.0970   1.2990   0.1610   0.2760      0
11516    904.790000 995.120000  21.3590   0.1320   1.1150   0.1760   0.2760      0
10403    1150.820000 911.070000  21.6580   0.0910   1.0720   0.1370   0.2750      0
8805     1102.450000 778.660000  21.2900   0.0880   0.6110   0.1020   0.2740      0
12228    1178.740000 1055.070000  21.3530   0.0460   0.4310   0.0610   0.2730      0
11432    1269.250000 989.370000  21.6550   0.0650   0.9800   0.0930   0.2730      0
10359    1275.610000 907.440000  21.6220   0.0680   0.9840   0.0990   0.2730      0
11613    1240.850000 1002.730000  21.1260   0.0830   0.8360   0.1120   0.2720      0
10210    958.910000 894.730000  21.3440   0.0430   0.5890   0.0600   0.2710      0
9148     969.510000 808.630000  21.1000   0.0550   0.6260   0.0680   0.2710      0
10052    912.920000 881.330000  21.2080   0.0760   0.9190   0.0980   0.2710      0
12914    977.780000 1114.330000  21.1620   0.0380   0.6740   0.0780   0.2700      0
9226     970.950000 815.060000  21.3110   0.0490   0.6540   0.0640   0.2700      0
12934    1092.620000 1115.220000  21.3490   0.0590   0.5140   0.0960   0.2700      0
12283    980.320000 1059.210000  20.1130   0.0660   1.7540   0.0980   0.2700      0
10196    953.620000 893.430000  21.1440   0.0670   0.6740   0.0840   0.2700      0
10426    985.880000 912.590000  21.3190   0.0830   0.5850   0.1140   0.2700      0
9845     925.800000 865.370000  21.1790   0.0590   0.7060   0.1000   0.2690      0
9512     1236.530000 838.600000  21.0910   0.0520   0.6440   0.0630   0.2680      0
12390    959.650000 1067.870000  21.1700   0.0530   0.6960   0.0820   0.2680      0
12194    1250.740000 1051.730000  21.0760   0.0330   0.7810   0.0550   0.2670      0
8741     1045.980000 772.470000  21.0630   0.0340   0.7290   0.0510   0.2670      0
8597     1073.350000 759.070000  21.2420   0.0410   0.9250   0.0630   0.2670      0
12160    1180.950000 1048.590000  21.3990   0.0510   1.0020   0.0740   0.2670      0
10382    1163.690000 909.210000  21.5220   0.0870   1.0800   0.1710   0.2660      0
11727    917.750000 1010.730000  21.0920   0.0420   0.8260   0.0630   0.2640      0
10900    1230.440000 949.970000  21.2220   0.0500   0.7300   0.0750   0.2640      0
10921    880.230000 952.180000  21.3670   0.0490   0.5190   0.0780   0.2630      0
10051    1227.550000 881.270000  21.0970   0.0530   0.7880   0.0680   0.2630      0
10107    902.860000 886.150000  21.6200   0.0570   0.9160   0.0870   0.2630      0
12269    942.470000 1057.910000  21.6220   0.0670   0.9320   0.1060   0.2630      0
10117    1167.990000 886.720000  20.3910   0.0930   1.2450   0.1050   0.2630      0
13112    1166.820000 1132.340000  21.6270   0.0480   0.8630   0.0880   0.2620      0
8594     1127.920000 758.830000  21.6650   0.0520   0.6930   0.0840   0.2620      0
10561    1264.710000 922.430000  21.3790   0.0590   0.3350   0.0840   0.2610      0
9714     968.120000 855.070000  22.0270   0.0790   1.2400   0.1390   0.2610      0
11678    1156.350000 1007.540000  21.5560   0.1000   0.2490   0.1220   0.2610      0
9888     978.500000 868.810000  21.6770   0.0610   0.6740   0.0820   0.2600      0
11282    909.720000 978.180000  21.6570   0.0600   0.7450   0.0980   0.2590      0
8773     1032.100000 775.460000  21.6560   0.0610   0.7560   0.0830   0.2590      0
12789    1173.440000 1103.600000  21.1710   0.0690   0.7600   0.0880   0.2590      0
11790    1015.410000 1016.490000  21.8860   0.0900   1.2230   0.1560   0.2590      0
11714    891.560000 1010.190000  21.6310   0.0520   0.8350   0.0730   0.2580      0
11558    1205.600000 999.040000  21.7560   0.0690   0.6140   0.0950   0.2580      0
9695     1125.870000 853.630000  21.4670   0.1030   0.2850   0.1080   0.2580      0
12309    964.760000 1061.520000  21.7010   0.0510   0.7840   0.0770   0.2570      0
10252    1163.720000 898.420000  21.3140   0.0570   0.9750   0.0880   0.2570      0
12825    1122.470000 1106.550000  21.6780   0.0630   0.8370   0.0880   0.2570      0
10607    1267.160000 926.350000  21.7560   0.0750   0.5850   0.1000   0.2570      0
8702     1076.920000 769.680000  21.7730   0.0750   0.5430   0.1060   0.2570      0
9093     1196.700000 804.540000  21.7110   0.0760   0.9760   0.1140   0.2570      0
12084    1170.040000 1042.800000  21.7630   0.0810   0.5140   0.1000   0.2570      0
11761    947.820000 1014.160000  21.7440   0.0650   0.6690   0.0860   0.2560      0
12369    1191.110000 1066.290000  21.6680   0.0720   0.7190   0.0990   0.2560      0
9534     1149.640000 840.830000  21.6400   0.0750   0.8580   0.1260   0.2560      0
11800    979.710000 1017.240000  21.3290   0.0510   0.6720   0.0950   0.2550      0
12393    1027.720000 1067.960000  21.2100   0.0570   0.7650   0.0780   0.2550      0
9671     1056.860000 851.660000  21.6640   0.0750   0.8150   0.1160   0.2550      0
9104     1133.550000 805.510000  21.1650   0.0480   0.7720   0.0630   0.2540      0
8953     1146.150000 792.250000  21.6220   0.0580   0.7960   0.0870   0.2540      0
13221    1032.540000 1143.580000  21.7140   0.0730   0.5210   0.0900   0.2540      0
9175     976.640000 810.820000  21.8080   0.0750   1.1550   0.1190   0.2540      0
12009    1234.370000 1035.050000  21.5160   0.0600   0.9910   0.0920   0.2530      0
12446    1112.970000 1072.180000  21.6710   0.0650   0.5640   0.0890   0.2530      0
13301    1104.440000 1151.990000  21.6460   0.0670   0.6060   0.1080   0.2530      0
10307    1201.230000 902.820000  21.7370   0.0720   0.6890   0.1070   0.2530      0
12823    1043.220000 1106.250000  21.7310   0.0860   0.5080   0.1120   0.2530      0
9794     1060.560000 861.620000  21.6090   0.1020   0.9340   0.1250   0.2530      0
10812    962.670000 943.170000  21.9600   0.0810   1.2000   0.1500   0.2520      0
11717    1234.370000 1010.230000  21.6720   0.0670   0.5480   0.0910   0.2510      0
8790     1191.270000 777.060000  20.6590   0.0270   0.0950   0.0870   0.2500      0
11769    1189.060000 1014.780000  21.3980   0.0430   0.4890   0.0740   0.2500      0
9753     1159.260000 858.410000  21.6780   0.0980   0.8260   0.1550   0.2500      0
9185     992.870000 811.750000  21.5850   0.0490   0.6910   0.0760   0.2490      0
12866    1176.090000 1109.910000  21.3890   0.0510   0.5590   0.0680   0.2490      0
8999     1181.960000 795.570000  21.7780   0.0600   0.6820   0.0910   0.2490      0
10121    1221.240000 886.970000  21.7450   0.0680   0.7320   0.1130   0.2490      0
12840    1047.140000 1107.860000  21.7110   0.1000   0.7010   0.1250   0.2490      0
10774    1214.330000 939.110000  21.3070   0.0590   0.7210   0.0750   0.2480      0
12437    1020.530000 1071.390000  21.7150   0.0900   0.8240   0.1420   0.2480      0
12153    1156.400000 1048.160000  21.5370   0.0690   0.9570   0.1030   0.2470      0
11919    993.650000 1027.260000  21.3130   0.0710   0.7260   0.1030   0.2470      0
12314    1193.670000 1062.010000  21.8420   0.0810   0.5530   0.0970   0.2470      0
10091    914.210000 884.790000  21.6320   0.0960   0.6170   0.1190   0.2470      0
12773    1104.620000 1102.440000  21.5640   0.0430   0.5560   0.0650   0.2460      0
10346    957.410000 906.340000  21.3010   0.0520   0.9390   0.0720   0.2460      0
8932     1172.550000 790.330000  21.5840   0.0610   0.6400   0.0970   0.2460      0
9454     1110.020000 833.470000  21.2700   0.0630   0.7660   0.0860   0.2460      0
9750     935.290000 858.250000  21.3700   0.0870   0.6310   0.1120   0.2460      0
9336     1019.640000 823.970000  21.6040   0.0880   0.6330   0.1080   0.2460      0
12135    968.750000 1046.580000  21.5750   0.0520   0.6890   0.0760   0.2450      0
12602    939.390000 1085.960000  21.7340   0.0560   0.8340   0.0930   0.2450      0
10311    892.560000 903.050000  21.8650   0.0640   0.5500   0.0820   0.2450      0
9423     1094.530000 831.030000  21.8980   0.0680   1.1480   0.1370   0.2450      0
10531    1255.910000 920.010000  21.7560   0.0760   0.9930   0.1000   0.2450      0
9324     1235.900000 823.010000  21.6170   0.0630   0.5430   0.0830   0.2440      0
9158     987.660000 809.410000  21.4400   0.0600   0.9620   0.0760   0.2430      0
11266    977.170000 977.450000  21.8060   0.0750   0.6590   0.1040   0.2430      0
10659    1276.010000 930.580000  21.5820   0.0580   0.7300   0.0950   0.2420      0
12006    1223.440000 1034.940000  21.5660   0.0630   0.6520   0.0870   0.2420      0
11934    1254.010000 1029.040000  21.7960   0.0730   1.0630   0.1090   0.2420      0
9241     1071.890000 816.060000  21.7060   0.0910   0.4200   0.1070   0.2420      0
9387     1130.100000 828.070000  21.4010   0.1050   0.9490   0.1220   0.2420      0
12675    1032.490000 1092.860000  21.2400   0.0540   0.8550   0.0680   0.2410      0
12399    1145.470000 1068.620000  21.5480   0.0570   0.6020   0.0790   0.2410      0
12108    927.680000 1044.390000  21.5830   0.0580   0.8580   0.0810   0.2410      0
11108    897.200000 967.200000  21.7460   0.0590   0.8590   0.0990   0.2410      0
11374    936.760000 984.970000  21.5860   0.0800   0.7740   0.1240   0.2410      0
10356    1200.000000 907.290000  21.5830   0.0880   0.8450   0.1190   0.2410      0
9981     1102.650000 877.180000  21.7820   0.1000   0.6770   0.1350   0.2410      0
11994    1241.440000 1034.040000  21.4400   0.0510   0.4540   0.0630   0.2400      0
12354    1147.870000 1065.230000  21.5790   0.0760   0.7050   0.1010   0.2400      0
8444     1068.040000 745.580000  21.3030   0.0520   0.7540   0.0740   0.2390      0
8546     1077.450000 754.290000  21.8450   0.0830   0.5970   0.1060   0.2390      0
8763     1116.720000 774.660000  21.8640   0.0770   0.5660   0.1030   0.2380      0
12402    1203.900000 1068.830000  21.6790   0.0840   0.3670   0.1130   0.2370      0
11739    1170.220000 1011.840000  21.5500   0.0530   0.9070   0.1020   0.2360      0
11917    1042.730000 1027.030000  21.8110   0.0810   0.6920   0.1090   0.2360      0
8638     1124.310000 763.030000  21.7840   0.1090   0.7350   0.1400   0.2360      0
11269    1140.560000 977.610000  21.4740   0.1220   0.6120   0.1920   0.2360      0
8922     1197.760000 789.510000  21.7900   0.0700   0.7440   0.1040   0.2350      0
10279    1238.980000 900.300000  21.8380   0.0700   0.3660   0.0990   0.2340      0
9247     1139.520000 816.580000  21.7560   0.1730   0.6830   0.1950   0.2340      0
10350    931.090000 906.590000  21.5040   0.0530   0.5270   0.0790   0.2330      0
11509    1272.260000 994.740000  21.4930   0.0550   0.5530   0.0680   0.2330      0
11629    1151.390000 1003.490000  21.5230   0.0810   0.8970   0.1230   0.2330      0
9081     982.700000 803.570000  21.5100   0.0420   0.4810   0.0730   0.2320      0
11401    1255.340000 987.120000  21.4710   0.0530   0.4290   0.0660   0.2320      0
10478    960.220000 916.850000  21.3070   0.0780   0.8240   0.0940   0.2320      0
9363     1082.960000 826.400000  21.3670   0.0440   0.7170   0.0660   0.2310      0
9216     1195.040000 814.050000  21.4710   0.0640   0.5940   0.0770   0.2290      0
12405    978.030000 1069.390000  21.5280   0.0640   0.6700   0.0800   0.2290      0
9326     1089.970000 823.060000  21.4290   0.0690   0.6150   0.0990   0.2290      0
12978    1096.820000 1118.660000  21.9780   0.0730   1.1290   0.1300   0.2290      0
12097    930.810000 1043.850000  21.8120   0.0760   0.9910   0.1320   0.2280      0
11341    977.900000 982.450000  21.3890   0.0500   0.9090   0.0750   0.2270      0
12753    1123.730000 1100.180000  21.4090   0.0500   0.9140   0.0790   0.2270      0
11884    1256.270000 1023.200000  21.4640   0.0640   0.6000   0.0810   0.2270      0
8717     1068.820000 770.950000  21.5520   0.0700   0.3780   0.0990   0.2270      0
8963     1077.730000 792.970000  21.8780   0.0770   0.6140   0.1070   0.2250      0
12909    1078.930000 1113.920000  21.8100   0.0730   0.9530   0.1160   0.2240      0
13150    1046.770000 1135.920000  21.3810   0.0410   0.7320   0.0670   0.2230      0
12567    1044.240000 1083.850000  21.3720   0.0570   0.7460   0.0780   0.2230      0
10076    1235.850000 883.950000  21.4580   0.0760   0.6560   0.1050   0.2230      0
12389    1052.250000 1067.850000  21.4900   0.0540   0.6520   0.0740   0.2200      0
11313    1220.620000 980.210000  21.4530   0.0590   0.6410   0.0930   0.2190      0
9603     1211.800000 846.430000  21.8200   0.0750   0.9290   0.1100   0.2190      0
12055    1175.490000 1040.310000  21.4650   0.0570   0.8690   0.1450   0.2180      0
8705     999.830000 770.010000  21.4400   0.0730   0.7090   0.0960   0.2170      0
11305    1269.250000 979.350000  21.8210   0.0680   0.8970   0.1040   0.2150      0
11032    1215.310000 960.350000  21.3930   0.0560   0.7770   0.0850   0.2140      0
9565     919.580000 842.650000  21.4780   0.0600   0.7040   0.0770   0.2110      0
12536    1155.760000 1080.280000  21.4220   0.0600   0.8340   0.0920   0.2100      0
12132    1213.210000 1046.480000  21.8530   0.0780   0.9200   0.1170   0.2080      0
11603    1189.760000 1002.070000  22.3160   0.1090   0.7610   0.1630   0.2070      0
12790    952.130000 1103.800000  21.9410   0.0900   1.0450   0.1440   0.2060      0
10835    923.430000 944.570000  21.4580   0.0520   0.8450   0.0900   0.2050      0
10145    938.940000 888.960000  21.9590   0.0770   1.0530   0.1260   0.2050      0
8577     1080.550000 756.980000  21.8600   0.0720   0.7970   0.1070   0.2030      0
13025    1126.690000 1123.600000  21.4410   0.0510   0.7670   0.0750   0.2020      0
9638     1074.040000 848.540000  21.8830   0.0860   0.9440   0.1150   0.2020      0
8626     1001.060000 761.860000  21.9040   0.0800   0.6860   0.1020   0.2010      0
9487     1030.540000 836.060000  22.1140   0.0730   1.1800   0.1380   0.1970      0
8950     1115.730000 791.660000  21.9060   0.0750   0.9460   0.1230   0.1940      0
9682     1164.690000 852.100000  21.9050   0.0980   0.7820   0.1220   0.1920      0
11846    1231.270000 1020.790000  22.2720   0.1100   0.7770   0.1480   0.1870      0
9563     1243.710000 842.550000  22.2910   0.1370   0.8240   0.1850   0.1860      0
9421     1140.510000 830.780000  21.9650   0.0790   0.6030   0.1130   0.1840      0
9527     1136.720000 840.300000  22.2790   0.1040   1.0090   0.1740   0.1790      0
9354     1110.700000 825.650000  22.2470   0.1110   0.7140   0.1390   0.1790      0
10762    1246.070000 938.390000  22.2180   0.1040   0.6400   0.1430   0.1700      0
12684    1013.910000 1093.530000  22.0580   0.0970   0.6020   0.1250   0.1610      0
9105     1014.320000 805.560000  22.1980   0.1040   0.8490   0.1440   0.1600      0
9513     1130.330000 839.060000  22.0350   0.0880   0.6410   0.1260   0.1590      0
12795    1212.240000 1104.170000  21.9870   0.0830   0.8130   0.1270   0.1580      0
9070     1119.920000 802.740000  22.0160   0.0850   0.9300   0.1250   0.1580      0
10747    1280.120000 937.370000  22.0950   0.0900   0.6060   0.1190   0.1550      0
11749    1183.110000 1013.100000  22.0990   0.0840   0.6480   0.1310   0.1510      0
12578    933.490000 1084.570000  22.1690   0.0870   0.8860   0.1330   0.1500      0
