#ID x y mag e_mag col1 e_col1 memb_prob sel
321828   3766.892000 7961.696000  19.0960   0.0070   0.3840   0.0090   0.6360      1
322664   3838.968000 7779.659000  19.7860   0.0070   0.5990   0.0160   0.6340      1
323350   3899.802000 7766.611000  19.7380   0.0070   0.5640   0.0170   0.6290      1
322392   3816.631000 7931.051000  19.7050   0.0140   0.7430   0.0170   0.6280      1
322917   3860.793000 7821.300000  19.2590   0.0070   0.4640   0.0090   0.6230      1
320114   3615.747000 7729.755000  19.7060   0.0070   0.5530   0.0090   0.6170      1
321572   3745.490000 7908.944000  18.6250   0.0090   1.2300   0.0440   0.6130      1
321949   3777.398000 7792.947000  17.9880   0.0200   1.1960   0.0470   0.6100      1
320452   3647.946000 7728.461000  19.6900   0.0090   0.7590   0.0110   0.6030      1
321870   3770.895000 7763.279000  19.7050   0.0100   0.6700   0.0160   0.6030      1
323173   3883.298000 8002.874000  19.4620   0.0130   0.9290   0.0260   0.6020      1
321404   3731.701000 7809.112000  18.0340   0.0160   1.4130   0.0360   0.6010      1
321538   3742.337000 7852.272000  17.9360   0.0100   1.2410   0.0410   0.5800      1
320732   3672.258000 7900.994000  19.1720   0.0080   0.4420   0.0110   0.5790      1
321357   3728.213000 7861.449000  17.9900   0.0110   1.2630   0.0190   0.5750      1
321774   3762.300000 7743.119000  19.3360   0.0100   0.6660   0.0150   0.5740      1
322040   3785.679000 7869.087000  17.8820   0.0330   1.4940   0.0370   0.5710      1
320977   3694.538000 7860.446000  19.8070   0.0090   0.5660   0.0200   0.5650      1
320920   3689.661000 7835.543000  18.1990   0.0040   1.4870   0.0140   0.5640      1
320840   3682.687000 7904.186000  18.1850   0.0220   1.3790   0.0370   0.5640      1
321053   3701.825000 7862.778000  18.2170   0.0140   1.3560   0.0290   0.5620      1
320222   3625.958000 7818.487000  19.4210   0.0380   0.8700   0.0390   0.5620      1
322881   3857.641000 7646.340000  19.3090   0.0080   0.3840   0.0120   0.5610      1
323434   3907.385000 7780.141000  19.5640   0.0160   1.0140   0.0220   0.5590      1
322657   3838.104000 7823.226000  19.3330   0.0280   0.8490   0.0310   0.5540      1
321298   3722.577000 7840.954000  19.7180   0.0120   0.4680   0.0210   0.5480      1
321448   3735.963000 7792.528000  19.5680   0.0100   0.9530   0.0250   0.5460      1
322148   3795.935000 7887.251000  17.5830   0.0050   1.7460   0.0300   0.5430      1
321659   3752.106000 7857.978000  17.6060   0.0060   1.8000   0.0330   0.5420      1
320399   3642.443000 7850.662000  19.3470   0.0380   0.9210   0.0730   0.5370      1
323252   3890.514000 7608.916000  19.5650   0.0140   1.0480   0.0470   0.5350      1
321923   3775.348000 7689.477000  18.6340   0.0260   1.2490   0.0410   0.5340      1
322928   3861.695000 7930.902000  19.8150   0.0060   0.7300   0.0110   0.5320      1
321233   3717.035000 7854.120000  18.6350   0.0090   1.0970   0.0280   0.5320      1
321460   3736.989000 7888.787000  18.4140   0.0100   1.3980   0.0150   0.5300      1
323001   3869.002000 7735.103000  19.5020   0.0140   0.3170   0.0180   0.5260      1
322615   3834.309000 7783.981000  19.8030   0.0070   0.7130   0.0150   0.5240      1
322703   3842.148000 7706.721000  19.5690   0.0120   0.9380   0.0220   0.5170      1
322847   3854.683000 7850.883000  19.7610   0.0250   0.7320   0.0280   0.5170      1
322562   3830.104000 7862.298000  17.5680   0.0150   1.8850   0.0450   0.5160      1
322356   3813.433000 7808.037000  19.4310   0.0200   0.7420   0.0290   0.5160      1
323352   3900.004000 7649.191000  18.6060   0.0070   1.1030   0.0180   0.5140      1
321232   3716.763000 7891.310000  17.5660   0.0100   1.6040   0.0130   0.5130      1
322115   3793.004000 7835.168000  19.2800   0.0300   0.4570   0.0430   0.5130      1
323183   3884.489000 7746.404000  18.2410   0.0040   1.3900   0.0100   0.5120      1
321903   3773.957000 7883.764000  19.7910   0.0240   0.5810   0.0390   0.5090      1
321813   3765.874000 7850.353000  19.3360   0.0240   0.7790   0.0420   0.5080      1
321360   3728.537000 7887.009000  19.6940   0.0360   0.7520   0.0390   0.5080      1
320489   3650.635000 7854.250000  18.0050   0.0040   1.4870   0.0220   0.5070      1
322159   3796.583000 7783.062000  18.2960   0.0050   1.6060   0.0160   0.5060      1
322313   3808.563000 7718.914000  17.2390   0.0050   1.9730   0.0130   0.5030      1
323116   3878.846000 7828.351000  19.7300   0.0320   0.5440   0.0380   0.5030      1
321036   3700.138000 7980.311000  19.2160   0.0040   0.2500   0.0070   0.4980      1
320762   3674.599000 7736.054000  19.0470   0.0050   1.8640   0.0100   0.4910      1
321808   3765.429000 7886.539000  19.6800   0.0190   0.5030   0.0320   0.4910      1
321962   3778.818000 7871.652000  19.7580   0.0340   0.6530   0.0600   0.4900      1
320718   3671.177000 7713.905000  19.9890   0.0130   0.5300   0.0150   0.4890      1
321991   3781.630000 7854.091000  19.3010   0.0320   0.3950   0.0510   0.4880      1
321144   3710.064000 7755.636000  19.4560   0.0130   0.7000   0.0210   0.4860      1
322442   3821.148000 7744.680000  19.7510   0.0110   0.4770   0.0200   0.4840      1
320961   3693.338000 7969.971000  20.1450   0.0160   0.6510   0.0200   0.4830      1
321785   3763.198000 7644.659000  20.1410   0.0100   0.6360   0.0130   0.4800      1
320782   3676.339000 7875.655000  18.2840   0.0060   1.2320   0.0140   0.4780      1
320284   3632.378000 7922.984000  20.1610   0.0110   0.6840   0.0160   0.4780      1
321097   3705.290000 7786.868000  18.6550   0.0060   1.2500   0.0280   0.4770      1
322330   3810.151000 7942.619000  20.1240   0.0170   0.5940   0.0250   0.4720      1
324047   3966.006000 7904.193000  19.4310   0.0050   0.2780   0.0070   0.4650      1
323472   3911.248000 7750.261000  19.8830   0.0060   0.5780   0.0110   0.4650      1
321173   3712.359000 7765.710000  20.1000   0.0140   0.6340   0.0200   0.4580      1
323279   3892.977000 7827.312000  20.0120   0.0240   0.5030   0.0310   0.4580      1
321008   3696.761000 7732.663000  19.5070   0.0110   0.3370   0.0280   0.4560      1
322961   3865.062000 7831.604000  19.7010   0.0410   0.5000   0.0500   0.4560      1
320389   3641.620000 7796.020000  18.8890   0.0040   1.7800   0.0090   0.4550      1
321198   3713.695000 7839.561000  19.1180   0.0250   0.3590   0.0290   0.4530      1
322719   3843.431000 7753.102000  18.6590   0.0120   1.3310   0.0490   0.4510      1
323204   3885.931000 7784.071000  20.2660   0.0130   0.7230   0.0160   0.4500      1
322488   3823.946000 7897.577000  18.4520   0.0050   1.6460   0.0490   0.4490      1
323437   3907.543000 7744.531000  20.1530   0.0070   0.8070   0.0110   0.4490      1
321552   3743.542000 7941.765000  19.8190   0.0190   0.5490   0.0250   0.4490      1
320853   3684.017000 7859.546000  19.7920   0.0450   0.7770   0.0590   0.4480      1
321743   3760.098000 7990.180000  20.1830   0.0070   0.6950   0.0150   0.4450      1
321205   3714.119000 7957.386000  20.1450   0.0180   0.6220   0.0220   0.4450      1
320711   3670.158000 7857.295000  20.2740   0.0090   0.7490   0.0180   0.4440      1
323655   3928.096000 7671.442000  19.8700   0.0090   0.5630   0.0110   0.4430      1
320833   3681.383000 7785.371000  19.9900   0.0160   0.4650   0.0250   0.4410      1
323865   3948.019000 7898.522000  19.9400   0.0090   0.4970   0.0110   0.4400      1
321829   3767.233000 7797.380000  19.0950   0.0270   0.5760   0.0380   0.4400      1
322505   3825.471000 7857.476000  18.4420   0.0220   1.5520   0.0290   0.4380      1
320091   3613.797000 7858.028000  20.0210   0.0090   0.4630   0.0220   0.4360      1
321744   3760.156000 7827.604000  17.2220   0.0070   2.0970   0.0500   0.4340      1
322819   3851.971000 7801.480000  19.8070   0.0360   0.5840   0.0420   0.4340      1
321633   3750.041000 7844.201000  18.3160   0.0320   1.3340   0.0520   0.4320      1
321733   3759.055000 7856.580000  18.9610   0.0240   0.6350   0.0330   0.4310      1
322747   3846.030000 7795.883000  20.1900   0.0200   0.6870   0.0240   0.4300      1
322211   3799.984000 7826.389000  19.8410   0.0180   0.9920   0.0590   0.4270      1
322021   3783.775000 7686.574000  20.1020   0.0110   0.5810   0.0170   0.4260      1
324285   3985.776000 7768.307000  19.9020   0.0080   0.5770   0.0140   0.4250      1
320958   3692.993000 7761.716000  19.1240   0.0050   1.5890   0.0210   0.4220      1
323274   3892.502000 7846.594000  17.8490   0.0050   2.1930   0.0100   0.4210      1
321548   3743.121000 7924.569000  18.9030   0.0060   1.8160   0.0130   0.4210      1
323977   3958.799000 7662.599000  20.1150   0.0090   0.5710   0.0110   0.4190      1
321989   3781.413000 7750.017000  19.9290   0.0090   0.7960   0.0200   0.4190      1
320062   3611.338000 7873.760000  17.5400   0.0020   2.1460   0.0050   0.4180      1
321735   3759.179000 7730.189000  18.6380   0.0050   1.4920   0.0180   0.4170      1
323570   3921.375000 7763.171000  18.8880   0.0060   1.7780   0.0150   0.4170      1
320461   3649.029000 7817.718000  18.2740   0.0090   1.7230   0.0260   0.4140      1
321902   3773.955000 7845.139000  17.5940   0.0320   1.5110   0.0390   0.4130      1
323825   3943.979000 7673.083000  17.5410   0.0020   2.1810   0.0150   0.4120      1
322524   3827.137000 7795.661000  17.8670   0.0040   2.0030   0.0210   0.4120      1
322861   3855.539000 7950.923000  20.4520   0.0120   0.7460   0.0170   0.4110      1
320198   3623.312000 7880.602000  20.2560   0.0110   0.3350   0.0140   0.4100      1
320141   3618.096000 7794.164000  20.1800   0.0340   0.8520   0.0410   0.4090      1
323657   3928.240000 7762.793000  18.5790   0.0050   1.6170   0.0110   0.4060      1
323527   3916.671000 7759.522000  18.8020   0.0040   1.8340   0.0110   0.4040      1
321613   3748.374000 7660.186000  20.1690   0.0120   0.8170   0.0150   0.4040      1
321321   3725.123000 7804.188000  20.0300   0.0120   0.5230   0.0280   0.4040      1
322306   3807.861000 7902.508000  17.2600   0.0370   1.8600   0.0440   0.4040      1
320737   3672.602000 7782.520000  21.8960   0.0700  -0.6830   0.0820   0.4040      1
322574   3831.066000 7847.795000  18.6370   0.0070   1.4330   0.0320   0.4030      1
321535   3741.798000 7882.671000  19.2460   0.0230   0.3520   0.0410   0.4030      1
320599   3660.619000 7798.017000  18.7240   0.0100   1.5790   0.0180   0.4020      1
322468   3822.697000 7818.461000  18.5710   0.0190   1.6350   0.0220   0.4020      1
321323   3725.402000 7847.502000  18.8910   0.0220   0.5370   0.0330   0.4010      1
322727   3844.073000 7834.001000  19.4700   0.0160   1.1140   0.0230   0.4000      1
321264   3719.517000 7863.970000  19.9110   0.0190   0.5500   0.0340   0.3970      1
322863   3855.874000 7694.962000  18.6650   0.0080   1.6270   0.0120   0.3960      1
323292   3894.271000 7925.032000  18.7760   0.0030   1.8710   0.0090   0.3940      1
323624   3925.952000 7783.024000  19.4460   0.0180   0.3610   0.0190   0.3940      1
321966   3779.088000 8011.151000  20.2350   0.0090   0.6460   0.0180   0.3930      1
321723   3757.864000 7758.635000  19.9470   0.0110   0.8300   0.0190   0.3920      1
321779   3762.759000 7898.800000  19.5880   0.0140   1.1700   0.0430   0.3920      1
321639   3750.449000 7999.105000  18.7390   0.0040   1.3900   0.0270   0.3910      1
323048   3873.051000 7936.453000  18.7110   0.0060   1.5610   0.0130   0.3910      1
321676   3753.690000 7642.750000  20.1290   0.0080   0.7950   0.0120   0.3880      1
321121   3707.575000 7832.746000  19.8560   0.0480   0.6920   0.0560   0.3860      1
321230   3716.668000 7846.331000  20.0110   0.0170   0.5780   0.0250   0.3840      1
320906   3689.019000 7805.245000  18.9150   0.0330   0.5330   0.0400   0.3840      1
324370   3993.124000 7904.032000  18.6590   0.0030   1.6670   0.0150   0.3820      1
320529   3654.327000 7948.700000  19.1050   0.0050   1.5910   0.0230   0.3820      1
321224   3716.484000 7814.149000  19.7250   0.0180   0.9380   0.0260   0.3820      1
323213   3886.837000 7820.548000  21.8740   0.0980  -0.4200   0.1120   0.3820      1
322698   3841.555000 7861.017000  16.6100   0.0080   2.6340   0.0180   0.3810      1
323553   3919.328000 7879.068000  20.3890   0.0140   0.6080   0.0190   0.3800      1
323271   3892.331000 7938.561000  20.1510   0.0090   0.3130   0.0130   0.3790      1
320202   3624.027000 7826.890000  20.5080   0.0140   0.6530   0.0190   0.3790      1
321974   3779.701000 7951.060000  18.6590   0.0130   0.8500   0.0290   0.3780      1
322059   3786.759000 7609.281000  19.9150   0.0080   0.7090   0.0100   0.3770      1
322091   3790.917000 7865.826000  20.1650   0.0470   0.7790   0.0660   0.3770      1
323328   3897.339000 7948.739000  18.6850   0.0040   1.6190   0.0140   0.3750      1
322987   3867.960000 7911.849000  20.2390   0.0120   0.6490   0.0220   0.3730      1
323275   3892.684000 7768.854000  18.7580   0.0050   0.2280   0.0110   0.3680      1
323414   3905.548000 7941.955000  20.1040   0.0130   0.7960   0.0280   0.3670      1
323634   3926.927000 7964.271000  20.0590   0.0220   1.0660   0.0280   0.3670      1
320777   3676.019000 7844.274000  18.8810   0.0060   1.8210   0.0240   0.3650      1
320705   3669.629000 7889.761000  18.7970   0.0110   0.3150   0.0130   0.3650      1
321627   3749.556000 7879.970000  18.5180   0.0350   0.7480   0.0470   0.3650      1
322051   3786.149000 7769.812000  20.2850   0.0200   0.7200   0.0300   0.3640      1
321767   3761.307000 7668.189000  17.6430   0.0070   2.1720   0.0120   0.3620      1
324152   3974.435000 7906.183000  20.0790   0.0080   0.6650   0.0120   0.3620      1
322035   3785.435000 7661.654000  17.6150   0.0020   2.1720   0.0050   0.3610      1
324102   3970.506000 7840.498000  20.5150   0.0120   0.6870   0.0180   0.3610      1
321064   3702.538000 7637.610000  18.8080   0.0030   1.8270   0.0090   0.3600      1
322348   3811.769000 7857.718000  16.9970   0.0060   1.9920   0.0130   0.3600      1
321474   3737.889000 7732.301000  20.2150   0.0250   0.7260   0.0270   0.3600      1
323304   3895.228000 7621.781000  17.4810   0.0030  -0.3030   0.0110   0.3590      1
323891   3950.367000 7803.024000  18.5580   0.0040   1.6650   0.0060   0.3590      1
321540   3742.427000 7894.458000  17.6930   0.0040   2.1040   0.0100   0.3590      1
322814   3851.496000 7884.673000  17.8740   0.0060   2.2380   0.0160   0.3590      1
322004   3782.829000 7779.411000  18.6810   0.0120   1.4940   0.0240   0.3590      1
321284   3721.311000 7889.193000  17.1920   0.0060   1.4920   0.0070   0.3570      1
322099   3791.846000 7881.288000  19.8420   0.0360   0.9400   0.0410   0.3570      1
319990   3604.704000 7827.075000  18.5840   0.0070   1.2080   0.0400   0.3560      1
322839   3853.865000 7966.537000  20.2550   0.0090   0.7940   0.0140   0.3550      1
322636   3836.199000 7615.959000  19.3190   0.0080   1.5090   0.0270   0.3540      1
322221   3800.821000 7695.042000  18.2580   0.0030   2.0400   0.0070   0.3530      1
320706   3669.789000 7919.768000  20.4530   0.0120   0.6980   0.0230   0.3530      1
321527   3741.081000 7983.114000  20.5350   0.0130   0.6580   0.0210   0.3530      1
321314   3724.322000 7702.163000  18.6580   0.0170   1.5300   0.0380   0.3520      1
322112   3792.857000 7920.813000  18.7420   0.0050   1.3330   0.0310   0.3510      1
320365   3639.026000 7812.861000  18.7110   0.0140   1.5100   0.0310   0.3500      1
322365   3814.491000 7784.952000  20.4770   0.0170   0.7650   0.0330   0.3470      1
321333   3726.343000 7950.318000  20.5050   0.0210   0.6830   0.0250   0.3450      1
321707   3756.340000 7837.575000  16.9320   0.0730   1.5570   0.0940   0.3440      1
324041   3964.549000 7849.557000  20.3200   0.0110   0.5430   0.0180   0.3420      1
321559   3744.467000 7780.982000  17.0000   0.0040   2.3980   0.0270   0.3410      1
322500   3824.962000 7878.432000  18.2440   0.0060   1.9530   0.0280   0.3410      1
320662   3665.842000 7674.448000  18.4070   0.0070   0.7690   0.0110   0.3410      1
324353   3991.804000 7703.167000  20.7080   0.0310  -0.2940   0.0340   0.3410      1
322319   3809.170000 7593.217000  22.0900   0.1140  -0.3810   0.1330   0.3400      1
323480   3911.659000 7998.600000  20.2180   0.0200   0.8420   0.0260   0.3390      1
321874   3771.062000 7696.532000  16.6500   0.0090   2.4830   0.0280   0.3380      1
323387   3903.523000 7878.075000  21.3910   0.0170   2.0870   0.0930   0.3380      1
323393   3903.958000 7711.935000  20.4570   0.0230   0.7530   0.0400   0.3360      1
322957   3864.436000 7739.539000  19.6350   0.0060   0.1610   0.0080   0.3350      1
324277   3985.154000 7736.147000  20.0870   0.0100   0.7610   0.0190   0.3320      1
323536   3917.625000 7846.322000  20.2740   0.0140   0.4860   0.0170   0.3320      1
321083   3703.765000 7971.950000  20.4110   0.0140   0.5870   0.0210   0.3320      1
322618   3834.520000 7918.694000  17.7960   0.0050   1.9560   0.0220   0.3310      1
324055   3966.570000 7857.120000  17.8000   0.0020   2.2860   0.0050   0.3300      1
322207   3799.876000 7616.580000  20.4650   0.0270   0.7960   0.0290   0.3300      1
321295   3722.158000 7957.381000  20.2510   0.0120   0.5250   0.0180   0.3280      1
324423   3997.949000 7716.353000  20.2180   0.0200   0.7480   0.0470   0.3280      1
321054   3701.849000 7737.893000  20.5030   0.0220   0.6340   0.0280   0.3280      1
320496   3651.170000 7844.414000  20.5140   0.0180   0.7050   0.0240   0.3270      1
320779   3676.209000 7706.246000  20.5060   0.0180   0.6190   0.0340   0.3270      1
320232   3626.901000 7831.315000  20.5110   0.0120   0.8240   0.0220   0.3260      1
321536   3741.844000 7809.536000  17.7620   0.0200   2.1240   0.0380   0.3250      1
321063   3702.512000 7884.321000  17.0300   0.0030   2.4300   0.0320   0.3240      1
320119   3616.086000 7811.229000  20.2810   0.0140   0.3330   0.0180   0.3240      1
321958   3778.448000 7763.796000  20.5050   0.0150   0.7840   0.0280   0.3240      1
322650   3837.558000 7748.054000  20.2560   0.0190   0.2940   0.0480   0.3240      1
321794   3764.358000 7727.977000  20.3060   0.0190   0.6120   0.0230   0.3230      1
323671   3929.387000 7841.641000  20.2640   0.0140   0.2780   0.0270   0.3220      1
320323   3635.455000 7901.254000  20.6770   0.0500  -0.3650   0.0530   0.3220      1
322960   3864.936000 7876.696000  17.5850   0.0080   2.0100   0.0210   0.3190      1
323074   3875.476000 7750.212000  20.4620   0.0360   0.7260   0.0490   0.3190      1
320504   3652.282000 7783.489000  20.3920   0.0090   0.6490   0.0170   0.3180      1
323763   3938.479000 7897.402000  20.2770   0.0100   0.4520   0.0290   0.3170      1
320390   3641.835000 7833.485000  20.2560   0.0140   0.2630   0.0170   0.3160      1
322487   3823.944000 7939.526000  19.2630   0.0280   0.2600   0.0300   0.3160      1
321657   3751.530000 7717.080000  21.3410   0.0280   2.0250   0.1220   0.3160      1
320864   3684.771000 7840.468000  20.3700   0.0150   0.6000   0.0330   0.3150      1
323941   3954.866000 7888.815000  18.9120   0.0040   0.2320   0.0050   0.3140      1
323220   3887.158000 7772.394000  20.2970   0.0120   0.6450   0.0230   0.3140      1
320579   3659.197000 7747.106000  20.4120   0.0110   0.6940   0.0150   0.3120      1
321550   3743.395000 7653.981000  20.3070   0.0220   0.5460   0.0250   0.3120      1
322869   3856.584000 7746.454000  20.2500   0.0470   0.6310   0.0490   0.3120      1
323489   3912.870000 7877.699000  20.5460   0.0140   0.6470   0.0210   0.3100      1
321483   3738.196000 7767.628000  20.2910   0.0210   0.5910   0.0500   0.3100      1
321740   3759.945000 7612.059000  20.3160   0.0320   0.5750   0.0480   0.3090      1
322531   3827.437000 7699.086000  17.2480   0.0030   2.2190   0.0230   0.3080      1
320122   3616.329000 7774.650000  20.9250   0.0220   2.3140   0.0630   0.3070      1
323832   3944.358000 7944.257000  17.5030   0.0040   2.0570   0.0060   0.3060      1
322441   3821.123000 7884.815000  18.0950   0.0040   1.9850   0.0250   0.3060      1
323595   3923.670000 7834.444000  20.6870   0.0120   0.6890   0.0240   0.3030      1
320859   3684.414000 7666.779000  17.7790   0.0060   2.1590   0.0090   0.3020      1
322242   3802.618000 7994.197000  20.3780   0.0110   0.4730   0.0160   0.3010      1
323851   3946.694000 7852.526000  20.4060   0.0110   0.5610   0.0240   0.3010      1
321096   3705.237000 7688.582000  20.3000   0.0330   0.6550   0.0340   0.3000      1
321719   3757.608000 7821.416000  16.7700   0.0320   2.0280   0.0350   0.2990      1
322942   3863.276000 7864.063000  20.2510   0.0160   0.4010   0.0350   0.2980      1
323106   3878.313000 7630.979000  20.2710   0.0090   0.5860   0.0210   0.2970      1
323007   3869.470000 7843.424000  20.2510   0.0130   0.6070   0.0160   0.2960      1
322761   3846.973000 7878.628000  20.1380   0.0150   0.3410   0.0280   0.2960      1
324026   3963.124000 7762.609000  20.2390   0.0100   0.5970   0.0200   0.2950      1
322706   3842.611000 7931.376000  20.6920   0.0150   0.7060   0.0230   0.2930      1
321099   3705.376000 7921.270000  20.6940   0.0170   0.6980   0.0240   0.2930      1
323614   3925.020000 7890.695000  20.5160   0.0130   0.7360   0.0230   0.2920      1
321465   3737.228000 7716.445000  20.9760   0.0150   2.2510   0.0850   0.2840      1
320696   3669.013000 7911.320000  20.7790   0.0430  -0.1580   0.0480   0.2800      1
322237   3802.330000 7930.285000  16.5740   0.0050   2.7920   0.0270   0.2780      1
323141   3880.861000 7696.234000  21.2540   0.0210   1.8890   0.0580   0.2770      1
321180   3712.947000 7966.330000  19.7240   0.0050   0.2150   0.0090   0.2720      1
321894   3772.839000 7710.508000  19.2090   0.0090   0.0850   0.0100   0.2670      1
323152   3881.690000 7904.585000  16.4760   0.0020   2.9020   0.0050   0.2610      1
322569   3830.948000 7838.446000  16.8640   0.0020   2.8510   0.0160   0.2610      1
322331   3810.220000 7764.860000  17.2990   0.0090  -0.1290   0.0100   0.2610      1
321625   3749.402000 7868.087000  16.3900   0.0090   2.3320   0.0300   0.2610      1
324337   3990.428000 7787.360000  18.9000   0.0050   3.6060   0.0260   0.2580      1
320990   3695.734000 7816.904000  19.8070   0.0200  -0.4760   0.0370   0.2500      1
323491   3913.097000 7987.915000  15.9590   0.0050   2.3890   0.0060   0.2470      1
324002   3960.790000 7747.973000  17.6750   0.0020   2.5280   0.0050   0.2310      1
322147   3795.875000 8000.456000  22.4300   0.0490   0.0000   0.0750   0.2140      1
321037   3700.416000 7647.632000  22.2230   0.0440   0.0660   0.0530   0.1970      1
322582   3831.765000 7806.426000  18.6330   0.0070   2.3810   0.0360   0.4320      0
323266   3892.125000 7851.855000  18.2560   0.0180   1.6110   0.0250   0.4090      0
322202   3799.699000 7772.026000  18.3200   0.0090   1.0400   0.0230   0.4060      0
321007   3696.679000 7661.509000  19.3310   0.0120  -0.4490   0.0300   0.4060      0
322280   3806.546000 7803.714000  17.7950   0.0200   1.6210   0.0300   0.4050      0
320320   3635.209000 7887.065000  18.7790   0.0040   1.9220   0.0160   0.4040      0
323088   3876.819000 7758.585000  20.1090   0.0100   1.0590   0.0150   0.4030      0
322501   3825.102000 7690.133000  18.4550   0.0270   1.5230   0.0300   0.4010      0
321836   3767.779000 7784.946000  20.1100   0.0370   0.8860   0.0460   0.3990      0
321288   3721.822000 7756.972000  20.2800   0.0180   0.9810   0.0280   0.3840      0
321937   3776.361000 7780.875000  19.3940   0.0130   0.5120   0.0280   0.3730      0
321839   3768.332000 7758.215000  19.9750   0.0230   0.5640   0.0360   0.3700      0
321776   3762.328000 7936.534000  18.0950   0.0120   1.5060   0.0440   0.3670      0
320772   3675.469000 7802.305000  19.8870   0.0220   0.6720   0.0270   0.3670      0
321541   3742.434000 7727.268000  18.1990   0.0030   1.7490   0.0060   0.3660      0
321071   3702.946000 7780.092000  19.6190   0.0120   0.5320   0.0230   0.3650      0
322184   3798.617000 7876.689000  20.3000   0.0170   0.9590   0.0470   0.3650      0
321757   3760.718000 7797.334000  19.3550   0.0180  -0.3170   0.0320   0.3650      0
322534   3827.802000 7868.128000  19.3850   0.0120   0.2790   0.0260   0.3610      0
321798   3764.806000 7772.764000  20.4260   0.0200   0.9240   0.0350   0.3610      0
323123   3879.540000 7922.269000  20.0750   0.0080   0.6480   0.0140   0.3590      0
321143   3710.023000 7902.233000  19.0420   0.0060   1.9740   0.0290   0.3580      0
321594   3746.615000 7670.757000  19.9080   0.0090   0.7930   0.0140   0.3580      0
321739   3759.593000 7690.510000  19.4260   0.0230   0.3540   0.0240   0.3580      0
322318   3809.144000 7787.793000  20.1700   0.0140   0.9260   0.0260   0.3550      0
321210   3714.663000 7669.599000  20.3390   0.0170   1.1570   0.0240   0.3510      0
322338   3811.069000 7897.313000  18.6120   0.0090   2.1550   0.0340   0.3500      0
322493   3824.562000 7709.772000  18.8450   0.0040   2.0310   0.0130   0.3490      0
322591   3832.483000 7930.808000  19.9840   0.0160   0.5820   0.0210   0.3490      0
322086   3790.558000 7636.105000  18.9200   0.0070   1.6730   0.0180   0.3480      0
321158   3711.020000 7845.132000  18.9510   0.0090   1.6880   0.0180   0.3480      0
322732   3844.642000 7717.216000  18.9580   0.0040   1.7130   0.0200   0.3470      0
323754   3937.423000 7840.086000  18.5360   0.0060   1.6290   0.0160   0.3470      0
321160   3711.044000 7919.156000  19.9600   0.0090   0.3500   0.0110   0.3470      0
323142   3880.865000 7937.547000  18.9030   0.0040   1.6780   0.0080   0.3450      0
322457   3822.101000 7842.455000  20.0830   0.0150   1.1680   0.0620   0.3430      0
321490   3738.695000 7908.242000  18.5980   0.0040   1.6540   0.0260   0.3410      0
321918   3775.026000 7930.601000  17.4910   0.0060  -0.2430   0.0070   0.3410      0
321775   3762.313000 8001.923000  20.1420   0.0100   1.0050   0.0210   0.3410      0
321795   3764.395000 7870.261000  18.4180   0.0180   1.1520   0.0280   0.3410      0
321260   3719.119000 7836.306000  18.6730   0.0080   1.5160   0.0240   0.3380      0
320760   3674.255000 7868.990000  18.6650   0.0100   1.6570   0.0220   0.3380      0
323504   3913.801000 7720.233000  19.0270   0.0040   1.5220   0.0230   0.3370      0
323155   3881.819000 7640.818000  19.8770   0.0070   0.6380   0.0130   0.3370      0
320366   3639.104000 7724.198000  19.0470   0.0070  -0.3140   0.0110   0.3340      0
321266   3719.743000 7942.481000  18.9050   0.0040   1.6740   0.0180   0.3300      0
322048   3786.029000 7823.778000  17.2760   0.0080   1.2150   0.0140   0.3300      0
322010   3783.085000 7913.100000  18.6530   0.0060   2.1480   0.0490   0.3290      0
321443   3735.270000 7868.754000  18.6020   0.0060   1.6340   0.0270   0.3280      0
323050   3873.209000 7615.809000  19.3030   0.0070   1.2710   0.0210   0.3270      0
322215   3800.343000 7647.819000  18.6630   0.0060   1.6850   0.0090   0.3240      0
323327   3897.274000 7892.065000  19.6240   0.0080   0.3470   0.0180   0.3240      0
322182   3798.552000 7959.077000  21.7180   0.0450  -0.3480   0.0670   0.3210      0
321756   3760.676000 7720.819000  19.3740   0.0090   1.5840   0.0180   0.3200      0
321028   3699.117000 7961.373000  18.7890   0.0030   1.8290   0.0120   0.3160      0
320396   3642.113000 7676.927000  18.4640   0.0070  -0.1700   0.0090   0.3150      0
323515   3915.494000 7967.006000  20.0360   0.0130   0.5900   0.0200   0.3140      0
322448   3821.645000 7806.186000  18.7520   0.0130   2.4660   0.0670   0.3140      0
323386   3903.427000 8001.086000  21.5400   0.0340   2.5100   0.1440   0.3140      0
324037   3964.327000 7825.594000  18.8700   0.0040   1.6690   0.0160   0.3130      0
323245   3888.922000 7711.035000  20.1410   0.0110  -0.0070   0.0140   0.3130      0
324352   3991.691000 7805.824000  19.9530   0.0120   0.4020   0.0320   0.3130      0
322178   3798.380000 7662.866000  18.7580   0.0040   1.5980   0.0070   0.3090      0
321410   3732.297000 7998.887000  18.5770   0.0040   2.1030   0.0090   0.3090      0
323043   3872.723000 7783.558000  16.9030   0.0240   1.3870   0.0450   0.3090      0
322868   3856.421000 7638.810000  18.4480   0.0040  -0.1910   0.0060   0.3070      0
322106   3792.498000 7794.228000  19.0700   0.0080   1.3010   0.0180   0.3070      0
322279   3806.430000 7821.438000  19.9410   0.0310   0.9020   0.0390   0.3070      0
321213   3715.175000 7794.305000  19.9140   0.0160   0.4720   0.0280   0.3040      0
323942   3954.872000 7809.179000  17.9610   0.0050   1.8580   0.0130   0.3010      0
320638   3663.428000 7932.812000  20.6210   0.0210   0.9940   0.0280   0.3000      0
320962   3693.369000 7630.548000  19.4130   0.0060  -0.1950   0.0160   0.2980      0
321971   3779.599000 7906.259000  20.5790   0.0240   0.9860   0.0430   0.2980      0
321364   3728.740000 7698.483000  17.9110   0.0040   2.0920   0.0080   0.2970      0
322622   3834.916000 7890.262000  19.3880   0.0090   1.3510   0.0590   0.2970      0
320982   3694.830000 7777.184000  19.8710   0.0090   0.7970   0.0140   0.2950      0
323957   3956.741000 7905.930000  19.0490   0.0090  -0.2490   0.0220   0.2950      0
324548   4009.542000 7792.354000  18.7660   0.0040   1.8670   0.0100   0.2940      0
322308   3808.184000 7889.601000  18.5230   0.0120   1.2870   0.0270   0.2940      0
321309   3723.984000 7912.728000  20.4810   0.0240   1.0000   0.0370   0.2940      0
324354   3991.998000 7768.596000  19.1900   0.0050   1.4030   0.0110   0.2920      0
322767   3847.641000 7703.700000  20.3090   0.0440   0.5340   0.0470   0.2920      0
323713   3933.600000 7790.350000  20.7050   0.0160   0.6960   0.0230   0.2910      0
324066   3967.924000 7767.022000  19.2720   0.0150  -0.2610   0.0200   0.2900      0
320415   3644.669000 7747.177000  20.5520   0.0130   0.6170   0.0180   0.2890      0
322018   3783.527000 7861.256000  19.4920   0.0490   0.6520   0.0620   0.2890      0
322853   3855.012000 7699.803000  18.4480   0.0130   1.8440   0.0180   0.2870      0
322854   3855.022000 7725.455000  20.2690   0.0160   0.6190   0.0290   0.2870      0
323672   3929.494000 7956.627000  18.8210   0.0040   1.6130   0.0080   0.2860      0
320429   3645.983000 7860.759000  18.7850   0.0050   1.6450   0.0220   0.2860      0
324532   4008.010000 7861.829000  18.8710   0.0060   1.6240   0.0110   0.2860      0
324042   3964.566000 7932.648000  20.2950   0.0090   0.4970   0.0140   0.2860      0
322433   3820.459000 7850.651000  18.9430   0.0100   1.6470   0.0210   0.2860      0
323739   3936.632000 7679.108000  20.5570   0.0120   0.2620   0.0250   0.2860      0
322585   3831.950000 7968.134000  19.6210   0.0190   0.2790   0.0250   0.2860      0
320276   3631.411000 7881.098000  18.2970   0.0200   1.9090   0.0250   0.2830      0
324294   3986.965000 7702.361000  19.8410   0.0070   0.3720   0.0120   0.2820      0
321342   3726.971000 7784.899000  19.0180   0.0210   1.1010   0.0370   0.2820      0
321616   3748.596000 7769.274000  20.3060   0.0260   1.0230   0.0400   0.2820      0
320528   3654.095000 7735.407000  20.7160   0.0130   0.7030   0.0180   0.2810      0
321910   3774.435000 7862.265000  18.6090   0.0090   1.6310   0.0440   0.2800      0
323682   3930.333000 7854.129000  20.1710   0.0120   0.2960   0.0150   0.2800      0
323344   3898.756000 7954.785000  20.5350   0.0120   0.5940   0.0170   0.2800      0
320743   3673.056000 7684.548000  20.2740   0.0190   0.4360   0.0320   0.2790      0
324705   4023.644000 7840.401000  18.9010   0.0040   1.5730   0.0150   0.2780      0
321933   3776.030000 7888.205000  18.9650   0.0120   1.7520   0.0380   0.2780      0
323633   3926.845000 7911.703000  20.1500   0.0120   0.1620   0.0380   0.2780      0
320917   3689.584000 7642.437000  20.5000   0.0150   0.5750   0.0500   0.2780      0
321368   3729.229000 7919.254000  18.9780   0.0230   1.2150   0.0270   0.2770      0
322032   3785.002000 7936.615000  20.4210   0.0490   1.0480   0.0710   0.2770      0
322431   3820.250000 7750.254000  19.5760   0.0090   1.4600   0.0170   0.2760      0
321461   3737.060000 7916.649000  20.4380   0.0350   0.7810   0.0640   0.2760      0
322790   3849.804000 7817.778000  20.1460   0.0140   0.1130   0.0480   0.2750      0
321326   3725.560000 7976.804000  20.5140   0.0150   0.5310   0.0340   0.2750      0
322136   3795.021000 7813.547000  20.0320   0.0330  -0.4120   0.0520   0.2740      0
322576   3831.319000 7941.118000  20.3740   0.0340   0.6460   0.0430   0.2730      0
323179   3884.029000 7893.903000  21.1710   0.0210   1.2370   0.0430   0.2720      0
323175   3883.387000 7986.534000  20.1520   0.0180   0.3580   0.0270   0.2710      0
321678   3753.854000 7895.029000  20.4890   0.0320   0.9030   0.0610   0.2710      0
320279   3632.019000 7773.682000  20.3880   0.0340   0.5670   0.0450   0.2710      0
323909   3952.416000 7823.307000  19.6610   0.0050   1.8380   0.0140   0.2700      0
320425   3645.696000 7784.351000  20.5030   0.0180   0.5550   0.0330   0.2670      0
321248   3718.403000 7635.593000  22.2570   0.0470   0.3880   0.0640   0.2670      0
323775   3938.912000 7820.913000  18.5370   0.0040   1.7280   0.0060   0.2660      0
320787   3676.907000 7761.167000  19.2240   0.0060  -0.1780   0.0070   0.2660      0
321127   3708.067000 7955.654000  19.6650   0.0070   1.8420   0.0210   0.2660      0
321821   3766.290000 7655.190000  19.6990   0.0080   0.0520   0.0090   0.2660      0
322290   3807.245000 7792.801000  20.3340   0.0310   1.2160   0.0610   0.2660      0
320783   3676.425000 7644.774000  20.6760   0.0190   0.6850   0.0280   0.2650      0
320893   3687.623000 7897.396000  20.1420   0.0190   0.2060   0.0590   0.2650      0
321058   3702.179000 7793.659000  20.2310   0.0110   0.2260   0.0280   0.2640      0
321787   3763.279000 7924.163000  20.3190   0.0200   0.4960   0.0350   0.2630      0
322826   3852.824000 7939.041000  20.2220   0.0100   0.3350   0.0130   0.2620      0
321861   3769.908000 7874.368000  17.6570   0.0110   1.1920   0.0190   0.2620      0
322118   3793.773000 7983.588000  20.3260   0.0140   0.7530   0.0210   0.2620      0
324433   3998.510000 7835.229000  20.4330   0.0180   0.5800   0.0210   0.2620      0
321235   3717.269000 7779.360000  18.4830   0.0050   1.8620   0.0130   0.2610      0
323118   3879.328000 7646.871000  20.5280   0.0190   0.5110   0.0250   0.2610      0
322386   3816.117000 8002.892000  18.9610   0.0060   0.0110   0.0120   0.2600      0
320224   3626.104000 7888.321000  20.3390   0.0110   0.0270   0.0160   0.2600      0
323113   3878.716000 7669.910000  19.1550   0.0040   1.8580   0.0110   0.2590      0
320580   3659.201000 7921.595000  17.7440   0.0050   2.5140   0.0090   0.2590      0
323416   3905.673000 7910.581000  21.1800   0.0290   1.2500   0.0510   0.2590      0
322998   3868.800000 7695.828000  18.5290   0.0050  -0.2110   0.0060   0.2580      0
323333   3897.732000 7643.313000  19.0940   0.0050   0.0240   0.0080   0.2580      0
321111   3706.579000 7810.115000  20.4400   0.0280   1.0900   0.0440   0.2580      0
323902   3951.727000 7729.715000  16.9390   0.0030  -0.3750   0.0240   0.2570      0
322223   3801.123000 7985.012000  20.3700   0.0140   0.4960   0.0210   0.2570      0
320829   3680.865000 7966.672000  20.1350   0.0160  -0.4650   0.0460   0.2570      0
322882   3857.725000 7680.129000  20.8980   0.0230  -0.0760   0.0470   0.2570      0
322169   3797.448000 7809.185000  19.0320   0.0240   1.8290   0.0450   0.2570      0
322050   3786.046000 7784.423000  19.1500   0.0340   1.5280   0.0470   0.2570      0
324009   3961.806000 7699.533000  17.1850   0.0020   2.6220   0.0050   0.2560      0
322757   3846.789000 7749.744000  18.5580   0.0040   1.4690   0.0230   0.2560      0
323637   3927.076000 7769.891000  19.7870   0.0070   0.3640   0.0110   0.2560      0
321886   3771.916000 7927.541000  18.6600   0.0130   1.6800   0.0350   0.2560      0
320107   3615.397000 7846.520000  20.9160   0.0250  -0.0230   0.0410   0.2560      0
321468   3737.625000 7959.565000  20.3670   0.0130   0.4190   0.0160   0.2540      0
322241   3802.599000 7893.303000  17.8640   0.0040   2.5050   0.0210   0.2530      0
320912   3689.233000 7907.754000  18.9890   0.0170   1.3020   0.0350   0.2530      0
322523   3827.075000 7829.552000  19.7700   0.0400   0.4150   0.0620   0.2530      0
323556   3919.927000 7909.520000  17.8640   0.0030  -0.3050   0.0050   0.2520      0
322637   3836.267000 7797.791000  19.5610   0.0110   0.1890   0.0190   0.2520      0
323804   3942.148000 7808.611000  20.6900   0.0170   0.6390   0.0210   0.2520      0
321868   3770.655000 7723.335000  20.3540   0.0340   0.5000   0.0430   0.2520      0
320260   3629.752000 7851.904000  20.4030   0.0350   0.7250   0.0440   0.2520      0
322387   3816.169000 7689.958000  18.9980   0.0060  -0.4280   0.0130   0.2510      0
321729   3758.498000 7783.630000  20.0620   0.0290   0.7410   0.0330   0.2510      0
322458   3822.120000 7657.122000  20.4190   0.0480   0.8850   0.0540   0.2510      0
320431   3646.011000 7884.894000  16.3710   0.0040  -0.3200   0.0200   0.2500      0
320799   3678.064000 7911.216000  18.8230   0.0040   1.9410   0.0120   0.2490      0
322813   3851.406000 7866.424000  16.9780   0.0030   2.7950   0.0090   0.2480      0
322885   3858.376000 7612.178000  18.7340   0.0080   1.1880   0.0280   0.2480      0
324363   3992.634000 7728.200000  20.5860   0.0190   0.5970   0.0250   0.2480      0
320657   3665.411000 7789.632000  20.1250   0.0130   0.0390   0.0270   0.2470      0
323084   3876.422000 7802.992000  20.3550   0.0140   0.7380   0.0250   0.2470      0
322550   3828.721000 8006.723000  20.5590   0.0150   0.4840   0.0210   0.2460      0
322084   3790.095000 7720.749000  20.5980   0.0160   0.4760   0.0230   0.2460      0
320995   3696.015000 7897.709000  20.3470   0.0170   0.4710   0.0370   0.2460      0
321422   3733.289000 7618.008000  20.1270   0.0120   0.4220   0.0190   0.2450      0
320480   3650.068000 7804.037000  20.6150   0.0130   0.4980   0.0180   0.2450      0
321359   3728.345000 7725.758000  20.5760   0.0170   0.2670   0.0300   0.2450      0
323668   3928.971000 7738.227000  21.3130   0.0170   1.7780   0.0490   0.2450      0
324136   3973.247000 7887.783000  20.3650   0.0110   0.7340   0.0140   0.2440      0
320379   3640.833000 7772.341000  19.9890   0.0160   0.4030   0.0450   0.2440      0
322373   3815.201000 7617.053000  19.0230   0.0220   1.7750   0.0240   0.2440      0
323907   3952.086000 7919.715000  20.4590   0.0310   1.1140   0.0430   0.2430      0
321312   3724.201000 7734.539000  18.8330   0.0040   1.7820   0.0090   0.2420      0
322156   3796.444000 7821.492000  19.1600   0.0110   0.1350   0.0260   0.2420      0
322590   3832.449000 7674.729000  20.5650   0.0130   0.5840   0.0170   0.2420      0
322769   3847.667000 7787.438000  17.5320   0.0030   2.5010   0.0200   0.2410      0
320243   3628.235000 7866.289000  19.7860   0.0080  -0.1950   0.0130   0.2410      0
320626   3662.573000 7708.428000  19.9650   0.0340   1.1800   0.0380   0.2410      0
322662   3838.727000 8017.721000  19.3810   0.0140  -0.0050   0.0150   0.2400      0
320804   3678.426000 7835.642000  19.9250   0.0170   0.3870   0.0310   0.2400      0
322989   3868.007000 7960.950000  16.7790   0.0030   2.5100   0.0050   0.2390      0
321370   3729.307000 7686.972000  18.3480   0.0030   2.2500   0.0090   0.2390      0
324075   3968.554000 7956.891000  18.0850   0.0040  -0.0220   0.0050   0.2390      0
322482   3823.593000 7950.729000  18.3060   0.0040   2.3290   0.0150   0.2390      0
321609   3748.066000 7612.299000  18.7220   0.0040   1.6400   0.0200   0.2390      0
322198   3799.496000 7974.154000  17.4410   0.0020   2.1290   0.0050   0.2380      0
324758   4027.841000 7815.680000  18.8700   0.0040   1.5910   0.0080   0.2380      0
319914   3598.286000 7818.552000  18.7860   0.0080   1.6750   0.0220   0.2380      0
323701   3932.245000 7951.915000  19.4880   0.0090   0.2010   0.0100   0.2380      0
323464   3910.388000 7892.804000  18.8060   0.0160   1.6410   0.0180   0.2380      0
320763   3674.650000 7862.140000  18.8470   0.0040   1.8880   0.0130   0.2370      0
323559   3920.530000 7750.216000  20.1080   0.0080   0.1580   0.0140   0.2370      0
321112   3706.713000 7770.881000  20.3050   0.0130   2.1350   0.0570   0.2360      0
320564   3657.682000 7730.212000  20.7030   0.0150   0.3830   0.0190   0.2360      0
320309   3634.541000 7746.249000  20.7040   0.0190   0.6410   0.0250   0.2360      0
324640   4016.609000 7837.513000  21.2920   0.0260  -0.1190   0.0550   0.2360      0
322256   3804.618000 7938.832000  20.5380   0.0530   0.7260   0.0590   0.2360      0
320764   3674.688000 7829.973000  17.0630   0.0030   2.2410   0.0050   0.2350      0
321308   3723.933000 7649.823000  19.7020   0.0130   1.4520   0.0180   0.2350      0
322849   3854.749000 7720.167000  20.6080   0.0160   0.6130   0.0230   0.2350      0
321526   3741.043000 7821.291000  17.7460   0.0470   1.7620   0.0500   0.2350      0
323278   3892.966000 7819.938000  20.7090   0.0150   0.3900   0.0270   0.2340      0
322301   3807.806000 7812.808000  20.3020   0.0420   1.1450   0.0630   0.2340      0
321070   3702.877000 7850.798000  18.7420   0.0110   1.6380   0.0300   0.2330      0
323916   3953.269000 7652.454000  20.6870   0.0130   0.3080   0.0180   0.2330      0
322902   3859.573000 7792.529000  19.6020   0.0450   0.2380   0.0460   0.2320      0
323881   3949.293000 7924.555000  20.4420   0.0200   0.6410   0.0290   0.2310      0
321485   3738.314000 7970.455000  19.7240   0.0210   1.4590   0.0290   0.2310      0
322735   3844.800000 7664.880000  20.6990   0.0260   0.5780   0.0300   0.2310      0
321631   3749.878000 7789.765000  17.1170   0.0030   2.7810   0.0160   0.2290      0
322394   3816.727000 7744.832000  20.3670   0.0170   0.6810   0.0510   0.2290      0
320949   3692.277000 7926.741000  20.6160   0.0170   0.5880   0.0270   0.2280      0
324717   4024.394000 7800.918000  21.1220   0.0190   0.8430   0.0300   0.2280      0
322972   3866.624000 7760.234000  21.1730   0.0220   2.2630   0.1070   0.2280      0
321396   3731.125000 7827.407000  19.3220   0.0140  -0.0360   0.0210   0.2270      0
323688   3930.939000 7987.097000  17.5810   0.0020   2.3720   0.0100   0.2250      0
323649   3927.893000 7715.415000  19.1240   0.0050  -0.0350   0.0060   0.2250      0
322094   3791.421000 7978.109000  20.7650   0.0250   0.3900   0.0300   0.2250      0
324022   3962.848000 7785.404000  18.5800   0.0030   1.8810   0.0080   0.2240      0
322687   3840.740000 7864.221000  18.9960   0.0340   1.5810   0.0500   0.2240      0
324062   3967.573000 7689.589000  18.1220   0.0040  -0.3150   0.0050   0.2220      0
321681   3754.213000 7969.219000  18.6760   0.0040   1.7770   0.0060   0.2220      0
322644   3837.042000 7906.943000  18.0490   0.0040  -0.1930   0.0100   0.2220      0
323184   3884.637000 7841.481000  18.7360   0.0050   1.7940   0.0090   0.2220      0
322300   3807.598000 7880.292000  18.1460   0.0220   1.8570   0.0390   0.2220      0
322598   3833.301000 7650.313000  20.3570   0.0130   0.0410   0.0200   0.2210      0
323600   3924.065000 7680.702000  20.6520   0.0130   0.6440   0.0220   0.2210      0
321432   3734.040000 7668.904000  20.3430   0.0190   0.4210   0.0330   0.2210      0
322042   3785.760000 7845.956000  19.1860   0.0210   0.0800   0.0580   0.2210      0
324239   3981.935000 7690.970000  21.2700   0.0220   1.2780   0.0400   0.2210      0
322380   3815.806000 7956.036000  21.2690   0.0240   1.2510   0.0480   0.2210      0
320659   3665.499000 7893.640000  17.2320   0.0040   2.4920   0.0080   0.2200      0
322225   3801.331000 7949.701000  19.4120   0.0060   0.0480   0.0120   0.2200      0
323471   3911.221000 7803.093000  20.1350   0.0090   1.1610   0.0210   0.2200      0
322509   3825.939000 7810.584000  16.1880   0.0110   3.1750   0.0140   0.2200      0
320000   3605.440000 7793.763000  16.0450   0.0070   3.3310   0.0080   0.2190      0
323921   3953.792000 7740.661000  18.6290   0.0040   1.7840   0.0130   0.2180      0
323686   3930.844000 7848.867000  19.6580   0.0110  -0.0590   0.0150   0.2180      0
323280   3893.045000 7793.154000  20.7710   0.0170   0.3620   0.0240   0.2180      0
323575   3921.693000 7719.208000  20.7150   0.0210   0.5680   0.0360   0.2180      0
322366   3814.514000 7814.646000  20.4010   0.0430   0.8420   0.0640   0.2180      0
324240   3982.087000 7759.282000  20.5720   0.0140   0.4680   0.0330   0.2170      0
320925   3689.869000 7743.722000  20.6670   0.0200   0.5940   0.0240   0.2170      0
320617   3661.739000 7764.324000  18.1760   0.0070  -0.2060   0.0100   0.2160      0
320952   3692.381000 7789.884000  20.9130   0.0170   0.1320   0.0220   0.2160      0
323012   3869.858000 7817.117000  20.6910   0.0170   0.2690   0.0320   0.2160      0
321491   3738.739000 8003.059000  19.1510   0.0040  -0.1600   0.0060   0.2150      0
323683   3930.352000 7796.877000  20.0300   0.0080   0.8100   0.0110   0.2150      0
322947   3863.822000 7943.698000  20.7320   0.0240   0.6240   0.0310   0.2140      0
321921   3775.183000 7671.027000  19.9720   0.0080   0.6360   0.0100   0.2130      0
321645   3750.752000 7708.744000  18.7890   0.0050   1.4330   0.0090   0.2120      0
323406   3904.687000 7860.385000  21.1100   0.0240   0.8150   0.0360   0.2120      0
323724   3934.524000 7827.063000  21.1210   0.0250   0.8580   0.0310   0.2110      0
320817   3679.668000 7853.180000  21.1310   0.0430   1.2390   0.0620   0.2110      0
321705   3756.170000 7648.270000  20.6950   0.0130   0.5360   0.0210   0.2100      0
321672   3753.093000 7685.847000  20.1570   0.0280   0.4180   0.0290   0.2100      0
324360   3992.328000 7820.477000  18.7830   0.0030   1.7790   0.0090   0.2090      0
322921   3861.070000 7719.967000  18.4810   0.0040   2.1040   0.0080   0.2090      0
321109   3706.504000 7840.579000  20.2220   0.0280   0.4620   0.0450   0.2090      0
320126   3616.679000 7765.833000  18.2430   0.0030   2.1830   0.0080   0.2080      0
323172   3883.238000 7736.800000  20.6730   0.0200   0.7240   0.0420   0.2080      0
320572   3658.387000 7894.903000  20.6090   0.0220   0.5440   0.0300   0.2080      0
321980   3780.517000 7827.722000  18.7800   0.0120   2.0380   0.0360   0.2070      0
323276   3892.890000 7754.522000  21.4470   0.0220   0.0990   0.0330   0.2070      0
320434   3646.391000 7931.034000  20.6330   0.0290   0.4860   0.0400   0.2070      0
321577   3745.613000 7626.020000  18.8370   0.0070   1.6920   0.0150   0.2050      0
320660   3665.531000 7743.125000  20.7380   0.0150   0.5580   0.0200   0.2050      0
320623   3662.287000 7684.434000  20.6850   0.0160   0.5410   0.0230   0.2050      0
323078   3875.908000 7845.386000  20.4880   0.0190   1.3870   0.0330   0.2050      0
321632   3749.964000 7760.985000  17.9970   0.0040   2.2250   0.0160   0.2040      0
321590   3746.337000 7701.707000  18.7930   0.0070   1.7010   0.0170   0.2040      0
321431   3733.929000 7751.770000  19.6270   0.0100  -0.0210   0.0210   0.2040      0
321786   3763.263000 7704.696000  21.8870   0.0450   1.6920   0.1140   0.2040      0
322871   3856.648000 7771.927000  20.6220   0.0530   0.4920   0.0570   0.2040      0
320882   3685.881000 7682.473000  21.1970   0.0310   0.0110   0.0390   0.2030      0
322914   3860.500000 7839.375000  19.0280   0.0110   0.1710   0.0200   0.2020      0
323750   3937.076000 7759.213000  20.0070   0.0110   1.8060   0.0230   0.2010      0
321019   3698.042000 7682.832000  20.5530   0.0450   0.9350   0.0620   0.2010      0
321782   3762.945000 8010.118000  20.5530   0.0120   0.5450   0.0170   0.2000      0
322120   3793.827000 7682.971000  20.6490   0.0200   0.4240   0.0290   0.2000      0
322201   3799.670000 7629.630000  20.7650   0.0250   0.4000   0.0620   0.1990      0
322228   3801.728000 7725.139000  21.1350   0.0270   0.8220   0.0430   0.1990      0
321670   3752.975000 7990.248000  20.5470   0.0170   0.4460   0.0690   0.1980      0
323395   3903.989000 7901.523000  20.5720   0.0280   0.2640   0.0470   0.1980      0
320620   3662.125000 7782.297000  20.7940   0.0170   0.3880   0.0410   0.1970      0
321859   3769.827000 7621.439000  19.7740   0.0200  -0.0560   0.0210   0.1970      0
321361   3728.539000 7678.978000  21.1170   0.0300   0.8070   0.0480   0.1970      0
321684   3754.364000 7696.244000  20.6420   0.0310   0.5680   0.0450   0.1970      0
323168   3882.727000 7885.325000  19.5480   0.0100   0.0740   0.0120   0.1950      0
324297   3987.093000 7864.172000  20.8740   0.0110   1.3320   0.0320   0.1950      0
321004   3696.605000 7913.364000  20.7200   0.0170   0.3250   0.0230   0.1950      0
324372   3993.416000 7850.934000  20.6750   0.0180   0.4220   0.0340   0.1950      0
322362   3814.107000 7729.774000  21.8870   0.0470   1.6580   0.1040   0.1950      0
324516   4006.822000 7740.155000  20.4980   0.0090   0.3770   0.0130   0.1940      0
320462   3649.083000 7798.702000  20.8310   0.0140   0.5600   0.0240   0.1940      0
323857   3947.219000 7829.100000  20.9570   0.0170   0.5770   0.0220   0.1940      0
323664   3928.687000 7629.303000  20.4230   0.0220  -0.1180   0.0230   0.1940      0
321866   3770.509000 7897.492000  20.6210   0.0310   1.1170   0.0580   0.1940      0
321764   3761.245000 7815.246000  18.4060   0.0390   1.6380   0.0540   0.1940      0
320547   3656.346000 7868.322000  20.7840   0.0150   0.0640   0.0260   0.1930      0
322665   3839.015000 7645.848000  21.2380   0.0200   1.3520   0.0400   0.1930      0
320313   3634.909000 7760.782000  20.7270   0.0230   0.7360   0.0300   0.1930      0
320950   3692.299000 7873.084000  19.6660   0.0330   0.2940   0.0550   0.1930      0
320965   3693.776000 7754.420000  21.1030   0.0290   0.8170   0.0600   0.1920      0
321470   3737.794000 7926.423000  20.6850   0.0310   0.2920   0.0400   0.1920      0
322073   3788.482000 7967.729000  20.3800   0.0190   0.3940   0.0290   0.1900      0
321889   3772.132000 7830.781000  18.9640   0.0310   2.1990   0.0620   0.1900      0
323991   3959.890000 7942.371000  21.0900   0.0320   0.8270   0.0360   0.1900      0
321935   3776.298000 7630.741000  20.7720   0.0150   0.4980   0.0180   0.1890      0
320295   3633.404000 7861.321000  21.1130   0.0230   0.7650   0.0300   0.1890      0
322785   3849.145000 7615.943000  22.2890   0.0620   0.4800   0.0790   0.1890      0
322865   3856.295000 7753.786000  22.4050   0.0630   0.3580   0.0800   0.1890      0
323392   3903.901000 7805.477000  20.7920   0.0130   0.5230   0.0200   0.1870      0
322475   3822.955000 7626.445000  20.5660   0.0160   0.7290   0.0230   0.1870      0
321425   3733.813000 7799.360000  18.7440   0.0080   1.6400   0.0450   0.1860      0
320714   3670.741000 7771.724000  20.0460   0.0100   0.1920   0.0140   0.1860      0
320237   3627.651000 7705.143000  21.0890   0.0160   0.7340   0.0240   0.1860      0
321624   3749.368000 7937.074000  20.7470   0.0210   0.4430   0.0320   0.1860      0
324524   4007.308000 7770.286000  20.5410   0.0120   1.7100   0.0290   0.1850      0
320566   3657.974000 7815.735000  20.4430   0.0180   0.4230   0.0280   0.1850      0
320536   3654.921000 7794.656000  20.6810   0.0420   0.4410   0.0520   0.1850      0
321901   3773.935000 7852.276000  18.7860   0.0200   1.8060   0.0560   0.1840      0
322549   3828.543000 7737.614000  21.6310   0.0580   1.6790   0.0910   0.1840      0
324095   3969.973000 7785.007000  20.5960   0.0140   0.7460   0.0180   0.1830      0
323178   3883.961000 7858.759000  17.9880   0.0140   2.0310   0.0210   0.1820      0
323759   3937.639000 7859.281000  20.6270   0.0170   0.4180   0.0230   0.1820      0
322157   3796.464000 7799.484000  20.6690   0.0210   0.7400   0.0420   0.1820      0
322078   3788.922000 7678.183000  20.5240   0.0230   1.3080   0.0350   0.1810      0
323502   3913.709000 7709.038000  20.0780   0.0370   0.4840   0.0420   0.1810      0
323070   3874.675000 7833.715000  19.6950   0.0230   0.0900   0.0280   0.1800      0
321494   3739.094000 7617.042000  18.7360   0.0040   1.9350   0.0110   0.1790      0
322821   3852.315000 7907.248000  19.9690   0.0090   0.7410   0.0120   0.1790      0
322087   3790.578000 7906.972000  18.8510   0.0120   1.7090   0.0360   0.1790      0
321960   3778.623000 7641.177000  21.5220   0.0230   0.6110   0.0350   0.1790      0
321944   3776.948000 7742.560000  20.7400   0.0240   0.5230   0.0640   0.1790      0
321247   3718.312000 7825.642000  20.7180   0.0430   0.2880   0.0640   0.1790      0
322446   3821.552000 7768.163000  19.5670   0.0170   0.3560   0.0410   0.1780      0
322935   3862.489000 7628.988000  21.2220   0.0190   0.9040   0.0310   0.1780      0
323041   3872.572000 7728.058000  20.6470   0.0410   0.2260   0.0440   0.1780      0
324625   4015.343000 7745.468000  20.7290   0.0140   0.9770   0.0230   0.1770      0
322739   3845.048000 7655.209000  21.0860   0.0220   0.7470   0.0340   0.1760      0
321947   3777.270000 7722.142000  20.9590   0.0270   0.1260   0.0490   0.1760      0
324097   3970.191000 7702.750000  20.9460   0.0190   0.5680   0.0250   0.1750      0
322303   3807.812000 7706.347000  20.5550   0.0190   0.7500   0.0280   0.1750      0
323557   3920.212000 7638.979000  21.8130   0.0380   0.4290   0.0640   0.1740      0
321617   3748.787000 7962.387000  20.4980   0.0500   0.4530   0.0530   0.1740      0
324479   4003.979000 7796.527000  20.2220   0.0130   1.4660   0.0320   0.1730      0
321238   3717.604000 7990.562000  20.6960   0.0130   1.0720   0.0210   0.1720      0
321412   3732.344000 7735.835000  20.5210   0.0490   0.4360   0.0500   0.1720      0
320693   3668.800000 7807.992000  19.5580   0.0050  -0.0480   0.0080   0.1710      0
322015   3783.288000 7987.672000  21.7360   0.0310   0.4930   0.0570   0.1710      0
322948   3863.861000 7953.610000  20.8180   0.0330   0.5720   0.0360   0.1710      0
323124   3879.583000 7852.631000  20.5380   0.0390   0.8600   0.0460   0.1710      0
320454   3648.093000 7878.077000  19.4280   0.0140  -0.0240   0.0460   0.1700      0
324073   3968.357000 7752.281000  21.2280   0.0200   0.9130   0.0320   0.1700      0
324067   3968.054000 7745.780000  21.0750   0.0240   0.8740   0.0420   0.1700      0
323114   3878.773000 7945.535000  21.8870   0.0520   0.3300   0.0630   0.1700      0
321042   3700.925000 7773.592000  21.1430   0.0210   0.8860   0.0400   0.1690      0
320651   3664.773000 7883.216000  21.4290   0.0380   1.2370   0.0740   0.1690      0
321845   3768.696000 7735.993000  20.5750   0.0530   0.9320   0.0700   0.1690      0
321948   3777.333000 7920.817000  20.7180   0.0510   0.2760   0.0570   0.1680      0
322529   3827.347000 7636.198000  20.6500   0.0200  -0.0580   0.0220   0.1670      0
321115   3707.282000 7894.255000  20.7410   0.0220   0.7190   0.0500   0.1670      0
320880   3685.667000 7734.331000  20.8150   0.0300   0.4740   0.0450   0.1670      0
322690   3840.932000 7602.531000  19.9380   0.0100   1.3750   0.0160   0.1660      0
323932   3954.297000 7778.763000  20.8030   0.0130   1.4160   0.0300   0.1660      0
322617   3834.421000 7597.248000  20.6380   0.0160   0.7340   0.0210   0.1660      0
320614   3661.595000 7738.027000  20.3110   0.0230   0.3630   0.0320   0.1660      0
321101   3705.508000 7926.150000  20.8100   0.0510   0.4510   0.0540   0.1660      0
322763   3847.183000 7995.066000  20.5540   0.0260   1.4800   0.0340   0.1650      0
320319   3635.098000 7801.365000  21.2250   0.0260   0.8830   0.0370   0.1650      0
323396   3904.016000 7916.959000  21.9690   0.0440   1.7050   0.1070   0.1650      0
320709   3670.128000 7705.694000  19.9780   0.0120   0.2240   0.0520   0.1640      0
321418   3732.763000 7636.057000  21.4810   0.0240   1.1730   0.0640   0.1640      0
320963   3693.579000 7689.448000  21.7130   0.0410   0.4440   0.0520   0.1640      0
322721   3843.798000 7686.923000  21.4170   0.0820   0.0320   0.0910   0.1640      0
320278   3631.814000 7738.351000  20.9610   0.0140   0.8180   0.0230   0.1630      0
321186   3713.067000 7651.157000  20.9440   0.0170   0.7700   0.0240   0.1630      0
320459   3648.540000 7832.910000  20.4480   0.0280   0.4870   0.0340   0.1630      0
323445   3908.190000 7668.249000  20.7750   0.0180   0.6460   0.0250   0.1620      0
324266   3983.898000 7838.427000  21.2060   0.0180   1.0320   0.0300   0.1620      0
320354   3638.218000 7931.050000  20.6050   0.0220   0.4170   0.0310   0.1620      0
323660   3928.339000 7874.145000  20.7720   0.0280   0.6320   0.0430   0.1620      0
324482   4004.196000 7899.155000  20.4870   0.0290   0.4530   0.0340   0.1620      0
324707   4023.863000 7857.644000  21.5210   0.0290   0.5900   0.0400   0.1620      0
324226   3981.222000 7811.865000  19.5280   0.0060   1.8400   0.0130   0.1610      0
321469   3737.789000 7786.700000  19.9760   0.0200   0.2020   0.0390   0.1610      0
324602   4014.480000 7863.503000  20.4780   0.0390   0.4430   0.0410   0.1610      0
320574   3658.579000 7886.141000  20.8270   0.0370   0.4400   0.0480   0.1600      0
323912   3952.705000 7703.396000  21.8020   0.0420   0.4970   0.0510   0.1600      0
323219   3887.145000 7725.886000  20.5580   0.0430   0.2700   0.0610   0.1600      0
321714   3756.937000 8008.006000  20.8270   0.0140   0.3370   0.0220   0.1590      0
324071   3968.179000 7797.589000  20.3550   0.0160   0.2980   0.0390   0.1590      0
322110   3792.813000 7708.145000  21.4900   0.0240   1.3770   0.0820   0.1590      0
322771   3847.907000 7644.396000  20.8930   0.0130   1.7220   0.0410   0.1580      0
323290   3894.201000 8004.730000  20.4510   0.0180   0.3220   0.0240   0.1580      0
321023   3698.621000 7750.459000  19.8320   0.0230   0.2880   0.0370   0.1580      0
320537   3654.992000 7757.752000  20.8460   0.0260   0.5730   0.0300   0.1570      0
321045   3701.114000 7702.732000  22.2180   0.1060   0.3880   0.1210   0.1570      0
324255   3983.354000 7776.175000  21.7520   0.0300   0.5270   0.0550   0.1550      0
321954   3778.063000 7737.379000  20.4030   0.0140   0.1820   0.0210   0.1540      0
323872   3948.683000 7913.117000  21.1840   0.0220   0.8560   0.0440   0.1530      0
324611   4014.822000 7871.621000  21.2410   0.0170   0.8440   0.0290   0.1520      0
321263   3719.516000 7640.616000  21.1850   0.0170   0.8900   0.0300   0.1520      0
323364   3901.151000 7669.718000  21.1430   0.0160   0.7570   0.0290   0.1510      0
321206   3714.175000 7685.465000  21.0720   0.0210   1.1720   0.0460   0.1510      0
322427   3819.771000 7923.791000  20.6180   0.0320   0.1790   0.0380   0.1510      0
322628   3835.073000 7727.491000  20.0940   0.0420   0.2800   0.0440   0.1510      0
322432   3820.402000 7915.618000  19.9870   0.0100   1.5740   0.0580   0.1490      0
321172   3712.313000 7802.128000  20.8240   0.0170   1.8400   0.0730   0.1490      0
322728   3844.331000 7729.474000  20.3450   0.0180   0.2640   0.0320   0.1490      0
323906   3952.005000 7881.795000  20.9680   0.0200   0.8010   0.0340   0.1490      0
320700   3669.340000 7801.517000  21.0610   0.0210   0.7680   0.0320   0.1490      0
323870   3948.533000 7789.824000  21.4460   0.0260   1.1260   0.0440   0.1490      0
323415   3905.610000 7817.601000  20.1770   0.0100   0.5250   0.0260   0.1480      0
321608   3748.035000 7971.930000  20.5990   0.0190   1.3630   0.0270   0.1480      0
323341   3898.103000 7718.943000  20.7610   0.0130   0.7430   0.0210   0.1470      0
320769   3675.102000 7747.303000  20.9840   0.0190   1.2620   0.0430   0.1470      0
323147   3881.435000 7972.320000  21.1460   0.0200   1.1240   0.0350   0.1470      0
323465   3910.396000 7844.282000  21.1310   0.0710   0.9180   0.0740   0.1470      0
322020   3783.716000 7595.550000  19.8140   0.0070   1.6590   0.0150   0.1460      0
320675   3667.010000 7868.525000  20.3560   0.0110   0.8220   0.0280   0.1460      0
322964   3865.343000 7923.411000  20.8560   0.0200   0.5130   0.0470   0.1450      0
321375   3729.574000 7905.111000  21.1210   0.0220   0.9490   0.0450   0.1450      0
320922   3689.695000 7922.458000  20.9550   0.0280   0.5940   0.0350   0.1450      0
323711   3933.368000 7751.161000  21.4590   0.0620   1.2050   0.0720   0.1450      0
323265   3891.996000 7970.091000  21.0150   0.0160   0.5450   0.0240   0.1440      0
321330   3725.877000 7990.285000  21.0730   0.0170   0.7090   0.0250   0.1440      0
320444   3646.993000 7760.312000  21.1880   0.0210   1.0440   0.0410   0.1440      0
322768   3847.649000 7769.667000  21.0570   0.0230   0.8140   0.0420   0.1440      0
320195   3622.988000 7778.630000  21.5270   0.0330   0.6320   0.0470   0.1440      0
322527   3827.162000 7753.790000  19.4950   0.0110   1.5710   0.0340   0.1430      0
324380   3994.743000 7883.421000  20.9550   0.0130   1.0480   0.0260   0.1430      0
323626   3926.061000 7703.122000  19.5980   0.0090   1.5870   0.0130   0.1420      0
322705   3842.418000 7843.545000  19.2770   0.0110   1.6190   0.0360   0.1420      0
321516   3740.365000 7605.251000  20.8240   0.0160   0.3100   0.0280   0.1420      0
323940   3954.821000 7666.537000  21.1700   0.0210   0.2950   0.0250   0.1420      0
322196   3799.354000 7756.000000  20.2140   0.0210   0.0360   0.0310   0.1420      0
322660   3838.257000 7947.558000  22.0400   0.0410   1.3350   0.0780   0.1420      0
320993   3695.918000 7796.974000  21.1740   0.0220   0.8010   0.0500   0.1410      0
320117   3615.815000 7802.679000  21.0180   0.0270   1.0210   0.0360   0.1410      0
324582   4012.930000 7730.928000  22.0280   0.0320   1.3860   0.0830   0.1410      0
320600   3660.911000 7940.048000  20.2940   0.0140   1.7100   0.0390   0.1400      0
322026   3784.096000 7634.065000  20.0800   0.0150   0.4760   0.0180   0.1400      0
322034   3785.244000 7995.114000  21.0400   0.0160   0.4550   0.0240   0.1400      0
321668   3752.893000 7795.991000  20.3820   0.0280   0.2950   0.0550   0.1400      0
321341   3726.947000 7645.550000  21.1970   0.0410   0.9400   0.0470   0.1400      0
323897   3950.954000 7747.994000  21.6880   0.0380   0.4530   0.0560   0.1390      0
323621   3925.745000 7930.178000  20.6060   0.0170   0.6900   0.0210   0.1380      0
324340   3990.622000 7870.274000  21.0630   0.0270   0.1390   0.0320   0.1380      0
324005   3961.118000 7844.086000  20.9930   0.0190   1.6450   0.0390   0.1370      0
322417   3818.387000 7974.391000  21.2090   0.0230   0.8100   0.0340   0.1370      0
321950   3777.644000 7619.480000  20.9460   0.0270   0.7610   0.0390   0.1370      0
320845   3683.178000 7796.471000  20.9650   0.0270   0.1800   0.0570   0.1370      0
324273   3984.970000 7857.787000  21.2190   0.0310   1.0320   0.0370   0.1370      0
323812   3942.866000 7689.389000  21.1050   0.0480   0.9590   0.0620   0.1370      0
321827   3766.821000 7833.146000  18.6300   0.0100   1.8290   0.0400   0.1350      0
322634   3836.130000 7982.440000  21.5210   0.0430   0.2070   0.0490   0.1350      0
321212   3714.927000 7715.581000  22.0650   0.0450   1.3500   0.1000   0.1350      0
324033   3964.115000 7730.615000  21.7770   0.0620   0.3060   0.0750   0.1350      0
324618   4015.148000 7801.963000  21.8420   0.0270   1.5550   0.0800   0.1340      0
324000   3960.396000 7711.391000  21.0490   0.0330   1.0700   0.0410   0.1340      0
322795   3850.283000 7605.105000  21.8110   0.0330   0.6710   0.0530   0.1340      0
323966   3957.568000 7827.791000  21.8090   0.0350   0.6960   0.0510   0.1340      0
323417   3905.789000 7839.359000  20.9740   0.0390   1.2440   0.0460   0.1340      0
324081   3968.895000 7718.607000  22.0630   0.0400   1.2340   0.0770   0.1340      0
320438   3646.609000 7703.658000  21.6510   0.0320   1.2880   0.0540   0.1330      0
323244   3888.836000 7990.740000  21.0480   0.0390   0.8540   0.0440   0.1330      0
322668   3839.497000 7740.479000  19.8940   0.0070   1.6310   0.0170   0.1320      0
322700   3841.613000 7678.017000  21.3510   0.0160   0.4040   0.0260   0.1320      0
324302   3987.496000 7757.315000  20.9610   0.0210   0.7360   0.0300   0.1310      0
321290   3721.919000 7664.090000  21.0210   0.0210   0.5280   0.0370   0.1310      0
322497   3824.747000 7724.736000  20.7210   0.0240   1.3440   0.0380   0.1310      0
324368   3992.936000 7778.235000  20.3340   0.0430  -0.0990   0.0440   0.1310      0
323855   3947.081000 7872.656000  21.7790   0.0380   0.5910   0.0600   0.1290      0
320684   3667.900000 7752.186000  21.3780   0.0200   0.8160   0.0360   0.1280      0
323057   3873.524000 7667.551000  22.7160   0.0760   0.8230   0.1150   0.1280      0
321344   3727.270000 7622.610000  22.6560   0.0650   0.7710   0.1030   0.1270      0
322057   3786.683000 7805.516000  18.8330   0.0120   1.3700   0.0290   0.1260      0
321299   3722.594000 7745.127000  21.2650   0.0220   0.7880   0.0440   0.1260      0
323820   3943.544000 7702.977000  21.8650   0.0310   0.7540   0.0510   0.1260      0
324648   4017.258000 7772.675000  21.2550   0.0320   0.9430   0.0600   0.1260      0
322751   3846.281000 7988.409000  21.8400   0.0390   0.6930   0.0600   0.1260      0
322682   3840.450000 8009.941000  21.2830   0.0210   0.7590   0.0340   0.1250      0
319997   3605.262000 7753.569000  20.8810   0.0210   0.4930   0.0350   0.1250      0
323099   3877.792000 7967.576000  21.2800   0.0240   0.8070   0.0320   0.1250      0
321204   3714.069000 7978.839000  21.1160   0.0260   0.9760   0.0440   0.1250      0
321426   3733.830000 7679.319000  20.4470   0.0290   0.2840   0.0360   0.1250      0
323886   3949.895000 7951.116000  21.3340   0.0370   1.2060   0.0530   0.1250      0
321570   3745.324000 7640.581000  20.9230   0.0150   0.8230   0.0210   0.1240      0
323948   3955.566000 7840.264000  22.0700   0.0460   1.2150   0.0840   0.1240      0
320307   3634.512000 7751.767000  20.4540   0.0190   0.1150   0.0210   0.1230      0
320948   3692.256000 7712.448000  20.9930   0.0190   0.5100   0.0380   0.1230      0
324604   4014.518000 7877.840000  21.3670   0.0200   0.4890   0.0280   0.1230      0
322560   3830.027000 7719.616000  20.5340   0.0550   1.6780   0.0600   0.1230      0
320918   3689.593000 7886.833000  20.4250   0.0350   0.2400   0.0620   0.1220      0
322378   3815.738000 7945.957000  21.4380   0.0910   0.1810   0.0960   0.1220      0
323028   3871.025000 7927.960000  21.3210   0.0240   0.5470   0.0310   0.1210      0
321086   3703.864000 7653.319000  22.1570   0.0390   0.8420   0.0640   0.1210      0
322862   3855.762000 7598.933000  21.0800   0.0800   0.1280   0.0810   0.1210      0
322827   3852.855000 7678.657000  20.8830   0.0150   0.5730   0.0280   0.1200      0
324258   3983.423000 7927.669000  21.5030   0.0280   0.6630   0.0430   0.1200      0
322162   3796.723000 7678.730000  22.0790   0.0410   1.1870   0.0880   0.1200      0
324166   3975.700000 7669.430000  21.7310   0.0600   0.5510   0.0670   0.1200      0
320502   3652.130000 7694.541000  21.2140   0.0220   0.3750   0.0430   0.1190      0
322291   3807.252000 7739.985000  21.5020   0.0290   0.6560   0.0540   0.1190      0
320539   3655.131000 7679.620000  21.9310   0.0680   0.4230   0.0830   0.1190      0
323442   3908.043000 7693.999000  20.9660   0.0170   0.9820   0.0320   0.1180      0
323452   3909.203000 7737.360000  21.2830   0.0210   0.7440   0.0290   0.1180      0
321376   3729.579000 7654.064000  21.2610   0.0360   1.1190   0.0590   0.1180      0
321154   3710.787000 7927.898000  21.1990   0.0470   0.3040   0.0520   0.1180      0
320005   3605.798000 7774.975000  20.8180   0.0200   0.6510   0.0240   0.1170      0
324623   4015.262000 7777.054000  21.9140   0.1120   0.4120   0.1240   0.1170      0
320085   3613.357000 7840.069000  21.0550   0.0240   0.4720   0.0380   0.1160      0
324533   4008.019000 7746.663000  21.7320   0.0310   0.6840   0.0450   0.1160      0
320569   3658.247000 7663.396000  19.9420   0.0320   0.1030   0.0410   0.1160      0
323450   3909.009000 7652.993000  21.3090   0.0240   0.5180   0.0450   0.1150      0
324074   3968.550000 7898.405000  20.9190   0.0350   0.6220   0.0550   0.1150      0
320796   3677.819000 7728.917000  21.1760   0.0220   0.7520   0.0300   0.1140      0
322937   3862.704000 7769.433000  21.3810   0.0220   0.8010   0.0530   0.1140      0
320712   3670.388000 7948.505000  21.9730   0.0370   1.4460   0.1010   0.1140      0
323632   3926.814000 7754.714000  21.0950   0.0220   0.6780   0.0270   0.1130      0
322038   3785.546000 7731.161000  21.1120   0.0200   0.6810   0.0370   0.1120      0
321331   3726.230000 7719.000000  21.3650   0.0220   0.8310   0.0390   0.1120      0
324046   3965.510000 7872.840000  21.3000   0.0240   0.7550   0.0310   0.1120      0
322315   3808.816000 7698.849000  21.3850   0.0240   0.5510   0.0440   0.1120      0
321015   3697.685000 7642.311000  21.7730   0.0270   1.0070   0.0460   0.1120      0
324312   3988.364000 7724.643000  20.9170   0.0340   1.0550   0.0500   0.1120      0
321287   3721.750000 7928.697000  20.9220   0.0410   0.2090   0.0510   0.1120      0
321350   3727.732000 7764.777000  21.0080   0.0260   0.4560   0.0370   0.1110      0
323325   3897.221000 7812.049000  20.8000   0.0150   0.7950   0.0240   0.1100      0
323438   3907.629000 7626.737000  20.8880   0.0180   0.3830   0.0290   0.1100      0
323546   3918.705000 7653.310000  21.4600   0.0220   1.0580   0.0400   0.1100      0
322968   3866.256000 7713.549000  21.0220   0.0240   0.9180   0.0290   0.1100      0
321711   3756.662000 7628.229000  21.7920   0.0300   1.0360   0.0480   0.1100      0
320826   3680.404000 7745.611000  20.9180   0.0150   0.6380   0.0260   0.1090      0
324262   3983.671000 7827.313000  20.9360   0.0160   0.6980   0.0260   0.1090      0
323801   3941.734000 7720.026000  19.8790   0.0180   0.1310   0.0420   0.1090      0
323808   3942.427000 7905.333000  21.8810   0.0410   0.7250   0.0610   0.1090      0
324200   3978.682000 7840.281000  21.7380   0.0240   0.8720   0.0400   0.1080      0
322808   3851.065000 8008.356000  21.2910   0.0310   0.3870   0.0550   0.1080      0
321778   3762.690000 7686.700000  18.7050   0.0090   1.7690   0.0160   0.1070      0
320855   3684.160000 7821.998000  20.8380   0.0180   1.0460   0.0440   0.1070      0
320548   3656.358000 7825.809000  21.0090   0.0230   0.5950   0.0330   0.1070      0
323910   3952.524000 7848.198000  21.2820   0.0250   0.4720   0.0390   0.1070      0
323135   3880.445000 7624.589000  21.6970   0.0290   1.2560   0.0660   0.1070      0
321142   3709.937000 7737.047000  21.8030   0.0300   0.7970   0.0590   0.1070      0
322963   3865.333000 7898.440000  21.7280   0.0330   1.5210   0.1030   0.1070      0
322337   3810.979000 7917.711000  20.6320   0.0480   0.8980   0.0780   0.1070      0
323139   3880.717000 7811.015000  21.3360   0.0590   0.4080   0.0630   0.1070      0
320742   3672.874000 7959.583000  20.9590   0.0260   0.5120   0.0440   0.1060      0
323187   3884.795000 7806.969000  21.8160   0.0280   1.2000   0.0770   0.1060      0
322956   3864.373000 7801.681000  21.6360   0.0310   1.4780   0.0720   0.1060      0
320668   3666.183000 7651.527000  20.8950   0.0470   0.4110   0.0500   0.1060      0
322334   3810.439000 7650.729000  22.2150   0.0500   0.7950   0.0750   0.1060      0
323704   3932.809000 7636.407000  21.8230   0.0530   0.7900   0.0670   0.1060      0
323218   3887.102000 7916.384000  22.1220   0.0530   1.2810   0.0840   0.1060      0
323817   3943.408000 7954.542000  20.6060   0.0230   0.7890   0.0250   0.1050      0
321413   3732.348000 7975.545000  21.3400   0.0420   0.2150   0.0650   0.1050      0
324243   3982.552000 7683.602000  21.5920   0.0240   0.5280   0.0410   0.1040      0
324568   4011.834000 7761.039000  22.0100   0.0410   1.1530   0.0630   0.1040      0
321110   3706.560000 7950.291000  21.7850   0.0340   1.0860   0.0640   0.1030      0
322491   3824.305000 7981.985000  22.1320   0.0420   0.8990   0.0800   0.1030      0
322793   3850.064000 7652.894000  20.8710   0.0140   0.6610   0.0230   0.1020      0
324505   4005.704000 7855.377000  21.2910   0.0230   0.9320   0.0350   0.1020      0
322436   3820.585000 7776.074000  21.2030   0.0340   0.3950   0.0570   0.1020      0
321218   3715.805000 8001.369000  22.3290   0.0490   1.8270   0.1400   0.1020      0
321987   3781.131000 7998.276000  21.8310   0.0310   1.1390   0.0590   0.1010      0
320217   3625.142000 7736.719000  22.2180   0.0650   0.7050   0.1000   0.1010      0
323421   3906.063000 7933.098000  20.8030   0.0260   0.1970   0.0530   0.1000      0
323424   3906.090000 7948.433000  21.7990   0.0320   0.8220   0.0450   0.1000      0
323530   3916.765000 7684.809000  21.7260   0.0330   0.9180   0.0570   0.1000      0
323928   3954.153000 7765.841000  21.7970   0.0340   1.0200   0.0540   0.1000      0
320212   3624.859000 7846.095000  21.6510   0.0360   1.2080   0.0680   0.1000      0
323676   3929.724000 7745.278000  21.7470   0.0370   1.0190   0.0540   0.1000      0
322713   3842.913000 7968.331000  21.6960   0.0260   0.6900   0.0380   0.0990      0
324248   3982.911000 7786.022000  21.7380   0.0370   0.8820   0.0530   0.0990      0
321771   3761.812000 7863.771000  18.7440   0.0490   0.0340   0.0550   0.0990      0
322641   3836.665000 7717.123000  21.1770   0.0180   0.7210   0.0320   0.0980      0
321104   3705.977000 7711.414000  20.8570   0.0200   0.7110   0.0330   0.0980      0
321505   3739.843000 7991.650000  21.7960   0.0340   1.1800   0.0780   0.0980      0
323255   3890.881000 7981.703000  22.0350   0.0430   1.1080   0.0750   0.0980      0
322699   3841.565000 7672.424000  21.3200   0.0290   1.0550   0.0410   0.0970      0
320944   3691.818000 7722.336000  20.5200   0.0290   0.0750   0.0480   0.0970      0
321883   3771.531000 7649.596000  20.9530   0.0490   0.6900   0.0600   0.0970      0
323201   3885.752000 7691.377000  21.5070   0.0630   0.5410   0.0660   0.0970      0
322128   3794.571000 7734.008000  20.9910   0.0280   0.3350   0.0420   0.0960      0
322971   3866.595000 7806.826000  21.3720   0.0310   0.7650   0.0560   0.0960      0
322077   3788.837000 7924.656000  20.9190   0.0380   0.4720   0.0670   0.0960      0
320624   3662.406000 7857.282000  20.9630   0.0250   0.9420   0.0350   0.0950      0
322409   3817.878000 7969.233000  22.3090   0.0520   1.7830   0.1840   0.0950      0
322800   3850.659000 7622.569000  21.2430   0.0210   0.5770   0.0270   0.0940      0
323930   3954.244000 7679.516000  21.3330   0.0260   0.5940   0.0490   0.0940      0
320183   3621.790000 7758.755000  21.7220   0.0280   1.0000   0.0460   0.0940      0
321282   3721.216000 7769.621000  20.9900   0.0290   0.8830   0.0470   0.0940      0
322030   3784.615000 7980.080000  21.7200   0.0320   0.8460   0.0540   0.0940      0
324143   3973.767000 7716.922000  21.7010   0.0330   1.2170   0.0550   0.0940      0
322822   3852.525000 7769.132000  21.4400   0.0350   1.0650   0.0660   0.0940      0
321131   3708.799000 7817.524000  20.7910   0.0580   1.2360   0.0730   0.0940      0
324324   3989.555000 7880.459000  22.1330   0.0590   1.2410   0.0990   0.0940      0
323551   3919.156000 7744.069000  20.8200   0.0150   0.8580   0.0270   0.0930      0
321606   3747.887000 7631.781000  20.8260   0.0240   0.7330   0.0310   0.0930      0
323730   3935.055000 7865.278000  21.3000   0.0350   0.9870   0.0610   0.0930      0
324229   3981.349000 7896.813000  21.8400   0.0390   0.8360   0.0490   0.0930      0
323235   3888.173000 7835.362000  20.7920   0.0400   1.0040   0.0470   0.0930      0
323401   3904.397000 7850.238000  20.8620   0.0220   0.2510   0.0260   0.0920      0
324647   4017.155000 7849.069000  21.4120   0.0220   0.8340   0.0370   0.0920      0
320610   3661.480000 7850.787000  21.3500   0.0270   1.0590   0.0480   0.0920      0
322420   3818.565000 7637.711000  21.3500   0.0280   0.8430   0.0400   0.0920      0
321680   3754.147000 7703.776000  20.9680   0.0470   0.6850   0.0590   0.0920      0
321214   3715.353000 7726.270000  21.6010   0.0480   0.5900   0.0630   0.0920      0
323035   3872.058000 8001.559000  21.6020   0.0260   1.1870   0.0470   0.0910      0
321164   3711.333000 7990.841000  21.3000   0.0270   0.9160   0.0360   0.0910      0
323154   3881.790000 7664.396000  20.9490   0.0270   0.3300   0.0390   0.0910      0
320427   3645.951000 7913.839000  21.6110   0.0590   0.2480   0.0750   0.0910      0
322831   3853.306000 7959.363000  21.1790   0.0520   0.4020   0.0550   0.0900      0
323253   3890.720000 7697.031000  21.4090   0.0240   0.7270   0.0590   0.0890      0
323565   3920.951000 7689.769000  22.1280   0.1260   0.5350   0.1310   0.0880      0
324546   4009.416000 7835.301000  21.5730   0.0250   0.6480   0.0590   0.0870      0
321932   3775.887000 8002.736000  21.9670   0.0310   1.1530   0.0680   0.0870      0
323316   3896.468000 7900.995000  20.5390   0.0350   0.0410   0.0540   0.0870      0
323343   3898.453000 7690.416000  22.0860   0.0500   0.9550   0.0930   0.0870      0
322375   3815.458000 7983.163000  21.8720   0.0370   1.2510   0.0680   0.0850      0
321006   3696.654000 7720.815000  21.2210   0.0430   0.4550   0.0860   0.0850      0
324378   3994.702000 7859.759000  22.0670   0.0460   0.9900   0.0720   0.0850      0
322402   3817.241000 7720.145000  20.8870   0.0230   0.7390   0.0360   0.0840      0
323453   3909.417000 7924.703000  21.7670   0.0290   1.3210   0.0700   0.0840      0
324424   3997.959000 7755.162000  22.1210   0.0360   1.0470   0.0680   0.0840      0
321353   3727.853000 7967.866000  19.8020   0.0190   0.0460   0.0400   0.0830      0
323503   3913.728000 7952.864000  21.4330   0.0250   0.5600   0.0330   0.0830      0
323854   3947.013000 7930.140000  21.9050   0.0340   0.8350   0.0660   0.0830      0
320186   3622.320000 7854.011000  21.0800   0.0360   0.5360   0.0420   0.0830      0
323819   3943.488000 7834.604000  22.0040   0.0420   1.0770   0.0690   0.0830      0
322778   3848.716000 7973.368000  21.8500   0.0650   1.1360   0.0790   0.0830      0
324187   3977.569000 7846.915000  22.1100   0.0810   0.8440   0.0930   0.0830      0
321662   3752.326000 7983.862000  21.3340   0.0240   0.6180   0.0500   0.0820      0
320213   3624.944000 7894.185000  21.4610   0.0330   1.0170   0.0730   0.0820      0
324111   3971.299000 7738.335000  21.0190   0.0400   0.3380   0.0460   0.0820      0
322480   3823.364000 7670.165000  21.5550   0.0250   1.1260   0.0390   0.0790      0
321275   3720.522000 7980.903000  21.4960   0.0260   0.9360   0.0380   0.0790      0
323573   3921.464000 7664.119000  22.2570   0.0410   1.5970   0.1130   0.0790      0
324153   3974.623000 7676.591000  21.1790   0.0190   0.6790   0.0270   0.0780      0
320850   3683.548000 7938.974000  21.4120   0.0250   0.6970   0.0450   0.0780      0
321528   3741.111000 7710.359000  21.9500   0.0390   1.1930   0.1090   0.0780      0
321133   3708.912000 7671.942000  21.1350   0.0170   0.5090   0.0350   0.0770      0
320890   3687.138000 7959.690000  20.0420   0.0270  -0.0210   0.0530   0.0770      0
323462   3910.290000 7857.417000  21.2420   0.0280   0.5980   0.0360   0.0770      0
322750   3846.193000 7811.740000  20.0280   0.0280   0.3040   0.0370   0.0770      0
324558   4010.489000 7810.396000  22.0770   0.0500   0.8160   0.0740   0.0770      0
323544   3918.562000 7804.524000  21.8200   0.0720   0.9770   0.0920   0.0770      0
324205   3978.954000 7864.989000  21.9720   0.1070   0.5850   0.1110   0.0770      0
321132   3708.853000 7642.916000  20.8750   0.0150   0.9010   0.0240   0.0760      0
323596   3923.808000 7899.086000  21.3980   0.0440   0.6730   0.0560   0.0760      0
323756   3937.589000 7663.857000  21.5720   0.0940   0.3830   0.0990   0.0750      0
321339   3726.760000 7933.606000  21.3770   0.0200   1.0300   0.0380   0.0740      0
323680   3930.101000 7698.708000  21.4240   0.0630   0.4190   0.0670   0.0740      0
320801   3678.175000 7932.769000  21.5640   0.0950   0.3770   0.0980   0.0740      0
323409   3904.918000 7756.802000  21.4820   0.0270   0.9310   0.0420   0.0730      0
321607   3747.900000 8010.569000  21.6720   0.0300   0.6750   0.0490   0.0710      0
320543   3655.804000 7723.501000  22.1540   0.0460   1.4240   0.0980   0.0710      0
324441   3999.453000 7726.347000  21.1150   0.0220   0.4190   0.0400   0.0700      0
322105   3792.486000 7945.065000  20.2890   0.0430   0.0870   0.0480   0.0700      0
323064   3873.988000 7944.049000  22.0480   0.0490   0.8960   0.0830   0.0700      0
323591   3923.158000 7813.223000  21.2280   0.0590   0.6550   0.0640   0.0700      0
323742   3936.804000 7770.703000  21.1400   0.0230   0.5530   0.0390   0.0670      0
323499   3913.607000 7945.673000  21.9250   0.0330   0.8840   0.0530   0.0670      0
322060   3786.790000 7623.902000  22.7550   0.0550   1.5620   0.1420   0.0670      0
320790   3677.346000 7723.551000  21.5360   0.0280   0.8100   0.0400   0.0650      0
320113   3615.743000 7745.108000  21.6770   0.0380   0.9810   0.0510   0.0650      0
322322   3809.332000 7970.782000  22.0560   0.0520   0.6160   0.0690   0.0650      0
324474   4003.189000 7874.252000  21.5490   0.0280   0.8250   0.0430   0.0640      0
320755   3674.107000 7953.798000  21.9130   0.0450   1.1060   0.0770   0.0640      0
322760   3846.963000 7948.791000  21.2270   0.0380   0.6710   0.0500   0.0630      0
324303   3987.538000 7717.717000  21.5250   0.0380   0.8830   0.0640   0.0630      0
322904   3859.666000 7917.581000  21.4750   0.0260   0.7570   0.0490   0.0620      0
321563   3744.695000 7681.113000  22.3600   0.0650   1.4720   0.1330   0.0620      0
321464   3737.209000 7642.777000  22.4560   0.1550   0.7080   0.1640   0.0610      0
324276   3985.148000 7743.856000  21.6680   0.0420   0.8340   0.0500   0.0600      0
323837   3944.676000 7780.751000  21.6000   0.0220   0.8600   0.0400   0.0590      0
322954   3864.121000 7668.256000  22.3160   0.0440   1.3810   0.0920   0.0590      0
324359   3992.209000 7746.082000  22.5220   0.0570   1.4310   0.1190   0.0540      0
322453   3821.772000 7651.084000  21.6580   0.0400   0.9920   0.0590   0.0530      0
322255   3804.567000 7682.038000  21.9320   0.0490   0.9630   0.0710   0.0520      0
321869   3770.655000 7605.165000  22.3560   0.0500   1.2500   0.0930   0.0510      0
322621   3834.832000 7641.609000  22.6340   0.0610   1.1410   0.1230   0.0510      0
320294   3633.310000 7791.953000  22.6440   0.0880   1.5250   0.1980   0.0510      0
322635   3836.182000 7628.298000  22.2340   0.0540   1.1930   0.0930   0.0470      0
323719   3934.360000 7702.807000  21.5790   0.0310   0.9390   0.0450   0.0440      0
323449   3908.949000 7679.907000  22.2570   0.0430   1.0520   0.0750   0.0420      0
322796   3850.298000 7661.774000  22.4290   0.0750   1.0510   0.1010   0.0380      0
