#mag    e_mag    col1   e_col1    m_ini
23.5767    0.1075   1.0742   0.1423   1.0054
23.2335    0.0828   1.1099   0.1128   1.8677
22.9583    0.0691   1.2001   0.0959   1.9579
23.2594    0.0853   1.6483   0.1159   1.8549
23.0690    0.0853   1.4973   0.1159   1.8549
23.3124    0.0917   1.5462   0.1236   1.8227
23.0720    0.0767   1.1205   0.1053   1.9064
22.9067    0.0673   1.2966   0.0937   1.9707
23.1516    0.0757   1.1836   0.1040   1.9128
23.2823    0.0866   1.5271   0.1174   1.8484
23.1956    0.0828   1.3428   0.1128   1.8677
23.9416    0.1310   1.4967   0.1697   0.9564
23.1319    0.0768   1.3564   0.1055   1.8999
23.0050    0.0698   1.1382   0.0967   1.9514
23.0538    0.0746   1.1914   0.1027   1.9119
23.0483    0.0780   1.4029   0.1069   1.8935
23.2307    0.0917   1.3849   0.1236   1.8227
23.1035    0.0792   1.2402   0.1084   1.8871
23.0811    0.0774   1.4335   0.1062   1.8999
23.1421    0.0780   1.3850   0.1069   1.8935
23.7414    0.1085   1.0767   0.1436   1.0030
22.9772    0.0670   1.3071   0.0933   1.9723
23.8743    0.1120   1.1014   0.1477   0.9950
23.3165    0.0879   1.2522   0.1190   1.8420
23.1898    0.0840   1.3734   0.1143   1.8613
23.0454    0.0780   1.0668   0.1069   1.8935
23.2697    0.0840   1.3543   0.1143   1.8613
23.0877    0.0742   1.2217   0.1022   1.9143
23.3918    0.0917   1.3765   0.1236   1.8227
23.2124    0.0828   1.1785   0.1128   1.8677
22.9271    0.0690   1.4027   0.0957   1.9579
23.3932    0.0879   1.5243   0.1190   1.8420
22.9461    0.0746   1.4773   0.1027   1.9119
23.4078    0.0892   1.4270   0.1205   1.8356
23.7282    0.1120   1.2283   0.1477   0.9950
23.3521    0.0917   1.6167   0.1236   1.8227
23.2189    0.0840   1.2233   0.1143   1.8613
23.4974    0.0904   1.1951   0.1221   1.8291
23.0256    0.0780   1.3934   0.1069   1.8935
23.0680    0.0853   1.2344   0.1159   1.8549
23.1607    0.0804   1.4945   0.1099   1.8806
23.7770    0.1461   1.4281   0.1870   0.9307
23.7872    0.1211   1.2081   0.1583   0.9757
23.4661    0.1211   1.3032   0.1583   0.9757
23.8747    0.1310   1.0924   0.1697   0.9564
23.1986    0.0816   1.4542   0.1114   1.8742
22.9385    0.0733   1.0998   0.1011   1.9192
23.6635    0.1075   1.1472   0.1423   1.0054
23.1830    0.0780   1.3370   0.1069   1.8935
23.9907    0.1344   1.1874   0.1737   0.9500
22.9949    0.0733   1.2631   0.1011   1.9192
23.5500    0.1211   1.2886   0.1583   0.9757
23.1227    0.0904   1.4519   0.1221   1.8291
23.6746    0.1211   0.9150   0.1583   0.9757
23.3507    0.0853   1.1771   0.1159   1.8549
23.1038    0.0804   1.3649   0.1099   1.8806
23.5274    0.1085   1.3935   0.1436   1.0030
23.0465    0.0744   1.2240   0.1025   1.9192
23.2451    0.0917   1.4606   0.1236   1.8227
23.3206    0.0832   1.4318   0.1133   1.8677
23.2946    0.0866   1.3145   0.1174   1.8484
23.6282    0.1211   1.2029   0.1583   0.9757
23.7518    0.1382   1.4600   0.1780   0.9435
22.9001    0.0746   1.2125   0.1028   1.9192
23.1663    0.0828   1.2641   0.1128   1.8677
23.5397    0.1095   1.2595   0.1448   1.0006
23.9172    0.1310   1.4372   0.1697   0.9564
23.2625    0.0804   1.2505   0.1099   1.8806
23.0987    0.0804   1.5000   0.1099   1.8806
23.0397    0.0733   1.2723   0.1011   1.9192
22.9608    0.0708   1.3141   0.0980   1.9450
22.9954    0.0696   1.2802   0.0966   1.9402
23.5326    0.0996   1.1171   0.1331   1.0248
23.4700    0.0951   1.1470   0.1277   1.0368
22.6604    0.0567   1.2275   0.0802   2.0312
23.3573    0.0923   1.1015   0.1243   1.0448
22.5730    0.0540   1.0413   0.0768   2.0789
22.6074    0.0536   1.0116   0.0762   2.0838
22.8044    0.0637   1.2767   0.0890   1.9989
23.1258    0.0923   1.0426   0.1243   1.0448
23.0009    0.0701   1.2465   0.0972   1.9419
22.5894    0.0552   1.0481   0.0782   2.0736
23.0851    0.0696   1.1582   0.0966   1.9402
22.9136    0.0662   1.3480   0.0923   1.9601
22.6663    0.0565   1.0201   0.0799   2.0388
23.0788    0.0729   1.3486   0.1006   1.9217
22.9120    0.0658   1.2317   0.0917   1.9627
23.3748    0.0937   0.9205   0.1260   1.0408
23.2354    0.0849   1.1015   0.1154   1.0670
22.6112    0.0534   1.1261   0.0759   2.0845
22.3387    0.0434   0.8938   0.0629   2.2048
23.0072    0.0703   1.0806   0.0974   1.9362
22.7944    0.0669   1.1623   0.0931   1.9561
22.6180    0.0543   1.0532   0.0772   2.0634
23.5344    0.1044   1.2269   0.1388   1.0128
22.8286    0.0633   1.2264   0.0886   1.9784
23.3454    0.0815   0.7925   0.1112   1.0783
22.8563    0.0720   1.3263   0.0995   1.9266
22.8461    0.0658   1.1205   0.0917   1.9627
22.6939    0.0570   1.1194   0.0806   2.0192
22.9542    0.0683   1.0873   0.0948   1.9481
22.8568    0.0683   1.1275   0.0948   1.9481
23.6155    0.1012   1.3247   0.1349   1.0208
23.1051    0.0752   0.9860   0.1034   1.1006
22.7303    0.0553   1.0553   0.0785   2.0676
22.8851    0.0669   1.0889   0.0931   1.9561
23.1956    0.0832   1.0831   0.1133   1.0727
22.7808    0.0581   1.0483   0.0820   2.0119
22.3964    0.0516   1.0360   0.0736   2.1071
23.5927    0.1024   1.1982   0.1364   1.0177
22.7194    0.0624   1.0103   0.0874   1.9840
23.3079    0.0832   0.7682   0.1133   1.0727
23.1186    0.0815   1.0168   0.1112   1.0783
23.1791    0.0766   0.9365   0.1052   1.0953
23.7270    0.1034   1.4264   0.1376   1.0152
22.5144    0.0515   1.1068   0.0735   2.1102
23.4914    0.1044   0.9009   0.1388   1.0128
23.1055    0.0782   0.9077   0.1072   1.0896
22.8268    0.0642   1.2067   0.0897   1.9727
23.2565    0.0886   1.0693   0.1199   1.0553
22.6959    0.0572   1.0680   0.0808   2.0248
23.3465    0.0923   0.8825   0.1243   1.0448
23.0790    0.0723   0.8704   0.0999   1.1115
22.9996    0.0742   1.0225   0.1022   1.1042
23.0787    0.0724   1.2190   0.1000   1.9241
22.9900    0.0720   1.1833   0.0995   1.9266
22.6093    0.0570   1.0209   0.0806   2.0492
22.6350    0.0570   1.1607   0.0806   2.0324
22.6738    0.0562   1.1157   0.0796   2.0377
23.2947    0.0884   1.0683   0.1196   1.0561
23.0551    0.0766   0.9982   0.1052   1.0953
22.7186    0.0568   1.2980   0.0803   2.0551
22.6696    0.0576   1.0731   0.0814   2.0184
22.8429    0.0669   1.1830   0.0931   1.9561
23.2054    0.0909   1.0926   0.1226   1.0488
22.9297    0.0720   1.3155   0.0995   1.9266
22.4661    0.0468   0.9269   0.0673   2.1623
23.0741    0.0752   0.9271   0.1034   1.1006
22.9828    0.0683   1.1825   0.0948   1.9481
22.7349    0.0581   1.0467   0.0820   2.0119
23.1411    0.0849   1.2580   0.1154   1.0670
22.5682    0.0538   1.1161   0.0765   2.0813
22.5938    0.0515   1.0323   0.0735   2.1102
22.6457    0.0568   1.1668   0.0804   2.0576
23.1656    0.0766   0.9173   0.1052   1.0953
22.9166    0.0710   1.1467   0.0983   1.9322
22.9172    0.0634   1.2041   0.0887   1.9981
22.6442    0.0589   1.0235   0.0830   2.0066
22.7556    0.0570   1.0154   0.0806   2.0192
22.7676    0.0581   1.0805   0.0820   2.0119
23.3599    0.0909   1.1136   0.1226   1.0488
23.3573    0.1012   1.1780   0.1349   1.0208
23.1015    0.0729   1.0758   0.1006   1.9217
23.4408    0.1044   1.2800   0.1388   1.0128
22.6586    0.0580   1.1884   0.0818   2.0195
22.4187    0.0479   1.0090   0.0688   2.1482
23.1671    0.0815   1.0072   0.1112   1.0783
22.9057    0.0653   0.9608   0.0911   1.9658
22.5526    0.0525   1.0746   0.0748   2.0926
23.1432    0.0742   1.0458   0.1022   1.1042
22.5589    0.0519   0.9631   0.0741   2.1000
22.8006    0.0642   1.1303   0.0897   1.9727
22.6263    0.0525   1.0618   0.0748   2.0926
22.9391    0.0676   1.2635   0.0940   1.9521
23.2907    0.0937   1.1888   0.1260   1.0408
22.8048    0.0686   1.1524   0.0953   1.9548
22.6754    0.0560   1.0502   0.0793   2.0452
22.8422    0.0634   1.1851   0.0888   1.9998
22.8116    0.0633   1.0713   0.0886   1.9784
22.5096    0.0527   1.1183   0.0751   2.0976
22.6251    0.0531   1.0915   0.0755   2.0937
22.7940    0.0581   1.0625   0.0820   2.0119
22.9852    0.0683   1.0543   0.0948   1.9481
22.9335    0.0676   1.0196   0.0940   1.9521
23.0234    0.0732   1.1286   0.1010   1.1079
22.8695    0.0642   1.2753   0.0897   1.9727
22.9706    0.0690   1.3854   0.0957   1.9442
23.0293    0.0703   1.1460   0.0974   1.9362
23.2075    0.0884   1.0054   0.1196   1.0561
22.6372    0.0551   1.0267   0.0782   2.0736
22.9537    0.0633   1.0982   0.0886   1.9784
23.1033    0.0815   1.1612   0.1112   1.0783
22.7994    0.0576   0.8971   0.0814   2.0427
23.2012    0.0798   1.0248   0.1092   1.0840
22.8545    0.0658   1.1038   0.0917   1.9627
22.6202    0.0545   1.0530   0.0774   2.0734
22.4842    0.0507   1.0202   0.0724   2.1168
23.3243    0.0996   1.1723   0.1331   1.0248
22.9113    0.0669   1.2668   0.0931   1.9561
22.8612    0.0669   1.2142   0.0931   1.9561
23.3339    0.0966   0.9747   0.1295   1.0328
21.8469    0.0308   0.7997   0.0458   2.4076
22.0172    0.0349   0.8560   0.0513   2.3258
22.5703    0.0522   0.8174   0.0743   1.2070
21.8053    0.0314   0.8127   0.0465   2.3969
22.6915    0.0614   0.8698   0.0861   1.1585
22.5195    0.0512   1.0578   0.0731   2.0603
22.5377    0.0522   0.8201   0.0743   1.2070
22.5685    0.0532   0.8066   0.0757   1.2006
22.5311    0.0516   0.9439   0.0736   2.0575
22.8667    0.0646   0.8197   0.0903   1.1434
21.9671    0.0345   0.8206   0.0509   2.3379
22.5226    0.0535   1.2270   0.0761   2.0435
22.1985    0.0407   0.8846   0.0593   2.2372
22.5112    0.0552   1.0709   0.0783   2.0422
22.6255    0.0549   1.0096   0.0779   2.0338
22.1537    0.0388   0.8825   0.0566   2.2638
22.5354    0.0537   0.7932   0.0764   1.1977
22.9666    0.0714   0.9729   0.0987   1.1151
22.5670    0.0528   1.0480   0.0751   2.0491
22.6983    0.0582   0.8082   0.0821   1.1742
22.7712    0.0546   0.7586   0.0775   1.1928
22.5427    0.0531   0.9600   0.0756   2.0463
22.9360    0.0653   0.8468   0.0911   1.1406
22.3820    0.0452   0.8961   0.0653   2.1435
22.5217    0.0516   0.9866   0.0736   2.0575
22.9431    0.0695   0.8185   0.0964   1.1224
22.4845    0.0507   1.0008   0.0724   2.0646
22.6285    0.0572   0.7969   0.0808   1.1794
22.0995    0.0374   0.9928   0.0547   2.2873
22.7440    0.0646   0.7510   0.0903   1.1434
23.0141    0.0723   0.9117   0.0999   1.1115
22.1761    0.0395   0.9225   0.0577   2.2577
22.1261    0.0399   0.9242   0.0582   2.2529
22.1210    0.0393   0.9415   0.0574   2.2605
22.6040    0.0531   1.0869   0.0756   2.0463
22.8299    0.0640   0.8151   0.0895   1.1462
22.6022    0.0535   0.8123   0.0761   1.1989
22.6474    0.0572   0.7470   0.0808   1.1794
22.5855    0.0562   0.7940   0.0795   1.1846
22.6034    0.0572   0.8899   0.0808   1.1794
22.5516    0.0522   0.7487   0.0743   1.2070
22.2667    0.0396   0.8329   0.0578   2.2538
22.4866    0.0507   0.9464   0.0724   2.0646
22.1432    0.0396   0.8478   0.0577   2.2533
22.9336    0.0695   0.8804   0.0964   1.1224
22.5431    0.0552   0.8334   0.0782   1.1899
22.5281    0.0522   0.8214   0.0743   1.2070
22.1666    0.0392   1.0266   0.0572   2.2638
22.5227    0.0552   0.7295   0.0782   1.1899
22.6845    0.0562   0.8623   0.0795   1.1846
22.4087    0.0474   0.8626   0.0681   2.0984
22.4622    0.0544   1.1159   0.0772   2.0374
22.5245    0.0528   0.9371   0.0751   2.0491
22.2123    0.0419   0.8940   0.0608   2.1891
22.6990    0.0582   0.8474   0.0821   1.1742
22.1522    0.0391   0.9991   0.0571   2.2581
22.4433    0.0492   0.9988   0.0705   2.1267
22.1161    0.0384   0.9981   0.0561   2.2757
22.5768    0.0530   1.0067   0.0754   2.0743
22.1230    0.0389   0.9152   0.0568   2.2664
22.1266    0.0393   0.9799   0.0574   2.2319
22.5965    0.0532   0.7327   0.0757   1.2006
22.8711    0.0634   0.8780   0.0887   1.1490
22.8150    0.0572   0.7302   0.0808   1.1794
22.8749    0.0640   0.8135   0.0895   1.1462
22.5222    0.0549   0.7891   0.0778   1.1916
22.8932    0.0640   0.9493   0.0895   1.1462
22.1493    0.0400   0.9559   0.0583   2.2518
22.8315    0.0634   0.9058   0.0887   1.1490
22.7070    0.0582   0.8069   0.0821   1.1742
22.1867    0.0414   0.9338   0.0601   2.2095
22.6478    0.0522   0.6676   0.0743   1.2070
22.9545    0.0678   0.8718   0.0943   1.1294
22.0500    0.0366   0.9566   0.0537   2.2998
23.0374    0.0678   0.9329   0.0943   1.1294
22.9906    0.0695   1.0797   0.0964   1.1224
22.9243    0.0672   0.8459   0.0935   1.1322
22.8125    0.0582   0.8257   0.0821   1.1742
22.2825    0.0436   0.9905   0.0631   2.1901
22.1685    0.0388   0.8741   0.0566   2.2638
22.2123    0.0396   0.9984   0.0577   2.2533
22.5513    0.0479   0.8757   0.0688   2.1443
22.5381    0.0537   0.7643   0.0764   1.1977
22.6159    0.0531   0.9569   0.0756   2.0463
22.1470    0.0412   0.9254   0.0600   2.2190
22.4600    0.0500   0.9622   0.0715   2.0698
22.3162    0.0404   0.8651   0.0588   2.2217
22.3978    0.0480   0.9227   0.0690   2.0932
22.0381    0.0361   0.9016   0.0530   2.3123
22.5902    0.0552   0.8336   0.0782   1.1899
22.5170    0.0522   0.8287   0.0743   1.2070
22.5357    0.0522   0.8708   0.0743   1.2070
22.1195    0.0376   0.8935   0.0551   2.2684
22.2269    0.0405   0.9205   0.0590   2.2254
22.8643    0.0653   0.9010   0.0911   1.1406
23.0436    0.0723   0.7705   0.0999   1.1115
22.4563    0.0522   0.7702   0.0743   1.2070
22.6188    0.0549   0.9561   0.0779   2.0338
22.5384    0.0520   0.9194   0.0741   2.0547
22.7765    0.0640   0.8292   0.0895   1.1462
22.6406    0.0554   1.3403   0.0786   2.0301
22.7159    0.0659   0.9354   0.0919   1.1378
22.5535    0.0539   1.0901   0.0766   2.0407
22.1358    0.0402   0.8816   0.0586   2.2476
22.0706    0.0362   0.9571   0.0532   2.3095
22.8368    0.0634   0.9397   0.0887   1.1490
22.2560    0.0422   0.9020   0.0612   2.1925
22.0907    0.0384   0.9116   0.0561   2.2757
22.6169    0.0549   0.8009   0.0778   1.1916
22.5269    0.0507   1.0581   0.0724   2.0646
22.8827    0.0672   1.0245   0.0935   1.1322
22.6182    0.0544   0.8385   0.0772   1.1941
22.5875    0.0572   0.9388   0.0808   1.1794
22.2709    0.0445   0.9580   0.0643   2.1790
22.2499    0.0435   0.9484   0.0630   2.1517
22.4801    0.0512   0.9570   0.0731   2.0603
22.9586    0.0723   0.9060   0.0999   1.1115
21.9016    0.0339   0.8138   0.0501   2.3484
22.5506    0.0522   0.7798   0.0743   1.2070
22.2592    0.0426   0.8801   0.0618   2.1313
22.2328    0.0411   0.8893   0.0598   2.1828
22.1905    0.0400   0.7760   0.0584   1.2929
22.2166    0.0415   0.7945   0.0603   1.2812
22.1637    0.0394   0.7600   0.0574   1.2988
22.1825    0.0408   0.7498   0.0593   1.2871
22.1871    0.0394   0.6074   0.0574   1.2988
22.2956    0.0429   0.8042   0.0622   1.2695
22.0344    0.0347   0.7980   0.0511   2.2885
22.2193    0.0415   0.7955   0.0603   1.2812
22.1646    0.0385   0.8634   0.0563   2.2214
21.9820    0.0356   0.8063   0.0523   2.2790
22.1981    0.0408   0.7646   0.0593   1.2871
21.9465    0.0335   0.8509   0.0495   2.2551
21.9096    0.0327   0.8841   0.0484   2.2993
21.8429    0.0309   0.8713   0.0458   2.4058
21.9579    0.0334   0.7948   0.0493   2.2615
22.3953    0.0449   0.7901   0.0649   1.2543
21.8436    0.0314   0.7948   0.0465   2.3838
22.1631    0.0387   0.6650   0.0565   1.3051
21.8552    0.0325   0.8038   0.0481   2.3697
22.2115    0.0394   0.6571   0.0574   1.2988
22.0431    0.0345   0.8238   0.0509   2.2925
22.2192    0.0415   0.7074   0.0603   1.2812
21.4594    0.0242   0.7265   0.0364   2.5683
22.1758    0.0415   0.7424   0.0603   1.2812
21.6504    0.0273   0.7519   0.0408   2.4700
22.2842    0.0429   0.7061   0.0622   1.2695
22.1303    0.0394   0.5727   0.0574   1.2988
21.9647    0.0341   0.8303   0.0503   2.2983
22.0086    0.0365   0.8007   0.0535   2.2329
22.2874    0.0437   0.8163   0.0632   1.2636
21.6923    0.0285   0.7952   0.0425   2.4591
22.0885    0.0375   0.8548   0.0550   2.1808
22.2821    0.0437   0.7167   0.0632   1.2636
22.1292    0.0399   0.8581   0.0581   2.1570
21.9924    0.0348   0.8500   0.0513   2.2906
22.1677    0.0394   0.7285   0.0574   1.2988
21.4773    0.0244   0.7535   0.0367   2.5624
21.7922    0.0320   0.8535   0.0473   2.3276
22.3031    0.0422   0.8045   0.0612   1.2754
22.1332    0.0387   0.8062   0.0565   1.3051
22.0982    0.0367   0.7378   0.0538   2.1996
22.2631    0.0429   0.7807   0.0622   1.2695
21.9793    0.0364   0.8228   0.0534   2.2918
22.2109    0.0412   0.9543   0.0599   2.1441
22.0023    0.0354   0.8256   0.0520   2.3095
22.2278    0.0400   0.8093   0.0584   1.2929
21.5071    0.0246   0.7579   0.0370   2.5566
22.1578    0.0437   0.8112   0.0632   1.2636
22.2316    0.0426   0.9227   0.0618   2.1313
22.6217    0.0511   0.8060   0.0730   1.2135
22.2351    0.0429   0.7389   0.0622   1.2695
22.1606    0.0374   0.8432   0.0548   2.1873
22.1901    0.0394   0.7805   0.0574   1.2988
22.3396    0.0424   0.8343   0.0614   2.1506
22.1953    0.0408   0.6830   0.0593   1.2871
22.0849    0.0380   0.7620   0.0555   1.3115
22.3222    0.0437   0.6788   0.0632   1.2636
22.0898    0.0394   0.6633   0.0574   1.2988
22.2785    0.0429   0.7121   0.0622   1.2695
22.2393    0.0415   0.6687   0.0603   1.2812
22.1591    0.0387   0.9584   0.0565   2.1691
22.2427    0.0408   0.7475   0.0593   1.2871
22.2216    0.0415   0.8019   0.0603   1.2812
21.4801    0.0248   0.7471   0.0372   2.5507
22.1298    0.0380   0.6469   0.0555   1.3115
22.1283    0.0387   0.6577   0.0565   1.3051
22.2821    0.0419   0.9996   0.0608   2.1634
21.8479    0.0320   0.8280   0.0474   2.3337
22.2067    0.0400   0.7119   0.0584   1.2929
21.8077    0.0315   0.8605   0.0466   2.3652
22.1754    0.0403   0.8999   0.0587   2.1570
21.7044    0.0282   0.8362   0.0421   2.4656
22.2445    0.0416   0.9380   0.0604   2.1699
22.0514    0.0364   0.7982   0.0534   2.2824
22.0741    0.0387   0.7104   0.0565   1.3051
22.1602    0.0400   0.7395   0.0584   1.2929
22.3066    0.0429   0.7147   0.0622   1.2695
21.6883    0.0276   0.8371   0.0413   2.4777
22.2306    0.0405   0.8159   0.0590   2.1506
22.2607    0.0433   0.9143   0.0627   2.1248
21.9919    0.0353   0.8226   0.0519   2.2242
22.2444    0.0429   0.6818   0.0622   1.2695
22.2952    0.0450   0.8065   0.0650   1.2537
22.1017    0.0388   0.9494   0.0567   2.1720
22.1198    0.0387   0.7783   0.0565   2.1691
22.2405    0.0437   0.8103   0.0632   1.2636
21.9507    0.0341   0.9044   0.0503   2.3395
21.6913    0.0283   0.7575   0.0423   2.4449
21.6301    0.0276   0.7882   0.0413   2.4785
21.6496    0.0296   0.8196   0.0440   2.4215
22.1459    0.0394   0.7105   0.0574   1.2988
22.2740    0.0415   0.7608   0.0603   1.2812
22.2350    0.0437   0.7122   0.0632   1.2636
21.9181    0.0354   0.8599   0.0520   2.2755
22.3302    0.0429   0.7703   0.0622   1.2695
22.1628    0.0394   0.7341   0.0574   1.2988
21.6254    0.0281   0.6799   0.0419   2.4521
22.2984    0.0437   0.7455   0.0632   1.2636
22.2910    0.0437   0.7755   0.0632   1.2636
22.1734    0.0394   0.6621   0.0574   1.2988
22.4252    0.0491   0.8534   0.0703   1.2264
22.5039    0.0511   0.7860   0.0730   1.2135
22.0926    0.0387   0.6525   0.0565   1.3051
21.7133    0.0291   0.8223   0.0433   2.4463
22.0100    0.0367   0.8469   0.0538   2.2696
21.5967    0.0265   0.6697   0.0397   2.5000
22.0682    0.0372   0.9333   0.0545   2.2072
22.5521    0.0511   0.7105   0.0730   1.2135
22.2524    0.0415   0.7857   0.0603   1.2812
22.2400    0.0429   0.7588   0.0622   1.2695
21.7971    0.0295   0.8286   0.0438   2.4280
22.3804    0.0481   0.7362   0.0690   1.2328
22.0203    0.0359   0.7667   0.0528   2.1984
21.9575    0.0352   0.8918   0.0517   2.3103
22.2015    0.0397   0.8353   0.0579   2.1763
21.8850    0.0320   0.8387   0.0473   2.3432
22.1578    0.0394   0.6324   0.0574   1.2988
21.7641    0.0299   0.9256   0.0444   2.4106
22.1075    0.0394   0.6801   0.0574   1.2988
21.7088    0.0287   0.7508   0.0427   2.4391
22.2329    0.0397   0.9011   0.0579   2.1763
21.6274    0.0271   0.7309   0.0405   2.4793
21.8366    0.0322   0.8166   0.0477   2.3784
21.7178    0.0297   0.8172   0.0442   2.4291
22.2191    0.0422   0.8188   0.0612   1.2754
22.2747    0.0437   0.7442   0.0632   1.2636
22.2833    0.0415   0.7184   0.0603   1.2812
22.3119    0.0433   0.9911   0.0627   2.1248
22.1199    0.0393   1.0047   0.0573   2.1892
22.2508    0.0429   0.7234   0.0622   1.2695
21.8807    0.0319   0.7381   0.0472   2.3743
22.2728    0.0422   0.8831   0.0612   1.2754
21.7455    0.0295   0.8017   0.0438   2.4320
21.9712    0.0335   0.6119   0.0494   1.3566
22.0542    0.0366   0.6879   0.0537   1.3244
21.9717    0.0335   0.6253   0.0494   1.3566
21.7115    0.0298   0.6547   0.0443   1.4007
21.7536    0.0292   0.7348   0.0434   2.3194
22.0259    0.0373   0.6990   0.0546   1.3180
21.4842    0.0243   0.7027   0.0365   2.5344
21.7118    0.0281   0.7485   0.0420   2.4323
21.3806    0.0230   0.6552   0.0346   2.5646
21.4845    0.0246   0.7329   0.0370   2.5443
21.9542    0.0335   0.7391   0.0494   1.3566
21.6843    0.0294   0.5923   0.0437   1.4061
21.9173    0.0329   0.5914   0.0486   1.3630
21.9259    0.0353   0.6273   0.0519   1.3373
21.6809    0.0288   0.7519   0.0429   2.3572
22.1216    0.0373   0.6097   0.0546   1.3180
22.0820    0.0373   0.6823   0.0546   1.3180
21.8382    0.0318   0.6969   0.0471   1.3759
21.5387    0.0259   0.7550   0.0388   2.5050
21.9159    0.0329   0.7219   0.0486   1.3630
21.6659    0.0288   0.8034   0.0429   2.3710
21.8447    0.0324   0.7540   0.0479   1.3695
21.7792    0.0307   0.6840   0.0456   2.2873
21.0799    0.0186   0.5868   0.0281   2.7647
21.7634    0.0298   0.6696   0.0443   1.4007
21.8566    0.0329   0.6584   0.0486   1.3630
21.8887    0.0324   0.7975   0.0480   2.2873
21.8914    0.0329   0.5886   0.0486   1.3630
21.8717    0.0318   0.6724   0.0471   1.3759
21.9241    0.0335   0.7144   0.0494   1.3566
21.7762    0.0302   0.5686   0.0449   1.3952
21.3094    0.0218   0.6749   0.0329   2.6424
21.2223    0.0205   0.6723   0.0310   2.6817
21.7467    0.0282   0.7870   0.0421   2.3854
21.6926    0.0286   0.7310   0.0426   2.3516
21.8410    0.0324   0.6578   0.0479   1.3695
21.9358    0.0335   0.6325   0.0494   1.3566
21.9413    0.0347   0.6603   0.0511   1.3437
21.8179    0.0318   0.5962   0.0471   1.3759
21.6701    0.0285   0.8040   0.0425   2.3925
21.6975    0.0286   0.7169   0.0427   2.3987
21.6734    0.0277   0.7400   0.0413   2.3998
22.1048    0.0373   0.6211   0.0546   1.3180
21.9700    0.0335   0.6257   0.0494   1.3566
21.8513    0.0313   0.6254   0.0464   1.3824
21.8109    0.0296   0.6198   0.0440   1.4034
21.7173    0.0286   0.7528   0.0427   2.3885
22.0938    0.0366   0.7362   0.0537   1.3244
21.4371    0.0240   0.7349   0.0361   2.5409
21.8054    0.0308   0.6648   0.0456   1.3888
21.9474    0.0341   0.6369   0.0502   1.3502
21.8271    0.0313   0.7017   0.0464   1.3824
21.9643    0.0335   0.7713   0.0494   1.3566
21.8721    0.0329   0.6475   0.0486   1.3630
22.0780    0.0360   0.7082   0.0528   1.3309
21.2918    0.0214   0.6793   0.0323   2.6553
21.8506    0.0305   0.8026   0.0453   2.3314
21.8108    0.0308   0.5791   0.0456   1.3888
21.7688    0.0308   0.6619   0.0456   1.3888
21.8453    0.0318   0.6615   0.0471   1.3759
21.7928    0.0301   0.8049   0.0447   2.3485
21.8832    0.0324   0.6217   0.0479   1.3695
21.8785    0.0329   0.6715   0.0486   1.3630
22.0377    0.0347   0.5968   0.0511   1.3437
21.7635    0.0298   0.6365   0.0443   1.4007
21.2097    0.0200   0.6547   0.0302   2.7022
21.6843    0.0296   0.5961   0.0440   1.4034
21.7852    0.0298   0.6077   0.0443   1.4007
21.8964    0.0318   0.6725   0.0471   1.3759
21.6258    0.0274   0.7961   0.0410   2.4566
21.8661    0.0329   0.6471   0.0486   1.3630
21.9185    0.0324   0.5986   0.0479   1.3695
21.5706    0.0257   0.8015   0.0385   2.5160
21.5422    0.0254   0.7470   0.0381   2.5225
21.9202    0.0328   0.8210   0.0485   2.2551
21.2528    0.0208   0.6565   0.0315   2.6746
21.6064    0.0263   0.7930   0.0394   2.4534
21.1471    0.0197   0.6744   0.0298   2.7196
21.5240    0.0248   0.6650   0.0373   2.5109
21.1621    0.0196   0.6824   0.0296   2.7187
21.2490    0.0211   0.6959   0.0318   2.6681
21.1399    0.0193   0.6408   0.0293   2.7325
21.8741    0.0317   0.7863   0.0469   2.3066
21.7918    0.0308   0.6442   0.0456   1.3888
21.9208    0.0335   0.6063   0.0494   1.3566
21.2503    0.0211   0.6684   0.0318   2.6518
21.9856    0.0341   0.5722   0.0502   1.3502
21.3417    0.0220   0.6513   0.0332   2.6360
21.9024    0.0329   0.6196   0.0486   1.3630
21.4687    0.0244   0.7442   0.0367   2.5292
21.7060    0.0288   0.7368   0.0430   2.3388
21.9170    0.0335   0.6541   0.0494   1.3566
21.4766    0.0250   0.7399   0.0375   2.5203
21.8595    0.0329   0.6732   0.0486   1.3630
21.9998    0.0347   0.7351   0.0511   1.3437
21.5624    0.0262   0.6779   0.0393   2.3957
21.9016    0.0329   0.6684   0.0486   1.3630
21.1326    0.0198   0.6341   0.0299   2.7132
21.3988    0.0237   0.7389   0.0356   2.5816
21.9693    0.0347   0.7658   0.0511   1.3437
21.7702    0.0301   0.7778   0.0448   2.3461
21.6023    0.0273   0.7511   0.0408   2.4622
21.9680    0.0341   0.6480   0.0502   1.3502
21.5956    0.0258   0.6584   0.0386   2.4607
22.0313    0.0360   0.6765   0.0528   1.3309
22.1067    0.0373   0.6828   0.0546   1.3180
21.5446    0.0263   0.6874   0.0394   2.4329
21.7409    0.0298   0.6127   0.0443   1.4007
21.8069    0.0294   0.6448   0.0437   1.4061
21.7475    0.0308   0.6130   0.0456   1.3888
21.6098    0.0265   0.7211   0.0397   2.4422
21.8601    0.0317   0.8082   0.0469   2.2744
21.4354    0.0243   0.7376   0.0365   2.5508
21.9275    0.0329   0.6377   0.0486   1.3630
21.7552    0.0287   0.7356   0.0427   2.3621
22.1346    0.0373   0.8042   0.0546   1.3180
21.5009    0.0250   0.7122   0.0375   2.5243
22.0267    0.0341   0.6182   0.0502   1.3502
21.7930    0.0309   0.7241   0.0458   2.3130
22.0436    0.0360   0.6603   0.0528   1.3309
21.8565    0.0318   0.5770   0.0471   1.3759
21.3970    0.0228   0.7310   0.0344   2.5894
21.8275    0.0308   0.5805   0.0456   1.3888
21.8887    0.0324   0.5622   0.0479   1.3695
21.6861    0.0290   0.6934   0.0432   2.3452
21.9351    0.0341   0.7287   0.0502   1.3502
22.0591    0.0366   0.8388   0.0537   1.3244
22.0133    0.0360   0.5906   0.0528   1.3309
21.8337    0.0315   0.7769   0.0466   2.3268
21.5476    0.0253   0.7018   0.0379   2.5315
22.0291    0.0347   0.7041   0.0511   1.3437
21.8711    0.0318   0.6420   0.0471   1.3759
21.4708    0.0239   0.7009   0.0360   2.5636
21.8486    0.0313   0.6220   0.0464   1.3824
21.4380    0.0239   0.6667   0.0359   2.5167
21.8357    0.0313   0.5827   0.0464   1.3824
21.7995    0.0308   0.5980   0.0456   1.3888
21.4488    0.0242   0.6744   0.0364   2.5572
21.0778    0.0186   0.5904   0.0281   2.7421
21.0666    0.0183   0.6070   0.0277   2.7537
20.9707    0.0174   0.6686   0.0264   2.8010
21.1673    0.0196   0.5850   0.0296   2.6591
21.4911    0.0243   0.5989   0.0366   1.4831
20.7365    0.0145   0.5680   0.0220   2.9697
21.2550    0.0215   0.6771   0.0324   2.5565
20.8341    0.0159   0.5754   0.0242   2.8891
21.4112    0.0225   0.6463   0.0338   2.5718
21.4949    0.0243   0.5035   0.0366   1.4831
21.4308    0.0234   0.6484   0.0353   2.5181
21.6626    0.0279   0.5785   0.0416   1.4266
21.1675    0.0203   0.5999   0.0307   2.5739
21.2140    0.0205   0.6626   0.0310   2.6467
21.5168    0.0251   0.5369   0.0377   1.4696
21.5271    0.0249   0.5591   0.0374   1.4725
21.6201    0.0271   0.6093   0.0406   1.4378
21.5198    0.0255   0.5595   0.0382   1.4638
21.0057    0.0183   0.6011   0.0278   2.7567
21.7525    0.0290   0.6162   0.0432   1.4115
21.4005    0.0231   0.7140   0.0348   2.4940
20.9782    0.0173   0.6204   0.0262   2.8185
21.6556    0.0284   0.6271   0.0423   1.4196
20.9399    0.0170   0.6051   0.0257   2.8345
21.4725    0.0239   0.5273   0.0360   1.4901
21.0050    0.0176   0.6150   0.0267   2.8057
21.3997    0.0233   0.5076   0.0351   1.5011
21.4252    0.0234   0.7209   0.0353   2.5239
21.4130    0.0229   0.6742   0.0345   2.5576
21.3553    0.0226   0.6118   0.0340   2.5191
21.0577    0.0184   0.5748   0.0278   2.7299
20.7328    0.0146   0.5378   0.0221   2.9616
20.6774    0.0143   0.5637   0.0216   2.9864
21.6282    0.0266   0.6027   0.0399   1.4452
21.3928    0.0230   0.4599   0.0347   1.5068
21.4253    0.0233   0.6636   0.0350   2.5271
21.0008    0.0177   0.5646   0.0268   2.7905
21.5215    0.0244   0.7067   0.0366   2.4596
21.6433    0.0274   0.5918   0.0409   1.4340
21.3997    0.0230   0.5320   0.0347   1.5068
21.5034    0.0247   0.5370   0.0371   1.4760
21.3735    0.0223   0.6703   0.0337   2.5530
21.0299    0.0177   0.5860   0.0268   2.7905
21.0281    0.0179   0.5641   0.0271   2.7525
21.4771    0.0240   0.6740   0.0361   2.4671
21.5638    0.0251   0.5117   0.0377   1.4696
21.4448    0.0237   0.6878   0.0357   2.5194
21.4887    0.0242   0.6632   0.0363   2.4468
21.6683    0.0271   0.5675   0.0406   1.4378
21.2480    0.0210   0.6707   0.0318   2.5670
21.2510    0.0213   0.6470   0.0322   2.6090
21.0283    0.0182   0.6022   0.0275   2.7810
20.9771    0.0173   0.5433   0.0263   2.8152
20.8932    0.0162   0.5534   0.0245   2.8719
21.4460    0.0239   0.4586   0.0360   1.4901
21.2408    0.0201   0.6376   0.0304   2.6797
21.0593    0.0183   0.6386   0.0276   2.7697
21.2316    0.0202   0.5824   0.0306   2.5795
21.4959    0.0245   0.5466   0.0368   1.4795
21.3158    0.0217   0.6438   0.0328   2.5658
21.0156    0.0178   0.5544   0.0270   2.7570
20.8972    0.0165   0.5705   0.0249   2.8622
21.5938    0.0264   0.5670   0.0395   1.4490
21.3915    0.0239   0.5196   0.0360   1.4901
21.4533    0.0239   0.6721   0.0360   2.4555
21.6205    0.0264   0.5678   0.0395   1.4490
21.4027    0.0233   0.7435   0.0351   2.5366
21.2023    0.0201   0.6156   0.0304   2.6615
21.5523    0.0255   0.5845   0.0382   1.4638
21.5054    0.0249   0.6007   0.0374   1.4725
21.4367    0.0247   0.4985   0.0371   1.4760
21.5752    0.0269   0.5342   0.0402   1.4415
21.3703    0.0232   0.6707   0.0350   2.4860
21.5063    0.0253   0.5378   0.0379   1.4667
21.1908    0.0205   0.6373   0.0309   2.6091
21.4874    0.0249   0.6739   0.0374   2.4378
21.6977    0.0271   0.5870   0.0406   1.4378
21.7136    0.0284   0.6065   0.0423   1.4196
21.5395    0.0249   0.6917   0.0374   2.4470
21.7048    0.0279   0.5130   0.0416   1.4266
21.4700    0.0239   0.7038   0.0360   2.5038
20.9646    0.0168   0.6208   0.0254   2.8466
21.3521    0.0220   0.6849   0.0331   2.5365
21.6080    0.0274   0.5564   0.0409   1.4340
21.1116    0.0192   0.6306   0.0291   2.7312
21.6736    0.0279   0.5821   0.0416   1.4266
20.8360    0.0158   0.5575   0.0240   2.8949
21.2401    0.0209   0.6763   0.0315   2.6524
21.6284    0.0264   0.5127   0.0395   1.4490
21.2706    0.0210   0.6163   0.0316   2.5571
21.0164    0.0176   0.6251   0.0267   2.8062
21.0229    0.0177   0.6127   0.0269   2.7998
21.6612    0.0266   0.5669   0.0399   1.4452
20.9169    0.0163   0.6158   0.0248   2.8648
21.4012    0.0230   0.6322   0.0346   2.5217
21.0717    0.0187   0.5871   0.0283   2.7391
21.0324    0.0180   0.5637   0.0272   2.7852
21.5864    0.0266   0.6081   0.0399   1.4452
21.3270    0.0219   0.6984   0.0331   2.5337
21.5499    0.0262   0.5496   0.0392   1.4521
20.9230    0.0166   0.6390   0.0252   2.8484
21.5435    0.0253   0.5447   0.0379   1.4667
21.2942    0.0219   0.6833   0.0330   2.5793
21.0711    0.0183   0.5983   0.0277   2.7686
21.6003    0.0262   0.4915   0.0392   1.4521
21.0087    0.0178   0.6124   0.0270   2.7944
20.8709    0.0162   0.5440   0.0246   2.8641
21.1093    0.0189   0.6337   0.0287   2.7440
21.5004    0.0253   0.6362   0.0379   1.4667
21.6005    0.0276   0.5551   0.0413   1.4303
21.4508    0.0235   0.5502   0.0354   1.4972
21.5191    0.0253   0.5624   0.0379   1.4667
21.2658    0.0211   0.6494   0.0319   2.5891
21.5650    0.0266   0.6049   0.0399   1.4452
21.6377    0.0274   0.5231   0.0409   1.4340
21.1565    0.0193   0.6005   0.0292   2.6648
20.9525    0.0169   0.5595   0.0256   2.8378
20.7306    0.0147   0.5368   0.0223   2.9527
21.3155    0.0221   0.5035   0.0334   1.5241
21.2879    0.0208   0.5010   0.0314   1.5519
21.1594    0.0193   0.5873   0.0293   2.6193
20.8091    0.0155   0.5588   0.0234   2.8687
20.8792    0.0162   0.5701   0.0245   2.8272
20.9549    0.0171   0.5942   0.0259   2.7683
21.3237    0.0219   0.5112   0.0330   1.5298
21.1325    0.0190   0.5650   0.0288   2.6195
21.3287    0.0224   0.4496   0.0338   1.5183
21.0238    0.0177   0.4805   0.0268   2.7433
21.3678    0.0224   0.4991   0.0338   1.5183
20.9246    0.0171   0.5525   0.0259   2.6978
21.0669    0.0190   0.4653   0.0287   1.5934
20.5413    0.0130   0.4829   0.0196   3.0659
20.8581    0.0162   0.5276   0.0246   2.7586
21.3187    0.0221   0.5523   0.0334   1.5241
20.6604    0.0141   0.5618   0.0213   2.9957
21.0701    0.0184   0.4406   0.0279   1.6067
21.3176    0.0221   0.5157   0.0334   1.5241
20.8275    0.0155   0.5278   0.0235   2.8582
20.8801    0.0162   0.5373   0.0246   2.7728
20.7894    0.0153   0.5353   0.0232   2.8838
20.5558    0.0131   0.4978   0.0197   3.0636
21.2908    0.0216   0.5298   0.0325   1.5356
21.3427    0.0221   0.4935   0.0334   1.5241
20.4347    0.0122   0.4832   0.0182   3.1348
20.6443    0.0137   0.5215   0.0207   3.0252
20.8631    0.0160   0.5672   0.0242   2.8671
20.5984    0.0135   0.5504   0.0204   3.0308
20.7766    0.0152   0.5520   0.0230   2.8793
21.2637    0.0210   0.4768   0.0317   1.5477
21.0383    0.0186   0.4825   0.0281   1.6029
21.2355    0.0208   0.4922   0.0314   1.5519
20.6553    0.0140   0.5286   0.0212   2.9892
20.7750    0.0152   0.4948   0.0229   2.8658
21.0495    0.0183   0.4468   0.0277   1.6104
21.2335    0.0207   0.4723   0.0312   1.5548
21.3375    0.0221   0.5556   0.0334   1.5241
20.8804    0.0163   0.5509   0.0247   2.8342
21.1986    0.0200   0.5208   0.0302   1.5694
21.2459    0.0209   0.4508   0.0315   1.5498
21.0844    0.0186   0.4803   0.0282   1.6008
21.0977    0.0191   0.4775   0.0289   1.5899
20.6545    0.0141   0.5778   0.0213   2.9800
20.9639    0.0171   0.5610   0.0259   2.7876
21.1360    0.0192   0.6265   0.0291   2.6283
20.7932    0.0152   0.5546   0.0230   2.8664
21.3715    0.0224   0.5204   0.0338   1.5183
20.7822    0.0152   0.5800   0.0230   2.9186
21.2656    0.0210   0.4955   0.0317   1.5470
20.6123    0.0136   0.4987   0.0205   3.0127
21.1215    0.0190   0.4109   0.0287   1.5934
21.1579    0.0194   0.4051   0.0294   1.5828
20.8919    0.0166   0.5958   0.0252   2.8086
21.2732    0.0213   0.5409   0.0321   1.5413
21.1525    0.0196   0.4763   0.0296   1.5793
21.2581    0.0204   0.5000   0.0308   1.5606
21.3080    0.0210   0.5136   0.0317   1.5477
20.6995    0.0145   0.5378   0.0220   2.9656
21.2820    0.0216   0.4825   0.0325   1.5356
21.2661    0.0213   0.5413   0.0321   1.5413
21.1429    0.0193   0.5199   0.0291   1.5863
21.3010    0.0216   0.5176   0.0325   1.5356
20.7898    0.0153   0.5857   0.0232   2.9160
20.9765    0.0179   0.5641   0.0271   2.7048
20.5990    0.0134   0.5034   0.0203   3.0361
20.8789    0.0163   0.5560   0.0248   2.7986
20.8311    0.0156   0.5441   0.0236   2.8214
20.7142    0.0143   0.5279   0.0217   2.9718
21.1689    0.0196   0.4743   0.0296   1.5793
21.2813    0.0213   0.5300   0.0321   1.5413
20.6260    0.0136   0.4965   0.0205   3.0244
21.1125    0.0190   0.4998   0.0287   1.5934
20.7691    0.0151   0.5634   0.0228   2.9185
20.8089    0.0152   0.5791   0.0231   2.9193
21.1499    0.0191   0.5033   0.0289   1.5899
21.1345    0.0190   0.5973   0.0287   2.6617
21.1140    0.0191   0.4932   0.0289   1.5899
21.1489    0.0195   0.5461   0.0294   2.6080
21.3008    0.0216   0.4868   0.0325   1.5356
21.3727    0.0227   0.5599   0.0342   1.5126
21.1303    0.0190   0.5625   0.0288   2.6659
20.8195    0.0159   0.5534   0.0241   2.8742
20.8626    0.0158   0.5821   0.0240   2.8506
20.5920    0.0132   0.4995   0.0199   3.0560
20.6760    0.0145   0.5106   0.0219   2.9642
21.0009    0.0172   0.5555   0.0260   2.7525
21.2952    0.0213   0.4918   0.0321   1.5413
21.1432    0.0191   0.4792   0.0289   1.5899
21.0751    0.0187   0.5560   0.0283   2.6821
20.9939    0.0171   0.5513   0.0258   2.7088
21.0050    0.0179   0.6060   0.0271   2.7376
21.1931    0.0200   0.5030   0.0302   1.5694
21.1231    0.0191   0.4601   0.0289   1.5899
20.9024    0.0165   0.5714   0.0249   2.8285
21.2575    0.0211   0.4765   0.0319   1.5449
21.0160    0.0176   0.5487   0.0267   2.6852
20.7285    0.0148   0.5214   0.0224   2.9372
21.3779    0.0227   0.5053   0.0342   1.5126
20.2127    0.0105   0.4401   0.0157   3.2735
20.5358    0.0129   0.4937   0.0194   3.0194
20.9286    0.0164   0.4435   0.0249   1.6594
20.8716    0.0164   0.4695   0.0249   1.6594
20.1373    0.0101   0.4327   0.0150   3.3048
20.5986    0.0133   0.4940   0.0200   3.0222
20.9849    0.0175   0.4064   0.0266   1.6288
20.8189    0.0157   0.4101   0.0237   1.6812
20.9065    0.0167   0.4361   0.0253   1.6520
20.9572    0.0171   0.4778   0.0260   1.6393
20.9509    0.0171   0.4692   0.0260   1.6393
20.9390    0.0172   0.4624   0.0261   1.6373
20.2163    0.0106   0.4321   0.0158   3.2674
20.8193    0.0155   0.4312   0.0235   1.6852
20.8982    0.0164   0.4104   0.0249   1.6594
21.0209    0.0177   0.4580   0.0268   1.6251
20.4624    0.0123   0.5083   0.0184   3.0651
20.7611    0.0150   0.4233   0.0226   1.7031
20.3159    0.0113   0.4603   0.0169   3.1974
20.8120    0.0154   0.4542   0.0233   1.6892
20.9627    0.0171   0.4153   0.0259   1.6414
20.5792    0.0135   0.5157   0.0204   2.9513
20.8477    0.0158   0.4097   0.0239   1.6772
20.8890    0.0167   0.4469   0.0253   1.6520
21.0394    0.0180   0.4868   0.0272   1.6178
20.3465    0.0115   0.4500   0.0172   3.1744
20.4581    0.0123   0.5096   0.0185   3.0766
21.0144    0.0175   0.4388   0.0266   1.6288
20.7405    0.0149   0.4162   0.0225   1.7055
20.8560    0.0162   0.4405   0.0246   1.6643
20.9033    0.0161   0.4656   0.0243   1.6692
21.0263    0.0178   0.4891   0.0270   1.6215
20.9747    0.0171   0.4432   0.0260   1.6393
20.8634    0.0162   0.4574   0.0245   1.6667
20.7566    0.0149   0.4419   0.0225   1.7055
20.4960    0.0128   0.5012   0.0192   3.0704
20.7427    0.0150   0.4164   0.0226   1.7031
20.4520    0.0123   0.4833   0.0185   3.0562
20.8436    0.0157   0.4154   0.0237   1.6812
20.9038    0.0166   0.4558   0.0251   1.6545
20.7873    0.0151   0.5169   0.0229   2.8561
20.4238    0.0121   0.4826   0.0181   3.1274
20.9025    0.0163   0.4338   0.0247   1.6618
20.8052    0.0154   0.4252   0.0233   1.6892
20.7775    0.0151   0.5176   0.0229   2.8062
21.0263    0.0175   0.4501   0.0266   1.6288
20.7679    0.0151   0.4304   0.0229   1.6972
20.4857    0.0125   0.4903   0.0188   3.0067
20.2234    0.0105   0.4586   0.0156   3.2741
20.8097    0.0158   0.3948   0.0239   1.6772
20.1915    0.0105   0.4119   0.0156   3.2771
20.4231    0.0122   0.4727   0.0183   3.0887
20.3760    0.0116   0.4837   0.0173   3.1519
20.8792    0.0163   0.4646   0.0247   1.6618
20.2373    0.0107   0.4418   0.0159   3.2571
20.6187    0.0138   0.5165   0.0208   2.9808
20.9200    0.0166   0.4565   0.0251   1.6545
20.9471    0.0169   0.4328   0.0256   1.6455
20.8290    0.0153   0.4243   0.0231   1.6932
20.1339    0.0101   0.4363   0.0149   3.3166
20.8279    0.0157   0.4707   0.0237   1.6812
20.8252    0.0155   0.4551   0.0235   1.6852
20.0725    0.0096   0.4395   0.0142   3.3614
20.5793    0.0134   0.5481   0.0202   3.0102
20.8926    0.0161   0.4015   0.0243   1.6692
20.9983    0.0173   0.4574   0.0262   1.6352
20.9551    0.0171   0.4914   0.0260   1.6393
20.5673    0.0131   0.5079   0.0198   3.0444
20.7910    0.0153   0.4345   0.0231   1.6932
20.9917    0.0177   0.4596   0.0268   1.6251
20.5905    0.0135   0.4645   0.0204   2.9720
20.4600    0.0123   0.4608   0.0185   3.0283
21.0568    0.0181   0.4742   0.0274   1.6141
20.3002    0.0110   0.4691   0.0165   3.2243
20.9068    0.0164   0.4395   0.0249   1.6594
20.8327    0.0158   0.4620   0.0239   1.6772
20.6547    0.0140   0.4447   0.0211   2.8709
20.6031    0.0133   0.5308   0.0200   3.0239
20.7982    0.0154   0.4323   0.0233   1.6892
20.7325    0.0148   0.3992   0.0224   1.7079
20.6895    0.0141   0.4899   0.0213   2.8621
20.7599    0.0149   0.4495   0.0225   1.7055
20.7817    0.0150   0.4346   0.0228   1.7007
20.5954    0.0134   0.5068   0.0202   2.9244
20.1207    0.0100   0.4314   0.0148   3.3248
20.8470    0.0159   0.4323   0.0241   1.6732
20.5001    0.0127   0.4790   0.0191   3.0585
20.7045    0.0144   0.4517   0.0218   1.7204
20.0006    0.0093   0.4117   0.0136   3.3520
20.0031    0.0092   0.4380   0.0134   3.3753
20.5629    0.0132   0.4061   0.0199   1.7610
20.2448    0.0108   0.4625   0.0161   3.0690
20.6246    0.0135   0.4280   0.0204   1.7500
20.1185    0.0099   0.4913   0.0147   3.2481
20.1923    0.0103   0.4776   0.0152   3.2248
20.5782    0.0132   0.4099   0.0199   1.7610
20.6239    0.0138   0.4150   0.0208   1.7404
20.4221    0.0120   0.4200   0.0180   1.8056
20.4297    0.0120   0.4228   0.0180   1.8056
20.2420    0.0106   0.4640   0.0158   3.2022
20.4188    0.0121   0.4072   0.0181   1.8023
20.4129    0.0119   0.4090   0.0178   1.8089
20.7133    0.0145   0.4249   0.0219   1.7175
19.9052    0.0087   0.4417   0.0127   3.4538
20.0116    0.0093   0.4343   0.0136   3.3873
19.7509    0.0079   0.4339   0.0113   3.5571
20.2048    0.0104   0.4886   0.0155   3.1761
20.6865    0.0140   0.4328   0.0212   1.7337
20.6848    0.0142   0.4419   0.0215   1.7271
20.6915    0.0143   0.4274   0.0216   1.7237
20.4415    0.0121   0.4485   0.0181   1.8023
20.6864    0.0143   0.4121   0.0216   1.7237
20.1736    0.0102   0.4533   0.0152   3.2678
19.8808    0.0086   0.4566   0.0125   3.4728
20.2711    0.0110   0.4862   0.0164   3.1125
20.7578    0.0146   0.4204   0.0221   1.7151
20.3196    0.0112   0.4937   0.0168   3.1138
20.7064    0.0143   0.3996   0.0216   1.7237
20.4829    0.0125   0.4117   0.0189   1.7844
20.5534    0.0131   0.4550   0.0197   1.7649
20.0910    0.0098   0.4591   0.0145   3.2855
20.5721    0.0133   0.4084   0.0201   1.7571
20.3906    0.0117   0.4827   0.0176   3.0305
20.3983    0.0120   0.4456   0.0180   1.8056
20.6289    0.0137   0.4369   0.0206   1.7451
20.6382    0.0139   0.4246   0.0210   1.7371
20.6688    0.0145   0.4175   0.0219   1.7175
20.7156    0.0146   0.4680   0.0221   1.7151
20.4359    0.0121   0.4159   0.0182   1.7995
20.6980    0.0143   0.4496   0.0216   1.7237
20.4831    0.0123   0.4838   0.0185   2.9806
20.5949    0.0134   0.4178   0.0202   1.7532
20.4443    0.0124   0.4248   0.0186   1.7908
20.4864    0.0125   0.4308   0.0189   1.7844
20.2782    0.0110   0.4777   0.0164   3.1632
20.7235    0.0143   0.4362   0.0216   1.7237
19.9313    0.0089   0.4337   0.0129   3.4370
20.1670    0.0101   0.4619   0.0150   3.2433
20.1067    0.0100   0.4314   0.0147   3.2517
19.8818    0.0085   0.4389   0.0123   3.4760
20.6489    0.0138   0.4110   0.0208   1.7404
20.4646    0.0125   0.4518   0.0189   1.7844
20.4464    0.0121   0.4189   0.0182   1.7995
20.2314    0.0108   0.4696   0.0160   3.1910
20.2528    0.0108   0.4950   0.0161   3.0831
20.5679    0.0132   0.3649   0.0199   1.7610
19.9554    0.0090   0.4404   0.0131   3.3957
20.2931    0.0110   0.4943   0.0164   3.1566
20.6516    0.0137   0.4547   0.0207   1.7437
20.6828    0.0142   0.4833   0.0215   1.7271
20.7249    0.0147   0.4223   0.0222   1.7127
20.4590    0.0125   0.3971   0.0187   1.7873
20.2421    0.0107   0.4386   0.0159   3.1028
20.5419    0.0130   0.4231   0.0195   1.7688
20.1606    0.0102   0.4649   0.0150   3.1784
20.1322    0.0100   0.4670   0.0148   3.2165
20.6559    0.0141   0.4194   0.0213   1.7304
20.5830    0.0133   0.4272   0.0201   1.7571
20.6147    0.0137   0.4041   0.0207   1.7437
20.4757    0.0124   0.4359   0.0186   1.7908
20.4880    0.0125   0.4369   0.0189   1.7844
20.2176    0.0105   0.4718   0.0156   3.2531
20.6494    0.0139   0.4264   0.0210   1.7371
19.8448    0.0085   0.4459   0.0122   3.4648
20.3153    0.0112   0.3970   0.0168   1.8348
19.8499    0.0084   0.4870   0.0122   3.3642
20.1364    0.0100   0.4559   0.0148   1.8862
20.2862    0.0110   0.4457   0.0164   1.8442
19.6938    0.0076   0.4762   0.0109   3.5271
19.9468    0.0089   0.5001   0.0130   3.2428
20.3865    0.0117   0.4160   0.0176   1.8155
19.8794    0.0086   0.4330   0.0124   3.4510
19.9010    0.0087   0.4883   0.0126   3.3270
19.8522    0.0084   0.4518   0.0121   3.4854
19.9004    0.0087   0.4424   0.0126   3.4176
19.9556    0.0090   0.4998   0.0131   3.2171
19.9608    0.0089   0.4529   0.0130   3.3226
19.9901    0.0092   0.4284   0.0135   3.3257
19.9788    0.0090   0.4614   0.0132   3.3558
20.1883    0.0103   0.4771   0.0152   1.8752
20.2140    0.0105   0.4514   0.0155   1.8670
20.2126    0.0105   0.4830   0.0156   1.8642
20.4065    0.0117   0.4458   0.0176   1.8155
20.2089    0.0104   0.4895   0.0154   1.8698
20.2817    0.0111   0.4154   0.0165   1.8411
20.3888    0.0118   0.4090   0.0177   1.8122
20.0657    0.0096   0.4572   0.0142   1.9057
20.2715    0.0109   0.4437   0.0163   1.8474
19.9016    0.0086   0.4657   0.0125   3.4134
20.0976    0.0097   0.4888   0.0143   1.9026
19.5918    0.0072   0.4568   0.0100   3.6426
20.1597    0.0102   0.4588   0.0151   1.8780
20.1953    0.0105   0.4437   0.0156   1.8642
20.3372    0.0116   0.4401   0.0173   1.8221
19.9719    0.0090   0.4579   0.0131   3.3615
20.2001    0.0104   0.4721   0.0154   1.8698
20.3312    0.0112   0.4379   0.0168   1.8348
19.6742    0.0076   0.4312   0.0108   3.5982
19.8934    0.0086   0.5036   0.0125   3.2994
20.3709    0.0117   0.4058   0.0176   1.8155
20.1581    0.0102   0.4651   0.0150   1.8807
19.8724    0.0085   0.4637   0.0122   3.4083
19.9972    0.0092   0.4511   0.0134   3.3253
20.1683    0.0102   0.4621   0.0150   1.8807
19.7566    0.0079   0.4263   0.0113   3.5374
19.8976    0.0087   0.5100   0.0126   3.3213
20.3995    0.0118   0.4134   0.0177   1.8122
19.7804    0.0080   0.4903   0.0115   3.4459
19.9600    0.0090   0.4870   0.0132   3.2549
20.1368    0.0100   0.4777   0.0148   1.8862
19.9330    0.0088   0.5105   0.0127   3.2372
20.1051    0.0098   0.4656   0.0144   1.8989
19.6722    0.0076   0.4183   0.0108   3.5875
19.5394    0.0070   0.4547   0.0097   3.6795
20.0389    0.0094   0.4859   0.0139   3.2917
20.3418    0.0114   0.4461   0.0170   1.8286
20.2202    0.0105   0.4244   0.0156   1.8642
19.9306    0.0088   0.4434   0.0128   3.3982
19.8411    0.0084   0.4911   0.0121   3.3516
20.3176    0.0113   0.4466   0.0169   1.8317
19.6516    0.0075   0.4728   0.0106   3.5675
20.1711    0.0103   0.4539   0.0152   1.8752
19.7663    0.0080   0.4645   0.0115   3.4802
20.2743    0.0110   0.4430   0.0164   1.8442
20.2836    0.0111   0.4326   0.0165   1.8411
20.3205    0.0112   0.3998   0.0167   1.8380
20.3152    0.0112   0.4364   0.0168   1.8348
20.2054    0.0103   0.4451   0.0153   3.1302
20.0315    0.0095   0.4759   0.0139   3.1997
19.7305    0.0078   0.5357   0.0111   3.4167
19.9794    0.0091   0.5566   0.0134   1.9293
19.7499    0.0079   0.6632   0.0113   1.9971
19.8171    0.0082   0.5327   0.0118   3.3193
19.5766    0.0071   0.6590   0.0100   3.4207
19.8772    0.0085   0.5878   0.0122   1.9661
19.2621    0.0060   0.5088   0.0080   3.8416
19.8393    0.0083   0.6250   0.0120   1.9726
19.9785    0.0091   0.5111   0.0134   1.9293
19.9220    0.0087   0.5460   0.0127   1.9497
20.0230    0.0094   0.5117   0.0137   1.9180
19.4024    0.0065   0.5100   0.0088   3.7409
19.4281    0.0066   0.5013   0.0090   3.7209
19.7194    0.0078   0.7157   0.0111   2.0055
19.1694    0.0057   0.5530   0.0075   3.8853
19.9160    0.0088   0.5428   0.0128   1.9474
19.6666    0.0076   0.5251   0.0108   3.4794
19.9209    0.0087   0.5646   0.0126   1.9536
19.6804    0.0076   0.5096   0.0108   3.5033
19.8095    0.0083   0.6175   0.0120   1.9748
19.7843    0.0081   0.6636   0.0115   1.9896
19.9283    0.0087   0.5592   0.0127   1.9497
19.5610    0.0071   0.5708   0.0099   3.5449
19.7571    0.0080   0.6400   0.0114   1.9952
19.7236    0.0077   0.4924   0.0110   3.4906
19.8723    0.0085   0.5954   0.0123   1.9619
19.8601    0.0085   0.5300   0.0124   3.2620
19.8778    0.0085   0.5951   0.0123   1.9619
19.4079    0.0065   0.4710   0.0089   3.7497
19.6651    0.0075   0.5751   0.0106   3.4324
19.4593    0.0067   0.5354   0.0092   3.6719
19.0949    0.0055   0.6142   0.0071   3.9370
19.8096    0.0082   0.6451   0.0118   1.9814
19.7967    0.0082   0.6343   0.0117   1.9836
19.3097    0.0061   0.4891   0.0082   3.8175
19.6217    0.0073   0.5310   0.0103   3.5276
19.6088    0.0073   0.6272   0.0103   3.4543
19.9136    0.0088   0.5713   0.0127   1.9489
19.8929    0.0086   0.5708   0.0125   1.9577
19.8744    0.0085   0.6068   0.0123   1.9619
19.7209    0.0078   0.7037   0.0111   2.0033
19.7804    0.0081   0.6705   0.0115   1.9896
19.8445    0.0084   0.5424   0.0122   3.2908
19.9819    0.0092   0.5150   0.0135   1.9240
19.9497    0.0090   0.5211   0.0131   1.9371
19.5561    0.0070   0.5488   0.0098   3.5886
19.9009    0.0086   0.5564   0.0125   1.9557
19.7778    0.0081   0.6584   0.0115   1.9896
19.8569    0.0085   0.5761   0.0122   1.9661
19.9046    0.0087   0.5670   0.0126   1.9536
19.6075    0.0073   0.6532   0.0102   3.3941
19.3567    0.0063   0.4938   0.0085   3.7874
19.4846    0.0068   0.5660   0.0094   3.6349
19.7057    0.0077   0.5828   0.0110   3.3639
19.2095    0.0058   0.5566   0.0077   3.8680
19.9289    0.0088   0.5461   0.0128   1.9459
19.9346    0.0088   0.5448   0.0129   1.9444
19.6058    0.0073   0.6702   0.0102   3.4111
18.7555    0.0046   1.6563   0.0054   4.1374
19.1327    0.0055   1.5075   0.0072   3.6752
19.3008    0.0061   1.8677   0.0082   2.0999
19.0952    0.0055   1.2790   0.0071   3.8230
19.4824    0.0068   1.8736   0.0093   2.0471
19.0562    0.0054   1.2092   0.0068   3.8818
19.3574    0.0064   1.8575   0.0086   2.0830
18.9861    0.0052   1.1961   0.0065   3.9278
19.1654    0.0057   0.6313   0.0074   3.8758
19.3634    0.0064   1.8559   0.0086   2.0830
19.6448    0.0074   0.7126   0.0105   2.0206
19.4327    0.0066   1.8549   0.0090   2.0642
19.0564    0.0054   1.2736   0.0068   3.8579
19.7158    0.0078   1.8036   0.0111   2.0343
19.4152    0.0065   0.6591   0.0089   3.6013
19.3742    0.0064   1.8803   0.0087   2.0802
18.8382    0.0048   1.1989   0.0058   4.0484
19.3919    0.0064   1.8530   0.0087   2.0774
19.2503    0.0059   1.4671   0.0079   3.6366
18.8180    0.0047   1.2013   0.0057   4.0642
19.4858    0.0068   0.6811   0.0093   3.4584
18.7507    0.0046   1.8166   0.0054   3.5726
19.3571    0.0063   1.8638   0.0086   2.0858
19.1311    0.0056   0.6402   0.0072   3.7401
19.0110    0.0052   1.1760   0.0066   3.9248
18.8056    0.0047   1.2024   0.0056   4.0605
19.4950    0.0068   0.6709   0.0094   3.4987
19.2220    0.0059   0.5494   0.0078   3.7094
18.6042    0.0043   1.8625   0.0048   4.1748
19.4084    0.0065   1.8742   0.0088   2.0746
19.3165    0.0062   1.6064   0.0083   3.4988
19.0409    0.0053   1.3559   0.0068   3.8069
19.2155    0.0059   0.5986   0.0078   3.7815
19.0083    0.0052   1.1695   0.0066   3.9297
19.1341    0.0056   1.4282   0.0073   3.7183
19.0751    0.0054   1.2925   0.0069   3.8318
17.9404    0.0032   2.2826   0.0028   3.5424
19.4644    0.0067   0.6774   0.0092   3.4674
19.3451    0.0063   1.8465   0.0085   2.0886
18.7761    0.0047   1.6165   0.0055   3.7192
19.3329    0.0062   1.8437   0.0084   2.0945
18.8485    0.0048   1.2046   0.0058   4.0180
19.4484    0.0067   1.8723   0.0091   2.0573
19.3582    0.0063   0.6093   0.0085   3.5958
19.4454    0.0066   1.8611   0.0091   2.0596
17.7355    0.0030   2.6002   0.0023   2.0404
18.9605    0.0051   1.1612   0.0063   3.9676
18.8686    0.0049   1.1751   0.0060   4.0321
19.4256    0.0066   1.8598   0.0090   2.0665
19.0224    0.0052   0.5776   0.0066   3.9483
19.5824    0.0072   0.6757   0.0101   2.0252
19.5044    0.0068   0.6781   0.0095   3.4917
18.6738    0.0044   1.2640   0.0051   4.1317
18.9464    0.0051   1.8891   0.0063   2.1765
18.8358    0.0048   1.9384   0.0058   2.1918
18.8570    0.0048   1.6058   0.0059   3.7257
19.2021    0.0058   1.8488   0.0076   2.1247
18.3310    0.0038   1.8631   0.0039   4.3007
19.2080    0.0058   1.8614   0.0077   2.1221
19.2250    0.0059   1.8555   0.0078   2.1195
18.6864    0.0044   1.4635   0.0052   3.9401
18.8165    0.0047   1.3236   0.0057   3.9544
19.2221    0.0059   1.8659   0.0078   2.1195
19.0108    0.0052   1.5912   0.0066   3.6607
18.8349    0.0048   1.3518   0.0058   3.9293
18.3660    0.0038   1.2046   0.0040   4.2213
19.0096    0.0052   1.5505   0.0066   3.6972
18.7934    0.0047   1.9533   0.0056   2.1965
19.2195    0.0059   1.8533   0.0078   2.1195
19.2141    0.0058   1.8539   0.0077   2.1221
19.1483    0.0056   1.8448   0.0073   2.1367
18.5803    0.0042   1.3104   0.0048   4.1284
19.1737    0.0057   1.8501   0.0075   2.1306
19.1479    0.0056   1.8493   0.0073   2.1367
18.8887    0.0049   1.9100   0.0060   2.1861
19.1442    0.0056   1.8607   0.0072   2.1397
18.8425    0.0048   1.2955   0.0058   3.9588
19.0198    0.0053   1.4150   0.0066   3.7994
19.2602    0.0060   1.8537   0.0080   2.1115
19.0240    0.0053   1.3780   0.0066   3.8122
19.1230    0.0055   1.8462   0.0072   2.1427
18.8569    0.0048   1.9218   0.0059   2.1902
18.1734    0.0035   2.2546   0.0034   2.2050
18.5262    0.0041   1.8564   0.0045   4.2105
18.7749    0.0046   1.4560   0.0055   3.8979
19.1166    0.0055   1.8555   0.0072   2.1427
18.2655    0.0037   1.8761   0.0037   4.3283
18.8463    0.0048   1.2455   0.0059   3.9892
19.0151    0.0052   1.8829   0.0066   2.1652
18.9370    0.0050   1.8958   0.0063   2.1784
19.1778    0.0057   1.8653   0.0075   2.1306
19.2205    0.0058   1.8502   0.0077   2.1221
19.1182    0.0055   1.8553   0.0072   2.1427
18.8752    0.0049   1.9159   0.0059   2.1887
18.1061    0.0034   2.2917   0.0032   2.2075
18.0474    0.0034   2.3166   0.0031   2.2084
18.9278    0.0050   1.3518   0.0062   3.8754
18.9536    0.0051   1.8941   0.0063   2.1765
17.2653    0.0026   2.4589   0.0014   4.3100
17.5301    0.0028   2.0478   0.0019   4.1236
