#ID x y mag e_mag col1 e_col1 memb_prob sel
355      990.254000 509.646000  18.2060   0.0080   2.0770   0.0190   1.0000      1
161      948.429000 550.722000  17.5850   0.0090   1.9490   0.0260   1.0000      1
436      985.655000 573.250000  18.7460   0.0100   1.1590   0.0290   1.0000      1
600      1092.300000 456.765000  18.7580   0.0110   1.4340   0.0210   1.0000      1
207      1014.578000 515.424000  17.9490   0.0110   1.8600   0.0260   1.0000      1
601      1002.714000 405.043000  18.7560   0.0120   1.3840   0.0250   1.0000      1
30841    953.516000 529.751000  17.5620   0.0120   1.8740   0.0310   1.0000      1
225      1038.930000 578.743000  17.8640   0.0130   1.8090   0.0250   1.0000      1
228      977.549000 520.468000  18.4980   0.0160   1.2000   0.0280   1.0000      1
1092     1006.220000 490.170000  19.2790   0.0160   0.4640   0.0290   1.0000      1
1244     1111.186000 463.389000  19.5360   0.0170   1.5530   0.0420   1.0000      1
367      1001.013000 536.594000  18.8100   0.0180   0.8900   0.0620   1.0000      1
1211     966.279000 481.399000  19.5560   0.0190   0.4660   0.0280   1.0000      1
215      975.516000 529.218000  17.6530   0.0190   1.8050   0.0500   1.0000      1
813      993.974000 605.257000  19.2070   0.0190   2.4500   0.0800   1.0000      1
1532     1071.529000 512.417000  19.8700   0.0210  -0.0030   0.0320   1.0000      1
279      1000.771000 557.810000  18.5400   0.0210   1.1350   0.0830   1.0000      1
30934    1005.020000 568.595000  18.5100   0.0230   1.1100   0.0350   1.0000      1
520      1030.430000 524.283000  18.7840   0.0230   1.1330   0.0480   1.0000      1
1445     920.340000 505.637000  20.0660   0.0250  -0.1030   0.0350   1.0000      1
558      1050.370000 560.579000  19.6040   0.0250   0.6190   0.0450   1.0000      1
30898    985.074000 552.438000  18.3750   0.0260   1.1100   0.0480   1.0000      1
248      960.576000 540.356000  18.7520   0.0270   1.3730   0.0390   1.0000      1
1201     981.627000 563.632000  19.5650   0.0300   0.3390   0.0390   1.0000      1
30988    1072.053000 601.215000  19.2520   0.0310   0.5830   0.0420   1.0000      1
1734     1047.607000 585.758000  20.0960   0.0320  -0.2500   0.0370   1.0000      1
2393     889.852000 575.073000  20.5050   0.0380  -0.0260   0.0450   1.0000      1
30889    1004.447000 546.639000  20.0830   0.0620  -0.5710   0.0720   1.0000      1
1345     1008.415000 558.842000  20.0850   0.0630  -0.5610   0.0780   1.0000      1
461      981.015000 559.311000  18.8540   0.0170   1.0620   0.0410   0.9990      1
417      933.605000 551.514000  18.7260   0.0270   1.4020   0.0390   0.9990      1
1070     1027.066000 538.944000  19.5330   0.0310   0.6080   0.0430   0.9990      1
30883    946.816000 547.065000  19.0720   0.0310   0.0680   0.0480   0.9990      1
100348   981.959000 568.033000  21.3070   0.1070  -0.4350   0.1250   0.9990      1
144      1027.085000 663.066000  17.1720   0.0060   2.0990   0.0130   0.9980      1
301      965.444000 600.071000  18.2140   0.0110   1.6120   0.0170   0.9980      1
725      1049.942000 620.206000  18.9590   0.0130   2.2190   0.0860   0.9980      1
126      967.064000 553.576000  17.2250   0.0180   1.9370   0.0300   0.9980      1
1228     1084.069000 545.583000  19.6170   0.0220   0.7550   0.0400   0.9980      1
1109     928.276000 538.796000  19.5560   0.0280   1.4150   0.0610   0.9980      1
83       906.463000 589.298000  16.4570   0.0030   2.9230   0.0120   0.9970      1
120      930.716000 616.970000  17.0170   0.0040   2.6190   0.0190   0.9970      1
100309   1016.660000 546.027000  18.8970   0.0310   0.5440   0.0610   0.9970      1
1209     1025.278000 548.971000  19.5830   0.0410   1.3130   0.0620   0.9970      1
32       978.515000 545.930000  20.2540   0.0640  -0.1690   0.0770   0.9970      1
30794    1024.677000 496.278000  20.8450   0.0680  -0.1280   0.0820   0.9970      1
1491     1105.218000 479.597000  19.8670   0.0240   0.5100   0.0370   0.9960      1
1192     933.513000 507.529000  19.5000   0.0330   0.6000   0.0410   0.9960      1
100363   962.222000 590.126000  20.5800   0.1130  -0.0910   0.1180   0.9960      1
30838    976.111000 523.753000  19.9980   0.0480  -0.0780   0.0840   0.9950      1
100270   963.077000 521.885000  20.4920   0.0550   0.0450   0.0770   0.9950      1
30922    933.441000 561.351000  21.0290   0.0920  -0.3660   0.1940   0.9950      1
2595     997.412000 519.821000  19.5200   0.0430   0.6230   0.0620   0.9940      1
335      1034.240000 502.118000  18.2720   0.0070   1.7740   0.0250   0.9930      1
333      1068.734000 596.161000  18.9330   0.0130   2.1640   0.0660   0.9920      1
466      979.310000 651.559000  18.8130   0.0160   1.4590   0.0350   0.9920      1
229      1070.501000 599.654000  18.1750   0.0180   2.4420   0.0790   0.9920      1
1422     1011.292000 575.222000  19.7960   0.0320   0.3900   0.0510   0.9920      1
30904    1001.703000 553.592000  19.2720   0.0490   0.1320   0.0650   0.9920      1
2861     1001.649000 459.138000  21.9850   0.1390  -0.0240   0.1660   0.9920      1
749      935.769000 559.069000  19.0860   0.0220   2.4280   0.0770   0.9910      1
1296     938.441000 576.539000  19.9730   0.0230   0.5260   0.0370   0.9910      1
30916    956.100000 560.156000  19.8560   0.0330   0.0540   0.0420   0.9910      1
1111     943.259000 564.178000  19.9020   0.0350   0.6870   0.0580   0.9910      1
1066     984.360000 542.013000  19.3240   0.0460   0.5750   0.1050   0.9910      1
269      1059.006000 538.125000  17.9890   0.0060   2.1660   0.0210   0.9900      1
193      995.514000 580.486000  17.6520   0.0070   1.4710   0.0170   0.9900      1
1350     1114.259000 489.829000  19.8430   0.0310   0.4990   0.0460   0.9900      1
1842     1011.365000 664.692000  20.2230   0.0390   1.3320   0.0680   0.9900      1
456      1026.622000 585.319000  18.8190   0.0130   1.4730   0.0300   0.9890      1
240      1014.172000 543.244000  18.2590   0.0130   2.0140   0.0660   0.9890      1
1545     935.670000 591.819000  19.9230   0.0370   0.7640   0.0560   0.9890      1
30828    971.495000 520.065000  20.0700   0.0410  -0.0550   0.0530   0.9890      1
593      1017.583000 540.291000  19.6030   0.0510   0.6290   0.1000   0.9880      1
647      914.263000 627.245000  18.7910   0.0120   1.5260   0.0210   0.9870      1
256      1005.299000 542.807000  17.9970   0.0120   1.7190   0.0270   0.9860      1
1274     925.297000 545.190000  19.8470   0.0490   0.4990   0.0710   0.9860      1
30917    994.302000 560.029000  19.5670   0.0630   0.3650   0.0760   0.9860      1
40       1005.668000 563.917000  15.7970   0.0030   3.0450   0.0190   0.9850      1
82       941.000000 549.223000  16.4890   0.0040   2.8750   0.0260   0.9850      1
27       1027.805000 561.610000  15.3640   0.0060   3.6790   0.0370   0.9850      1
518      874.359000 510.910000  18.6600   0.0100   1.8090   0.0250   0.9850      1
1450     935.925000 447.719000  19.9880   0.0260   0.5300   0.0360   0.9850      1
669      974.083000 649.267000  19.2590   0.0280   0.3250   0.0360   0.9850      1
1426     971.838000 537.812000  19.5840   0.0660   0.5260   0.0740   0.9850      1
55       992.375000 536.350000  16.3290   0.0070   2.4700   0.0270   0.9840      1
546      1089.364000 487.774000  18.7240   0.0160   1.4680   0.0320   0.9840      1
849      944.956000 597.030000  19.9850   0.0280   0.5540   0.0400   0.9840      1
1417     1002.671000 531.228000  19.8410   0.0510   0.5340   0.0710   0.9840      1
69       1060.184000 470.062000  16.3020   0.0040   2.1210   0.0090   0.9830      1
153      1037.187000 531.665000  17.3120   0.0050   1.6090   0.0140   0.9830      1
21       988.625000 548.113000  15.2250   0.0070   3.1450   0.0330   0.9830      1
1060     1027.223000 598.176000  19.2340   0.0160   1.5840   0.0340   0.9830      1
271      1038.735000 547.335000  18.1430   0.0250   1.6320   0.0340   0.9830      1
3021     955.664000 555.579000  19.7390   0.0520  -1.2180   0.0670   0.9830      1
38       965.374000 574.918000  15.6800   0.0070   4.8910   0.0830   0.9820      1
246      967.225000 594.862000  18.0190   0.0080   2.0330   0.0190   0.9820      1
135      975.025000 515.435000  17.4200   0.0100   0.9890   0.0290   0.9820      1
1343     945.699000 670.402000  19.8430   0.0270   0.6390   0.0610   0.9820      1
1102     1020.892000 498.956000  20.0050   0.0360   0.1240   0.0420   0.9820      1
30842    988.568000 526.331000  19.6130   0.0410   0.5000   0.0770   0.9820      1
30896    1028.426000 552.457000  19.8350   0.0430   0.6210   0.0530   0.9820      1
100242   1074.377000 485.797000  21.0040   0.1070  -0.0590   0.1190   0.9820      1
1647     1044.789000 454.248000  20.2290   0.0340   1.3840   0.0730   0.9810      1
30847    950.903000 531.221000  19.0880   0.0420   1.1080   0.0620   0.9810      1
30875    996.503000 542.398000  19.5210   0.0440   0.0510   0.0630   0.9810      1
170      1127.044000 534.735000  17.3900   0.0050   2.2310   0.0120   0.9790      1
476      1057.285000 605.275000  18.5720   0.0090   1.8850   0.0240   0.9790      1
435      1001.504000 573.565000  18.9170   0.0200   1.1220   0.0480   0.9790      1
950      990.117000 606.610000  19.9300   0.0320   0.4250   0.0430   0.9790      1
1603     958.578000 549.870000  19.9590   0.0320   0.8330   0.0580   0.9790      1
30800    962.141000 498.852000  19.8450   0.0460   0.6560   0.0720   0.9790      1
410      985.288000 516.471000  18.5440   0.0140   1.4630   0.0230   0.9780      1
1063     938.584000 442.168000  19.2490   0.0170   1.9950   0.0400   0.9780      1
1396     951.044000 671.277000  19.8860   0.0230   0.7420   0.1530   0.9780      1
100305   1009.421000 542.320000  19.8280   0.0560   0.2760   0.1040   0.9780      1
414      1012.775000 529.097000  18.7740   0.0260   1.4940   0.0760   0.9770      1
1615     977.331000 413.522000  20.0480   0.0310   0.9830   0.0520   0.9770      1
1416     1015.541000 501.357000  19.8140   0.0360   0.5560   0.0470   0.9770      1
1057     1061.845000 527.918000  19.2200   0.0140   1.3900   0.0280   0.9760      1
30872    1031.165000 542.475000  19.8100   0.0320   0.5630   0.0480   0.9760      1
100256   965.607000 503.634000  19.8150   0.0730   0.6000   0.0790   0.9760      1
30918    1000.786000 560.750000  19.8460   0.0570   0.1840   0.0740   0.9750      1
30880    1002.042000 544.990000  19.5370   0.0620   0.6730   0.1000   0.9750      1
356      955.357000 591.539000  18.3350   0.0090   2.2310   0.0250   0.9740      1
387      903.620000 468.628000  18.3500   0.0180   1.7940   0.0440   0.9740      1
1533     984.056000 587.199000  19.9090   0.0430   0.4010   0.0660   0.9740      1
2236     1000.373000 525.256000  19.7970   0.0660   0.5220   0.0870   0.9740      1
195      1019.118000 549.288000  17.8190   0.0260   1.6400   0.0310   0.9730      1
1871     1064.091000 418.084000  20.1820   0.0270   0.5080   0.0370   0.9720      1
1293     969.798000 524.627000  20.0020   0.0380   0.7110   0.0530   0.9720      1
1305     1016.970000 475.032000  20.5440   0.0580   0.1840   0.0870   0.9720      1
30921    917.144000 564.059000  20.8720   0.0640   0.0070   0.0820   0.9720      1
100257   1024.091000 503.097000  20.4810   0.1130   0.0350   0.1710   0.9720      1
30957    965.249000 583.484000  19.7000   0.0510   0.6270   0.0680   0.9710      1
30833    1028.775000 520.833000  20.4650   0.0520   0.2000   0.0860   0.9710      1
1034     994.569000 417.704000  19.1830   0.0150   2.9310   0.0980   0.9700      1
1394     946.672000 525.667000  20.1830   0.0330   0.3190   0.0520   0.9700      1
1311     967.519000 534.881000  19.6390   0.0580   0.5180   0.0650   0.9700      1
100880   1065.812000 653.291000  21.9430   0.2180   0.0070   0.2310   0.9700      1
254      1059.427000 593.831000  17.9370   0.0120   2.3250   0.0320   0.9690      1
30927    1013.925000 565.200000  19.6470   0.0440  -0.1290   0.0490   0.9690      1
1573     1132.343000 556.498000  20.0190   0.0220   0.5340   0.0340   0.9680      1
379      955.322000 514.687000  18.3540   0.0090   1.9240   0.0350   0.9670      1
1860     935.695000 524.107000  20.1870   0.0340   0.5090   0.0460   0.9670      1
30939    1015.717000 569.133000  19.4810   0.0430   0.2140   0.0630   0.9670      1
1826     972.583000 443.815000  20.3130   0.0290   1.3640   0.0520   0.9660      1
30926    1000.626000 565.127000  19.7080   0.0450   0.6080   0.0620   0.9660      1
1520     932.201000 422.666000  19.9020   0.0270   1.1310   0.0440   0.9650      1
30920    990.005000 563.536000  19.7630   0.0410   0.0280   0.0560   0.9650      1
100278   978.969000 527.448000  19.7340   0.0650   0.6010   0.0880   0.9650      1
537      1037.057000 456.792000  18.6850   0.0090   1.7120   0.0220   0.9640      1
293      1034.198000 578.806000  18.4540   0.0100   1.4770   0.0240   0.9640      1
1251     963.818000 525.352000  20.0190   0.0340   0.8510   0.0840   0.9640      1
1148     1001.667000 580.985000  20.1820   0.0420   0.3250   0.0640   0.9640      1
30816    1016.568000 512.550000  18.3580   0.0130   1.8490   0.0380   0.9630      1
1021     996.935000 586.695000  19.6950   0.0300   0.6070   0.0980   0.9630      1
30964    1001.577000 585.281000  20.1680   0.0380   0.4920   0.0550   0.9630      1
100328   984.144000 556.240000  19.5080   0.0390   0.7080   0.0640   0.9630      1
100239   988.232000 486.254000  20.4950   0.0760   0.2380   0.0890   0.9630      1
1130     1028.991000 465.460000  19.3110   0.0160   2.0060   0.0630   0.9620      1
1617     1062.964000 434.853000  20.0710   0.0380   0.9210   0.0610   0.9620      1
479      995.716000 499.547000  18.8250   0.0160   1.5270   0.0290   0.9610      1
100352   1019.382000 573.061000  18.5430   0.0250   1.4820   0.0380   0.9610      1
1194     1022.008000 515.849000  20.0320   0.0430   0.8030   0.0560   0.9610      1
30899    1010.725000 554.566000  20.0880   0.0710   0.0250   0.0860   0.9610      1
622      961.415000 559.463000  18.7770   0.0170   1.5680   0.0380   0.9600      1
30856    1041.358000 534.559000  19.6370   0.0290   0.8530   0.0630   0.9600      1
968      998.106000 599.403000  19.2600   0.0130   1.8170   0.0440   0.9590      1
30854    927.291000 534.705000  20.4510   0.0330   0.3590   0.0540   0.9590      1
30956    989.820000 582.214000  19.7660   0.0390   0.6690   0.0800   0.9590      1
30982    1009.172000 598.610000  20.0830   0.0490   0.9070   0.0670   0.9590      1
637      1055.629000 550.410000  18.8230   0.0120   1.8080   0.0270   0.9580      1
671      1061.531000 544.371000  18.9390   0.0120   1.7350   0.0270   0.9580      1
1587     1140.680000 559.746000  20.0440   0.0230   0.8640   0.0470   0.9580      1
992      1045.990000 569.481000  19.3420   0.0260   0.3680   0.0360   0.9580      1
100355   994.908000 571.903000  20.4760   0.0820   0.2530   0.1190   0.9580      1
1887     890.507000 542.836000  20.5440   0.0340   0.3460   0.0490   0.9570      1
30968    992.789000 582.692000  19.9680   0.0630   0.3610   0.0810   0.9570      1
1158     1026.319000 504.340000  20.0490   0.0860   0.8640   0.0950   0.9570      1
2111     917.524000 520.372000  20.2550   0.0270   0.5450   0.0440   0.9550      1
1105     961.382000 491.534000  19.6220   0.0390   1.5050   0.0600   0.9530      1
30851    1008.377000 532.490000  20.1460   0.0510   0.8780   0.0680   0.9530      1
30943    1029.411000 573.049000  19.9690   0.0510   0.9500   0.1170   0.9530      1
1004     1097.609000 655.031000  19.1440   0.0120   3.0850   0.0860   0.9520      1
2340     956.052000 682.142000  20.5290   0.0440   0.3990   0.0600   0.9520      1
30897    962.601000 553.934000  20.4090   0.0570   0.3370   0.0840   0.9520      1
1135     1017.616000 588.538000  20.1300   0.0380   0.7550   0.0590   0.9510      1
2487     1099.879000 440.166000  20.5900   0.0300   0.4360   0.0490   0.9500      1
1705     1122.685000 523.205000  20.2430   0.0350   0.8480   0.0690   0.9500      1
2220     1035.783000 422.014000  20.4040   0.0290   0.5640   0.0460   0.9490      1
30953    979.662000 581.278000  18.9140   0.0380   1.2820   0.0550   0.9490      1
1610     1009.827000 477.410000  20.5550   0.0520   0.3920   0.0770   0.9490      1
2091     1083.338000 474.099000  20.2280   0.0280   0.6040   0.0500   0.9480      1
2230     1113.321000 606.060000  20.5280   0.0310   0.4840   0.0450   0.9480      1
1737     1079.867000 586.429000  20.4450   0.0370   0.5540   0.0560   0.9480      1
1663     980.959000 467.920000  20.1220   0.0380   0.8680   0.1190   0.9480      1
458      1031.373000 537.029000  18.9190   0.0130   1.5370   0.0380   0.9470      1
805      1018.027000 494.733000  18.9810   0.0140   2.0150   0.0430   0.9470      1
1241     1077.148000 557.590000  19.5760   0.0230   0.8730   0.0340   0.9470      1
1602     943.986000 679.090000  20.1120   0.0390   0.4770   0.0510   0.9470      1
30831    985.253000 522.153000  20.0390   0.0450   0.4630   0.0570   0.9470      1
30802    1037.921000 498.904000  20.4480   0.0510   0.4250   0.0860   0.9470      1
1027     970.624000 435.271000  19.2680   0.0170   1.7790   0.0710   0.9460      1
1684     927.079000 549.976000  20.4060   0.0350   0.6000   0.0650   0.9460      1
401      1044.312000 543.271000  18.4850   0.0100   1.7480   0.0480   0.9450      1
1460     1118.738000 582.417000  20.0390   0.0560   0.6210   0.0660   0.9450      1
100313   973.228000 551.520000  20.4250   0.0670   0.4060   0.0900   0.9450      1
2010     1097.502000 571.161000  20.3960   0.0390   0.5310   0.0560   0.9440      1
1942     991.304000 628.413000  20.5560   0.0430   0.4840   0.0590   0.9440      1
1747     964.785000 475.049000  20.4260   0.0480   0.5850   0.0620   0.9440      1
232      980.167000 517.354000  18.6660   0.0180   1.8500   0.0390   0.9430      1
30963    969.523000 586.130000  20.3850   0.0390   0.5720   0.0570   0.9430      1
30857    1011.390000 535.408000  20.0920   0.0540   0.7600   0.1150   0.9430      1
1854     1039.803000 516.121000  20.2710   0.0380   0.5710   0.0480   0.9420      1
2147     1087.394000 601.421000  20.4640   0.0380   0.5920   0.0570   0.9420      1
2169     996.524000 484.586000  20.3840   0.0400   0.6150   0.0560   0.9420      1
2057     1053.806000 497.164000  20.4690   0.0480   0.5490   0.0670   0.9420      1
4365     951.154000 572.113000  20.0530   0.0650   0.6280   0.0810   0.9420      1
460      1052.775000 558.048000  18.8210   0.0110   1.6870   0.0410   0.9410      1
2179     875.523000 535.836000  20.3730   0.0300   0.5930   0.0500   0.9410      1
1637     921.748000 569.649000  20.2720   0.0320   0.5800   0.0560   0.9410      1
1314     1014.658000 473.382000  20.2780   0.0380   0.9990   0.1310   0.9410      1
30936    971.015000 568.688000  20.1530   0.0480   0.5500   0.0630   0.9410      1
1633     1113.415000 485.573000  20.5070   0.0340   0.5430   0.0540   0.9400      1
30945    989.719000 574.306000  20.1790   0.0350   0.1390   0.0550   0.9400      1
1326     940.602000 561.664000  20.5570   0.0530   0.4830   0.0770   0.9400      1
1258     1009.222000 517.008000  20.0980   0.0580   0.7180   0.0730   0.9400      1
1212     1063.477000 488.837000  19.3890   0.0150   1.9570   0.0410   0.9390      1
2004     1102.966000 461.303000  20.3920   0.0270   0.6890   0.0500   0.9390      1
2119     888.564000 631.538000  20.3800   0.0380   0.5130   0.0500   0.9390      1
1279     1020.944000 472.632000  20.4840   0.0460   0.5330   0.0840   0.9390      1
2605     1054.082000 507.513000  20.5110   0.0480   0.5330   0.0630   0.9390      1
30887    1034.676000 549.101000  20.1510   0.0590   0.7350   0.0720   0.9390      1
4364     955.434000 570.344000  20.5320   0.0600   0.4920   0.0850   0.9390      1
1503     979.810000 574.560000  20.2750   0.0310   0.6060   0.0520   0.9380      1
1904     1122.450000 585.600000  20.5720   0.0600   0.4870   0.0750   0.9380      1
541      908.043000 601.919000  18.8360   0.0130   1.8520   0.0360   0.9370      1
31018    1046.901000 615.394000  20.2610   0.0580   0.9000   0.0800   0.9370      1
30878    961.581000 545.047000  20.1970   0.0640   0.5900   0.0900   0.9370      1
2310     1101.142000 526.462000  20.3700   0.0340   0.5090   0.0460   0.9360      1
370      1035.574000 544.017000  18.8290   0.0160   1.6080   0.0330   0.9350      1
736      977.370000 560.855000  19.3030   0.0220   1.4060   0.0490   0.9350      1
100366   994.844000 588.005000  21.5670   0.1250   0.1030   0.1530   0.9350      1
1080     899.800000 515.245000  19.5970   0.0160   1.6590   0.0500   0.9340      1
1497     1042.707000 458.415000  20.3730   0.0400   0.4620   0.0490   0.9340      1
100365   966.457000 589.813000  20.2230   0.0470   0.0270   0.0640   0.9340      1
1954     888.010000 512.959000  20.3500   0.0480   0.5710   0.0630   0.9340      1
1452     1014.776000 533.305000  20.1150   0.0630   0.6000   0.0950   0.9340      1
697      977.921000 456.252000  18.8350   0.0110   1.6670   0.0250   0.9330      1
1501     1066.089000 662.291000  20.0870   0.0260   0.5690   0.0390   0.9330      1
1757     1104.109000 554.900000  20.1720   0.0290   0.5840   0.0410   0.9330      1
30950    943.227000 576.054000  20.4130   0.0500   0.6640   0.0690   0.9330      1
100316   1012.338000 546.669000  20.1130   0.0550   0.6700   0.1010   0.9330      1
100294   977.133000 537.797000  20.2500   0.0620   0.2690   0.1320   0.9320      1
1604     945.440000 615.384000  20.2610   0.0410   0.6490   0.0610   0.9310      1
2296     1090.615000 530.535000  20.6560   0.0440   0.4860   0.0560   0.9310      1
30923    973.312000 563.756000  20.5250   0.0640   0.5450   0.0800   0.9310      1
2522     1089.713000 645.789000  20.6460   0.0410   0.5070   0.0580   0.9300      1
1728     1038.114000 465.572000  20.3390   0.0330   0.6070   0.0460   0.9290      1
1746     996.598000 631.366000  20.3500   0.0360   0.6780   0.0550   0.9290      1
2665     1115.880000 534.872000  20.6610   0.0410   0.3510   0.0520   0.9290      1
1440     1013.926000 466.986000  20.4460   0.0610   0.6350   0.0790   0.9290      1
30966    1013.737000 589.547000  20.6480   0.0650   0.3250   0.0810   0.9290      1
1342     904.818000 510.154000  19.6350   0.0180   1.8390   0.0510   0.9280      1
1301     1018.931000 469.867000  20.3110   0.0460   0.3590   0.0540   0.9280      1
100308   943.331000 546.614000  20.4220   0.0930   0.5920   0.1250   0.9280      1
543      912.026000 567.047000  18.7460   0.0100   1.7160   0.0270   0.9270      1
100338   995.814000 565.122000  20.6150   0.1090   0.4510   0.1250   0.9260      1
30879    968.069000 545.406000  19.7070   0.0580   0.9320   0.0730   0.9240      1
30861    1044.741000 539.453000  21.0810   0.0770   0.1310   0.1040   0.9240      1
2561     1119.884000 512.534000  20.6080   0.0340   0.5610   0.0580   0.9230      1
30787    964.751000 490.464000  20.4620   0.0490   0.6450   0.0910   0.9230      1
30848    1018.334000 531.713000  20.3690   0.0590   0.7120   0.0810   0.9230      1
1601     981.305000 511.759000  20.6500   0.0930   0.3090   0.2120   0.9230      1
2014     862.091000 572.112000  20.3430   0.0300   0.7230   0.0810   0.9220      1
1368     906.798000 552.400000  20.5640   0.0370   0.5660   0.0600   0.9220      1
30796    987.860000 496.700000  20.2820   0.0490   0.3810   0.0700   0.9220      1
1011     922.696000 664.725000  19.1730   0.0110   1.5140   0.0290   0.9210      1
2706     903.571000 540.664000  20.6860   0.0430   0.5730   0.0640   0.9210      1
2392     1033.074000 474.126000  20.6890   0.0490   0.5530   0.0740   0.9210      1
1931     923.878000 495.280000  20.5520   0.0500   0.5760   0.0650   0.9210      1
30821    951.789000 514.557000  20.3150   0.0510   0.7930   0.0790   0.9210      1
2149     956.494000 494.230000  20.6940   0.0550   0.4860   0.0800   0.9210      1
30774    1020.823000 477.008000  20.6630   0.0650   0.5400   0.0840   0.9210      1
2718     880.400000 583.389000  20.6740   0.0370   0.6030   0.0570   0.9200      1
1069     1008.079000 522.882000  20.3120   0.0670   0.9530   0.0870   0.9200      1
30886    952.734000 549.386000  20.6010   0.0830   0.5530   0.1030   0.9200      1
614      1014.031000 486.093000  18.7300   0.0100   1.8660   0.0300   0.9180      1
937      1005.606000 500.205000  18.9550   0.0180   1.6730   0.0320   0.9180      1
2244     1095.344000 534.145000  20.7160   0.0470   0.5660   0.0650   0.9180      1
30960    1019.905000 584.053000  20.6920   0.0730   0.5040   0.0980   0.9180      1
30874    922.864000 543.733000  20.6130   0.1150   0.4860   0.1720   0.9180      1
2449     898.180000 527.933000  20.6170   0.0330   0.5840   0.0830   0.9160      1
531      993.469000 523.820000  18.5690   0.0220   1.5960   0.0490   0.9150      1
1419     1073.057000 540.902000  20.6290   0.0400   0.6030   0.0700   0.9150      1
2770     870.079000 584.174000  20.7290   0.0440   0.4860   0.0600   0.9150      1
1408     984.620000 597.736000  20.3170   0.0360   0.4360   0.0490   0.9140      1
100376   1077.098000 598.185000  20.7180   0.0710   0.4900   0.0920   0.9140      1
100282   1010.065000 528.549000  20.6280   0.0930   0.5120   0.1940   0.9140      1
100291   1021.059000 537.384000  20.6690   0.0760   0.5900   0.0950   0.9130      1
585      940.076000 569.668000  18.8240   0.0130   1.7490   0.0290   0.9120      1
30776    960.937000 477.361000  20.7560   0.0480   0.5400   0.0630   0.9120      1
2498     908.111000 530.363000  20.7030   0.0550   0.6000   0.0960   0.9120      1
30911    905.533000 558.938000  20.4890   0.0590   0.6480   0.0810   0.9120      1
2687     934.601000 472.130000  20.7480   0.0410   0.4970   0.0580   0.9110      1
2248     942.673000 475.803000  20.9100   0.0610   0.1730   0.0810   0.9110      1
30931    1043.926000 566.456000  20.5660   0.0780   0.6010   0.1250   0.9110      1
3737     928.470000 572.041000  20.7180   0.0480   0.6340   0.0720   0.9100      1
100277   1017.815000 523.985000  20.7450   0.0870   0.1460   0.1890   0.9100      1
2064     1001.306000 609.661000  20.6010   0.0380   0.6070   0.0630   0.9090      1
3358     1023.082000 611.117000  20.7650   0.0490   0.5620   0.0700   0.9090      1
30958    976.215000 580.046000  20.3880   0.0670   0.7560   0.0870   0.9080      1
30970    949.962000 590.618000  20.4560   0.0710   0.6880   0.0800   0.9080      1
2320     1039.787000 647.265000  20.6460   0.0400   0.6550   0.0630   0.9060      1
2289     974.408000 472.303000  20.5920   0.0510   0.6140   0.0720   0.9060      1
2280     1003.694000 514.449000  21.0500   0.0640   0.1280   0.1420   0.9060      1
100347   967.725000 567.958000  20.4620   0.0710   0.6960   0.1060   0.9050      1
960      892.546000 584.900000  19.0940   0.0120   1.6320   0.0350   0.9040      1
1131     1070.010000 526.736000  19.3540   0.0190   1.7110   0.0430   0.9040      1
2712     1119.444000 543.758000  20.7660   0.0530   0.6210   0.0710   0.9040      1
1432     947.219000 565.318000  20.7520   0.0610   0.6190   0.0880   0.9040      1
590      1085.582000 443.212000  18.7580   0.0100   1.6510   0.0260   0.9030      1
100360   974.885000 583.115000  20.7480   0.0670   0.4720   0.1840   0.9020      1
624      1102.185000 615.202000  18.7770   0.0100   1.6640   0.0230   0.9010      1
4257     1001.665000 527.808000  20.0500   0.0600   1.4090   0.0970   0.9000      1
3043     995.526000 455.382000  20.7980   0.0570   0.4640   0.0710   0.8980      1
925      974.874000 571.136000  18.9100   0.0160   1.6280   0.0370   0.8970      1
100253   991.081000 500.241000  20.6940   0.0830   0.6640   0.1490   0.8970      1
402      1042.788000 531.251000  18.8330   0.0180   1.8090   0.0800   0.8960      1
2921     977.750000 673.602000  20.8210   0.0570   0.5490   0.0760   0.8960      1
422      948.254000 593.896000  18.7250   0.0180   1.5530   0.0330   0.8950      1
3508     1076.098000 468.384000  20.7960   0.0380   0.6400   0.0680   0.8950      1
2351     908.210000 492.714000  20.7780   0.0590   0.6500   0.0880   0.8940      1
3511     1139.900000 527.444000  21.0270   0.0580   0.2280   0.0710   0.8920      1
822      976.801000 588.399000  18.9100   0.0110   1.6520   0.0320   0.8910      1
583      1006.669000 595.855000  18.9940   0.0190   1.5410   0.0440   0.8900      1
2304     985.724000 439.678000  20.4980   0.0430   0.6810   0.0550   0.8900      1
2896     1091.118000 463.740000  20.8420   0.0550   0.4740   0.0760   0.8900      1
687      1033.517000 633.957000  18.8750   0.0160   2.0980   0.1010   0.8890      1
3104     1034.166000 441.904000  20.8380   0.0630   0.4700   0.0840   0.8890      1
2474     967.012000 620.730000  20.7240   0.0630   0.7080   0.0870   0.8890      1
750      925.807000 516.876000  18.8670   0.0140   1.6080   0.0380   0.8880      1
2601     1055.271000 490.700000  20.6020   0.0400   0.6630   0.0620   0.8880      1
4104     1081.836000 572.332000  21.4500   0.0800   0.5000   0.1170   0.8880      1
509      1115.139000 474.120000  18.6370   0.0120   1.6060   0.0250   0.8870      1
1988     1012.286000 583.729000  20.4140   0.0400   0.8000   0.0670   0.8870      1
1320     980.122000 593.902000  20.8200   0.0600   0.1820   0.0940   0.8870      1
1886     921.729000 499.757000  20.6010   0.0450   0.6680   0.0600   0.8860      1
1372     1075.395000 531.817000  20.6260   0.0450   0.6960   0.0790   0.8860      1
2211     1000.987000 515.924000  20.8140   0.0570   0.3720   0.1100   0.8860      1
30775    1059.597000 475.104000  21.2990   0.1190   0.1890   0.1600   0.8860      1
2328     938.387000 509.126000  20.6060   0.0530   0.6800   0.0810   0.8850      1
2958     1057.002000 585.360000  20.7840   0.0610   0.6970   0.1280   0.8850      1
3051     1028.797000 623.427000  20.8520   0.0640   0.4870   0.0900   0.8850      1
636      901.033000 520.155000  18.9050   0.0140   1.7630   0.0340   0.8840      1
100248   1036.838000 494.896000  20.8280   0.0730   0.6190   0.1060   0.8840      1
3672     966.085000 420.849000  21.4160   0.0830   0.5240   0.1160   0.8840      1
30777    979.987000 478.977000  21.3370   0.1430   0.2180   0.1640   0.8840      1
2915     949.884000 657.508000  20.8750   0.0420   0.4230   0.0600   0.8820      1
4149     1017.010000 615.763000  21.3210   0.0820   0.3880   0.1080   0.8820      1
1226     1111.973000 552.973000  19.4650   0.0230   1.7680   0.0600   0.8810      1
2738     1127.507000 608.221000  20.8560   0.0720   0.4520   0.0950   0.8810      1
1690     995.503000 514.036000  21.5680   0.1320   0.3780   0.1720   0.8810      1
3741     928.294000 578.207000  20.8820   0.0460   0.4440   0.0710   0.8790      1
30750    967.911000 437.579000  20.8150   0.0680   0.6840   0.0920   0.8790      1
3009     1066.119000 520.938000  20.8480   0.0410   0.6710   0.0650   0.8780      1
2400     928.422000 666.564000  20.8790   0.0570   0.4800   0.0830   0.8770      1
2135     987.951000 625.319000  20.8620   0.0580   0.6130   0.0900   0.8770      1
2746     1067.012000 568.654000  20.8770   0.0610   0.5120   0.0830   0.8770      1
3447     888.790000 610.149000  21.3830   0.0840   0.5430   0.1160   0.8770      1
3107     960.055000 625.479000  20.8720   0.0600   0.5790   0.0880   0.8760      1
30971    1062.756000 591.529000  19.6550   0.0240   1.7770   0.0750   0.8750      1
3201     1047.583000 508.469000  20.8840   0.0580   0.4660   0.0800   0.8750      1
760      935.084000 495.835000  18.9020   0.0110   1.7280   0.0270   0.8730      1
3056     965.550000 426.286000  20.8840   0.0500   0.4290   0.1870   0.8730      1
4091     900.341000 634.245000  21.3910   0.0860   0.5840   0.1170   0.8730      1
30814    995.007000 507.957000  20.8580   0.0750   0.6410   0.0990   0.8720      1
31011    933.899000 615.570000  21.3480   0.1320   0.3490   0.1790   0.8720      1
534      1032.829000 649.744000  18.7290   0.0170   1.6640   0.0310   0.8690      1
1973     1079.068000 536.127000  21.4200   0.0720   1.1590   0.1740   0.8680      1
4279     939.626000 517.375000  21.2620   0.0880   0.3880   0.1160   0.8680      1
4235     953.849000 564.910000  20.8070   0.0380   0.7620   0.0780   0.8670      1
1509     917.662000 502.931000  20.8460   0.0520   0.7790   0.1250   0.8620      1
31016    1047.492000 609.347000  20.6840   0.0670   0.8060   0.0970   0.8590      1
2894     912.838000 524.877000  20.8590   0.0420   0.7600   0.0770   0.8580      1
100880   1002.096000 467.431000  20.7790   0.0540   0.8530   0.1230   0.8580      1
100310   1031.612000 546.238000  20.8700   0.0980   0.7140   0.1730   0.8580      1
31002    1016.787000 607.877000  21.7120   0.1010   0.9580   0.2060   0.8570      1
4032     977.580000 498.853000  21.1730   0.0820   0.3740   0.1040   0.8560      1
30766    1030.859000 470.279000  21.2680   0.0840   0.4260   0.2130   0.8560      1
30780    963.454000 483.290000  21.3920   0.0960   0.8170   0.2020   0.8550      1
30954    982.677000 580.213000  20.5430   0.0810   0.8280   0.1360   0.8520      1
3091     950.105000 458.342000  20.9330   0.0520   0.4540   0.0810   0.8510      1
30876    895.389000 544.120000  20.9410   0.0600   0.4000   0.0770   0.8500      1
2184     906.522000 571.197000  21.0910   0.0650   0.3460   0.0880   0.8500      1
3885     1101.182000 547.154000  21.2260   0.0500   0.5120   0.0920   0.8480      1
2394     1037.999000 511.161000  21.3730   0.0900   0.8900   0.1550   0.8480      1
30849    1047.552000 529.475000  20.8970   0.0670   0.7190   0.0990   0.8470      1
4146     1013.548000 684.502000  21.6690   0.1280   0.9280   0.1970   0.8470      1
3757     1085.345000 532.587000  21.2020   0.0800   0.5060   0.1050   0.8460      1
2642     913.946000 608.027000  21.0560   0.0510   0.3520   0.0710   0.8440      1
3370     860.695000 554.210000  21.1230   0.0600   0.4930   0.0840   0.8440      1
100340   1032.695000 563.829000  20.4450   0.1090   1.0470   0.1290   0.8440      1
30980    1041.258000 596.800000  21.2890   0.1090   0.6040   0.1420   0.8440      1
2094     923.501000 536.479000  21.1770   0.0930   1.3350   0.1500   0.8430      1
3060     942.885000 487.589000  21.0920   0.0570   0.4630   0.0840   0.8420      1
2441     1098.414000 456.611000  21.2970   0.0770   0.6830   0.1140   0.8420      1
735      899.761000 610.190000  18.8640   0.0110   1.8170   0.0280   0.8410      1
1836     947.490000 611.914000  20.9190   0.0580   0.6820   0.0940   0.8410      1
3798     1120.050000 462.234000  21.2670   0.0800   0.6210   0.1120   0.8400      1
1562     923.895000 621.123000  20.5210   0.0480   0.7450   0.0700   0.8390      1
3275     884.959000 596.083000  21.0800   0.0610   0.4670   0.0850   0.8380      1
30836    959.356000 523.981000  20.4870   0.0640   0.9560   0.0940   0.8370      1
100287   1032.657000 532.877000  21.3110   0.1170   0.7110   0.1960   0.8370      1
3311     1139.034000 553.254000  21.3170   0.0830   0.8230   0.1390   0.8360      1
3502     1048.468000 597.592000  21.1390   0.0560   0.5620   0.0860   0.8350      1
3315     997.357000 620.068000  20.9470   0.0710   0.6390   0.0970   0.8340      1
3944     1066.493000 462.408000  21.6890   0.0910   0.6330   0.1530   0.8300      1
3524     855.291000 548.366000  21.1110   0.0500   0.5830   0.0840   0.8290      1
3166     951.098000 475.746000  21.0250   0.0670   0.4790   0.0930   0.8280      1
3575     967.611000 690.194000  21.0090   0.0620   0.4820   0.0790   0.8270      1
31003    921.508000 609.564000  21.3040   0.0970   0.8160   0.1340   0.8270      1
2868     894.266000 616.363000  20.9560   0.0590   0.6350   0.0760   0.8250      1
3086     976.996000 637.084000  21.2120   0.0650   0.6520   0.0980   0.8230      1
699      882.691000 564.880000  18.8890   0.0120   1.9470   0.0310   0.8220      1
3577     1081.224000 516.216000  21.1400   0.0680   0.6110   0.1000   0.8220      1
3383     909.169000 658.877000  21.1360   0.0620   0.6210   0.0990   0.8200      1
31005    988.843000 609.983000  20.9440   0.0620   0.7610   0.1030   0.8160      1
3058     991.464000 467.697000  20.9610   0.0660   0.7090   0.0970   0.8160      1
3900     1103.256000 627.492000  21.2600   0.0660   0.8530   0.1170   0.8130      1
30986    1036.746000 601.193000  21.0090   0.1130   0.7300   0.1360   0.8120      1
30803    912.963000 500.939000  20.8630   0.0530   1.0110   0.1180   0.8090      1
100358   973.066000 577.667000  21.1710   0.1030   0.7900   0.2450   0.8050      1
2069     1116.415000 630.737000  20.7680   0.1310   1.0110   0.1490   0.8030      1
30905    1040.116000 553.886000  20.9470   0.0650   0.8240   0.0970   0.8010      1
3848     1032.914000 433.074000  21.2230   0.0760   0.7960   0.1160   0.8010      1
3303     973.053000 515.107000  20.4040   0.0790   1.2480   0.1770   0.7990      1
2145     924.831000 441.566000  20.4210   0.0390   1.2480   0.0870   0.7860      1
288      999.304000 546.485000  18.3190   0.0270   1.0380   0.0620   1.0000      0
1355     979.139000 643.224000  19.8840   0.0190   2.3120   0.0860   0.9800      0
63       898.333000 551.984000  16.1490   0.0040   3.2510   0.0140   0.9730      0
122      1020.883000 523.127000  17.0320   0.0080   2.5020   0.0470   0.9680      0
88       1026.840000 576.471000  16.7380   0.0070   2.6170   0.0200   0.9650      0
317      908.963000 559.432000  18.1660   0.0080   2.0640   0.0280   0.9570      0
357      1070.887000 535.429000  18.3840   0.0080   1.9910   0.0250   0.9500      0
30798    1034.586000 498.032000  20.3010   0.0450   0.5380   0.0690   0.9280      0
30996    909.174000 605.151000  20.2780   0.0510   0.3030   0.0910   0.9280      0
1686     904.264000 645.997000  20.0890   0.0320   0.5890   0.0440   0.9270      0
100336   1009.670000 561.004000  19.4080   0.0540   1.1290   0.0820   0.9270      0
30837    1011.768000 521.679000  20.2740   0.0900   0.9560   0.1140   0.9200      0
876      890.779000 498.689000  19.0010   0.0150   1.9490   0.0340   0.9040      0
30902    936.531000 553.623000  20.3680   0.0710   0.8110   0.0970   0.9040      0
701      970.198000 559.654000  18.7000   0.0150   1.5440   0.0300   0.8830      0
1033     1074.172000 567.025000  19.1090   0.0110   1.7280   0.0360   0.8750      0
318      1008.957000 538.996000  18.6800   0.0210   1.5420   0.0790   0.8750      0
411      1066.691000 536.633000  18.9990   0.0170   1.7400   0.0350   0.8720      0
3473     1054.074000 483.428000  20.8890   0.0580   0.5930   0.0790   0.8670      0
394      989.080000 492.877000  18.7000   0.0160   1.5980   0.0840   0.8660      0
3478     921.700000 525.977000  20.8920   0.0680   0.4690   0.1620   0.8660      0
31047    1028.991000 648.540000  20.9060   0.0660   0.4510   0.0960   0.8640      0
2891     955.011000 576.093000  20.9060   0.0780   0.5480   0.1000   0.8610      0
1113     1018.119000 463.519000  19.3350   0.0220   1.6510   0.0490   0.8590      0
1929     1083.456000 585.824000  20.9130   0.0560   0.5730   0.0950   0.8560      0
30804    933.182000 500.343000  20.9110   0.0530   0.5990   0.0850   0.8550      0
1333     913.235000 617.676000  19.7970   0.0480   1.3490   0.0990   0.8520      0
30827    950.820000 519.089000  21.0980   0.0700   0.4400   0.1010   0.8410      0
30793    910.799000 495.557000  21.0630   0.0770   0.4110   0.0900   0.8390      0
731      1038.105000 593.808000  18.8810   0.0110   1.7780   0.0360   0.8380      0
737      1036.355000 407.460000  18.8840   0.0140   1.6290   0.0700   0.8370      0
2235     1149.652000 557.626000  20.4830   0.0330   0.8520   0.0610   0.8330      0
1032     1036.252000 571.441000  20.7970   0.0820   0.9280   0.1180   0.8330      0
721      880.657000 542.774000  18.8800   0.0110   1.7510   0.0250   0.8320      0
2417     1026.377000 633.222000  20.8270   0.0780   0.9170   0.1110   0.8320      0
3270     921.516000 479.771000  21.0410   0.0550   0.5370   0.0870   0.8190      0
2316     941.238000 600.785000  21.0210   0.0530   0.5160   0.0810   0.8180      0
4295     936.707000 529.927000  21.1150   0.0820   0.6270   0.1190   0.8140      0
3546     1054.485000 673.682000  21.0600   0.0550   0.5940   0.0850   0.8130      0
3396     918.441000 613.633000  20.6280   0.0940   0.9570   0.1180   0.8110      0
1439     970.836000 507.243000  19.8400   0.0450   1.8340   0.0850   0.7950      0
3486     921.862000 448.386000  21.0830   0.0550   0.6810   0.0830   0.7940      0
100738   1023.569000 434.880000  21.1460   0.0610   0.7170   0.0970   0.7940      0
30812    1130.775000 509.463000  21.2150   0.0800   0.8500   0.1370   0.7940      0
3081     1060.932000 665.501000  21.1140   0.0580   0.7270   0.0950   0.7850      0
1486     907.325000 500.648000  19.8740   0.0190   1.6660   0.0820   0.7820      0
100331   1034.967000 559.677000  19.6990   0.0380   1.5960   0.1010   0.7820      0
30808    1005.095000 504.003000  21.1500   0.0880   1.1120   0.1390   0.7810      0
744      1029.795000 500.141000  19.9570   0.0280   1.7640   0.0820   0.7700      0
100742   1006.925000 439.514000  20.6140   0.0390   1.2210   0.0960   0.7570      0
2594     1008.108000 637.342000  21.0470   0.0650   0.8370   0.1150   0.7570      0
100261   992.337000 517.534000  20.9120   0.0860   1.2130   0.2270   0.7430      0
30839    1014.329000 522.592000  20.7500   0.0760   1.1560   0.1380   0.7320      0
919      1089.798000 555.379000  19.0130   0.0140   1.8290   0.0330   0.7050      0
4333     1006.172000 578.347000  20.4640   0.0430   1.6260   0.2160   0.6300      0
