#ID x y mag e_mag col1 e_col1 memb_prob sel
330380   6122.214000 4444.211000  19.6830   0.0150   0.3650   0.0190   0.9480      1
329669   6080.544000 4356.155000  19.6770   0.0120   0.4420   0.0220   0.9350      1
330492   6129.159000 4370.071000  19.6850   0.0180   0.3500   0.0320   0.9230      1
331973   6230.024000 4335.928000  19.8560   0.0120   0.5060   0.0170   0.9160      1
330140   6108.201000 4387.997000  19.7200   0.0230   0.3780   0.0260   0.9050      1
329815   6088.977000 4397.029000  19.6310   0.0110   0.4230   0.0190   0.8990      1
331522   6199.569000 4357.567000  19.9030   0.0100   0.5040   0.0150   0.8900      1
330602   6136.412000 4342.582000  19.9110   0.0120   0.3930   0.0160   0.8880      1
329997   6099.064000 4356.338000  19.6280   0.0430   0.4030   0.0460   0.8860      1
329247   6052.793000 4289.735000  19.8810   0.0090   0.4110   0.0380   0.8770      1
330687   6142.322000 4394.141000  19.7300   0.0170   0.3980   0.0200   0.8720      1
331099   6169.190000 4307.890000  19.7380   0.0130   0.6920   0.0210   0.8700      1
331897   6225.126000 4404.599000  19.3190   0.0140   0.4690   0.0160   0.8690      1
330827   6151.533000 4280.396000  19.9170   0.0160   0.5070   0.0230   0.8620      1
329947   6096.462000 4327.786000  19.3700   0.0160   0.5070   0.0170   0.8600      1
330893   6154.907000 4413.580000  20.0010   0.0110   0.4770   0.0150   0.8580      1
329950   6096.698000 4356.820000  19.6450   0.0480   0.3640   0.0830   0.8540      1
329345   6059.145000 4379.512000  19.8950   0.0180   0.3680   0.0230   0.8510      1
329636   6078.168000 4360.074000  19.9120   0.0220   0.4680   0.0290   0.8510      1
329632   6078.071000 4473.348000  19.0820   0.0070   0.1030   0.0090   0.8440      1
329491   6068.833000 4345.903000  21.1930   0.0860  -0.3190   0.1000   0.8400      1
330829   6151.687000 4349.012000  19.0260   0.0080   1.5840   0.0150   0.8300      1
331043   6165.683000 4462.077000  20.2630   0.0350  -0.1780   0.0540   0.8290      1
330445   6126.173000 4371.650000  19.0650   0.0110   1.5960   0.0330   0.8260      1
331260   6180.540000 4438.556000  20.2890   0.0120   0.3960   0.0170   0.8250      1
329963   6097.446000 4339.746000  19.3970   0.0210   0.5010   0.0380   0.8240      1
329799   6087.693000 4393.024000  19.7590   0.0270   0.7230   0.0310   0.8230      1
331344   6186.642000 4436.047000  19.5680   0.0360   0.3250   0.0380   0.8230      1
330840   6152.133000 4287.149000  19.6460   0.0200   0.2590   0.0240   0.8210      1
330291   6116.796000 4327.645000  19.9440   0.0200   0.5260   0.0240   0.8210      1
328987   6034.789000 4400.872000  19.1490   0.0170   0.5190   0.0350   0.8130      1
329794   6087.543000 4365.987000  19.0770   0.0440   0.8350   0.0520   0.8130      1
330108   6105.502000 4371.396000  19.7270   0.0110   0.4060   0.0430   0.8100      1
329929   6095.304000 4336.441000  19.6120   0.0420   0.8330   0.0490   0.8100      1
328984   6034.640000 4442.312000  18.7440   0.0130   1.5650   0.0160   0.8070      1
330113   6105.877000 4308.252000  18.7600   0.0230   1.3780   0.0380   0.8070      1
330187   6110.666000 4302.434000  18.7430   0.0190   1.3910   0.0580   0.8050      1
328705   6012.680000 4375.405000  19.2440   0.0150   0.5660   0.0170   0.7990      1
331941   6228.042000 4321.331000  19.6850   0.0180  -0.0950   0.0340   0.7990      1
331010   6163.032000 4355.908000  19.0760   0.0290   1.6030   0.0360   0.7980      1
330750   6145.998000 4312.129000  21.0360   0.0350  -0.0970   0.0410   0.7960      1
330057   6102.115000 4375.864000  19.8260   0.0120   0.6040   0.0180   0.7860      1
330355   6120.964000 4347.178000  19.0310   0.0430   0.4650   0.0620   0.7850      1
330612   6137.270000 4450.509000  20.1530   0.0120   0.2720   0.0160   0.7810      1
329943   6096.229000 4447.299000  19.7260   0.0110   0.0010   0.0140   0.7750      1
330610   6137.150000 4283.289000  19.7040   0.0120  -0.1160   0.0130   0.7740      1
329420   6063.179000 4347.529000  20.1610   0.0150   0.2790   0.0210   0.7660      1
331147   6173.324000 4455.727000  18.3920   0.0470   1.9710   0.0480   0.7550      1
329695   6082.518000 4349.707000  19.5690   0.0140   0.4430   0.0180   0.7450      1
330073   6103.206000 4340.446000  19.5930   0.0170   0.5450   0.0250   0.7450      1
330568   6134.486000 4377.819000  19.4510   0.0090   0.4130   0.0140   0.7440      1
330786   6148.659000 4359.014000  18.6650   0.0200   1.5800   0.0220   0.7420      1
328859   6024.377000 4318.418000  20.5870   0.0300   1.1080   0.0500   0.7390      1
330197   6111.015000 4353.230000  18.8660   0.0310   1.1060   0.0450   0.7340      1
328753   6016.225000 4417.891000  20.2820   0.0590  -0.1230   0.0600   0.7310      1
331524   6199.712000 4442.525000  21.1550   0.0230   1.2080   0.0700   0.7280      1
329907   6094.403000 4312.724000  20.2780   0.0230   0.4840   0.0290   0.7240      1
330398   6123.268000 4380.370000  21.3770   0.0670   0.0600   0.0780   0.7240      1
330033   6100.838000 4429.812000  21.4050   0.0780   0.0590   0.0840   0.7240      1
330849   6152.536000 4344.324000  19.1090   0.0250   1.6220   0.0490   0.7230      1
329434   6064.222000 4408.874000  19.0990   0.0070   1.3670   0.0130   0.7210      1
329740   6085.001000 4337.879000  19.5610   0.0260   0.6140   0.0350   0.7190      1
330100   6104.568000 4329.117000  20.2860   0.0250   0.3910   0.0340   0.7170      1
330508   6130.592000 4354.241000  18.6110   0.0090   1.6650   0.0250   0.7160      1
331497   6197.448000 4432.159000  20.5730   0.0180   0.5620   0.0240   0.7160      1
330337   6119.983000 4315.584000  20.0690   0.0120   0.3090   0.0180   0.7120      1
329606   6076.367000 4337.780000  18.7830   0.0150   1.5030   0.0230   0.7090      1
330963   6159.371000 4446.105000  20.2640   0.0140   0.2280   0.0170   0.7080      1
331278   6181.727000 4260.437000  21.1700   0.0310   1.1870   0.0580   0.7050      1
330591   6135.497000 4370.177000  20.3430   0.0160   0.4980   0.0230   0.7030      1
330182   6110.301000 4275.672000  21.1550   0.0280   1.1180   0.0480   0.7030      1
331463   6194.360000 4278.368000  20.2930   0.0140   0.5450   0.0300   0.7020      1
330386   6122.541000 4464.093000  18.7460   0.0080   1.6450   0.0140   0.6990      1
330282   6116.332000 4395.999000  18.6180   0.0120   1.5140   0.0160   0.6980      1
329798   6087.693000 4349.415000  19.2940   0.0220   0.4040   0.0260   0.6950      1
329802   6087.844000 4417.786000  20.0310   0.0190   0.4920   0.0250   0.6930      1
330427   6124.979000 4394.533000  19.7210   0.0140   0.2690   0.0170   0.6890      1
331394   6189.872000 4414.119000  19.6940   0.0080   0.0920   0.0130   0.6880      1
331580   6203.865000 4415.793000  19.5040   0.0320   0.3690   0.0360   0.6860      1
329845   6090.341000 4374.256000  18.3340   0.0060   1.9380   0.0230   0.6820      1
328214   5977.394000 4341.396000  20.3010   0.0150   0.3720   0.0190   0.6800      1
329096   6042.475000 4404.339000  20.5410   0.0160   0.3420   0.0200   0.6800      1
331471   6194.921000 4283.091000  21.3200   0.0340   1.3560   0.0850   0.6780      1
329959   6097.280000 4352.120000  17.7400   0.0070   1.8730   0.0110   0.6770      1
330779   6148.036000 4304.828000  19.7660   0.0480   0.4340   0.0490   0.6760      1
330248   6114.076000 4432.485000  21.5410   0.0560  -0.2350   0.1960   0.6740      1
331250   6180.015000 4388.220000  18.6350   0.0080   1.7420   0.0270   0.6720      1
329796   6087.587000 4432.121000  18.6380   0.0050   1.6480   0.0140   0.6680      1
329839   6090.190000 4261.135000  21.2960   0.0310   1.5570   0.0840   0.6680      1
329732   6084.587000 4403.026000  20.5400   0.0130   0.2850   0.0200   0.6600      1
329883   6092.569000 4316.029000  20.3670   0.0200   0.5320   0.0290   0.6560      1
328667   6010.096000 4447.131000  20.6540   0.0300   1.1700   0.0450   0.6550      1
331747   6215.265000 4370.158000  21.3310   0.0410   0.1430   0.0510   0.6540      1
330272   6115.582000 4467.374000  20.0730   0.0180   0.2670   0.0230   0.6480      1
329410   6062.795000 4229.271000  20.4090   0.0140   0.6240   0.0210   0.6470      1
329340   6058.653000 4324.073000  20.1610   0.0200   0.4770   0.0230   0.6470      1
329549   6072.159000 4265.003000  18.4220   0.0160   2.1540   0.0200   0.6460      1
330774   6147.807000 4275.831000  18.9920   0.0060   1.9640   0.0190   0.6450      1
329889   6092.845000 4349.363000  18.9650   0.0180   1.4450   0.0300   0.6450      1
330493   6129.230000 4357.256000  19.3030   0.0180   1.2090   0.0240   0.6440      1
329595   6075.523000 4376.632000  20.2260   0.0210   0.3520   0.0250   0.6440      1
328487   5997.119000 4303.786000  19.2240   0.0260   0.3600   0.0310   0.6440      1
330861   6153.249000 4401.833000  21.2690   0.0500   1.3300   0.0740   0.6420      1
329590   6075.095000 4388.499000  18.9040   0.0070   1.9410   0.0230   0.6400      1
329197   6049.904000 4400.647000  19.2010   0.0120   1.6370   0.0250   0.6320      1
331108   6170.109000 4370.737000  20.8640   0.0180   0.3730   0.0290   0.6320      1
329453   6065.871000 4331.999000  20.2000   0.0120   0.3650   0.0180   0.6310      1
330084   6103.713000 4364.150000  20.2330   0.0410   0.3280   0.0500   0.6300      1
331339   6186.414000 4442.174000  20.0110   0.0380   0.9560   0.0440   0.6290      1
329524   6070.579000 4295.173000  21.4320   0.0360   1.5900   0.1030   0.6270      1
331354   6187.208000 4447.399000  18.5770   0.0060   1.5920   0.0150   0.6240      1
329793   6087.523000 4327.808000  20.3250   0.0490   0.5070   0.0560   0.6240      1
329768   6086.437000 4389.778000  21.0550   0.0920  -0.0750   0.1360   0.6230      1
328511   5999.153000 4340.713000  20.7190   0.0190   1.0060   0.0320   0.6150      1
329627   6077.763000 4323.102000  20.3900   0.0200   0.5260   0.0300   0.6130      1
329623   6077.598000 4400.627000  20.2160   0.0530   0.2760   0.0540   0.6120      1
329356   6059.518000 4462.090000  20.1540   0.0130   0.5280   0.0930   0.6110      1
330777   6147.997000 4229.598000  21.3370   0.0290   1.2740   0.0570   0.6100      1
330711   6143.853000 4426.510000  20.5020   0.0400   1.0430   0.0560   0.6090      1
331703   6212.958000 4296.379000  20.7900   0.0200   0.3640   0.0260   0.6070      1
330105   6105.229000 4294.816000  20.0890   0.0130   1.7270   0.0310   0.6050      1
328410   5991.083000 4325.583000  20.3890   0.0140   0.6670   0.0210   0.6040      1
330960   6159.151000 4279.395000  20.2460   0.0440   0.4730   0.0460   0.6040      1
328478   5995.802000 4384.769000  20.7080   0.0170   1.2480   0.0370   0.6010      1
330093   6104.029000 4332.708000  20.6940   0.0340   1.0760   0.0500   0.6010      1
331696   6212.467000 4348.528000  20.7570   0.0180   0.2130   0.0250   0.6000      1
330284   6116.416000 4372.210000  20.8450   0.0220   0.4410   0.0300   0.5970      1
330824   6151.358000 4407.269000  20.6260   0.0420   0.9980   0.0960   0.5970      1
328953   6032.414000 4410.105000  21.0340   0.0260   0.4390   0.0340   0.5950      1
328724   6013.785000 4286.186000  19.6210   0.0100   2.1160   0.0250   0.5900      1
331086   6168.213000 4291.259000  20.6560   0.0170   0.2930   0.0230   0.5890      1
330554   6133.208000 4363.459000  20.4190   0.0210   0.5740   0.0310   0.5880      1
331012   6163.137000 4263.927000  20.9210   0.0190   0.9710   0.0340   0.5850      1
328398   5990.348000 4378.243000  21.0720   0.0240   0.4590   0.0350   0.5780      1
330519   6131.177000 4404.232000  20.6770   0.0270   0.0970   0.0410   0.5780      1
330110   6105.611000 4433.602000  21.0380   0.0300   0.4590   0.0490   0.5780      1
331372   6188.251000 4269.735000  20.5780   0.0150   2.8550   0.1100   0.5660      1
330733   6145.096000 4321.017000  18.9970   0.0070   3.0660   0.0320   0.5630      1
329911   6094.594000 4303.760000  20.3600   0.0350   1.1240   0.0980   0.5630      1
331560   6202.293000 4271.741000  19.6800   0.0080   2.4950   0.0290   0.5590      1
332035   6234.626000 4346.522000  20.7060   0.0180   0.7930   0.0270   0.5530      1
330365   6121.362000 4398.249000  20.8800   0.0320   0.4050   0.0390   0.5500      1
331654   6209.433000 4337.820000  20.8830   0.0230   0.4590   0.0310   0.5490      1
328332   5985.514000 4289.916000  20.8750   0.0280   0.9830   0.0410   0.5490      1
330451   6126.630000 4383.692000  20.7440   0.0220   0.2480   0.0300   0.5430      1
328796   6019.567000 4453.919000  20.9180   0.0220   1.4450   0.0450   0.5390      1
330388   6122.658000 4410.151000  21.0510   0.0260   0.5520   0.0350   0.5390      1
329088   6042.051000 4379.131000  21.0930   0.0500   1.1210   0.0830   0.5370      1
331446   6193.516000 4384.232000  21.0810   0.0230   0.5220   0.0430   0.5360      1
328751   6016.130000 4315.418000  20.7270   0.0200   0.3360   0.0260   0.5300      1
329752   6085.602000 4288.757000  20.5980   0.0300   0.4690   0.0330   0.5280      1
330221   6112.188000 4287.209000  20.5800   0.0190   0.4480   0.0240   0.5260      1
329352   6059.341000 4259.041000  20.8370   0.0320   1.1210   0.0570   0.5230      1
330423   6124.562000 4367.509000  20.8180   0.0370   0.3730   0.0710   0.5230      1
330581   6134.939000 4304.446000  20.5780   0.0420   0.4680   0.0460   0.5230      1
329039   6038.961000 4280.318000  20.7500   0.0190   0.3990   0.0250   0.5220      1
331100   6169.358000 4429.126000  21.2690   0.0270   0.3420   0.0400   0.5220      1
330887   6154.753000 4395.202000  20.9970   0.0360   1.0050   0.0520   0.5220      1
329272   6054.303000 4348.735000  21.2020   0.0820   1.1260   0.1020   0.5200      1
330253   6114.516000 4358.846000  20.5960   0.0400   0.5710   0.0620   0.5160      1
331493   6197.130000 4369.644000  21.2450   0.0260   0.3660   0.0360   0.5150      1
329275   6054.580000 4316.287000  22.2040   0.1210   0.0350   0.1290   0.5140      1
330240   6113.590000 4268.946000  20.7510   0.0380   0.3770   0.0470   0.5130      1
329417   6063.099000 4478.210000  20.8180   0.0310   0.4960   0.0380   0.5110      1
328238   5979.084000 4333.080000  21.0910   0.0240   0.4930   0.0430   0.5070      1
330413   6124.008000 4247.291000  21.0170   0.0220   0.9640   0.0360   0.5010      1
328494   5998.052000 4417.192000  21.5290   0.0560   1.5400   0.1930   0.5010      1
330639   6139.089000 4461.118000  22.3910   0.1100   0.1490   0.1340   0.5000      1
330367   6121.386000 4360.131000  18.6300   0.0070   1.0630   0.0140   0.4990      1
328411   5991.187000 4417.615000  20.9970   0.0370   0.1820   0.0800   0.4970      1
329616   6076.977000 4354.130000  20.8090   0.0310   0.2770   0.0430   0.4960      1
329853   6090.974000 4273.266000  21.0160   0.0310   0.3970   0.0620   0.4950      1
329677   6080.917000 4379.152000  20.7900   0.0820   0.0520   0.0840   0.4950      1
328985   6034.753000 4315.043000  20.6240   0.0440   0.3270   0.0570   0.4930      1
331474   6195.109000 4356.569000  21.5150   0.0410   0.1970   0.0620   0.4910      1
331098   6169.133000 4323.467000  20.7940   0.0180   0.4790   0.0260   0.4870      1
328633   6007.079000 4377.477000  21.6560   0.0490   1.4720   0.1240   0.4860      1
330021   6100.181000 4471.830000  20.6950   0.0160   0.4280   0.0230   0.4840      1
329973   6098.117000 4345.832000  18.3420   0.0310   0.9930   0.0320   0.4820      1
329253   6053.264000 4309.004000  20.7810   0.0220   0.6340   0.0310   0.4810      1
329612   6076.592000 4267.759000  20.8870   0.0290   0.5140   0.0360   0.4790      1
331294   6182.782000 4409.376000  22.6070   0.0850   0.2220   0.1160   0.4760      1
329150   6046.536000 4331.778000  20.9650   0.0230   0.4760   0.0310   0.4740      1
331874   6223.740000 4325.822000  20.7180   0.0270   0.7440   0.0500   0.4740      1
329376   6060.813000 4391.200000  20.7190   0.0720   0.3650   0.0760   0.4720      1
329468   6067.220000 4309.022000  20.6260   0.0150   0.5920   0.0230   0.4670      1
329825   6089.384000 4295.242000  21.2050   0.0290   0.8270   0.0450   0.4670      1
328584   6004.606000 4277.824000  21.0360   0.0190   0.6260   0.0320   0.4610      1
329869   6091.882000 4237.183000  21.5130   0.0280   1.2460   0.0900   0.4520      1
330042   6101.292000 4238.013000  20.6690   0.0220   0.4790   0.0430   0.4510      1
330738   6145.375000 4472.299000  20.6930   0.0780   0.4080   0.1110   0.4500      1
330007   6099.556000 4322.845000  20.7780   0.0280   0.7340   0.0660   0.4460      1
330177   6110.115000 4381.126000  20.7280   0.0260   0.4640   0.0330   0.4450      1
331076   6167.479000 4464.645000  20.6350   0.0470   0.5300   0.0760   0.4440      1
329002   6035.985000 4245.471000  20.9610   0.0380   0.5010   0.0450   0.4400      1
330228   6112.568000 4391.479000  22.7200   0.1510   0.2080   0.1890   0.3990      1
330985   6161.058000 4381.281000  20.2190   0.0140   0.2180   0.0200   0.6700      0
330516   6131.102000 4391.786000  17.7730   0.0080   1.8920   0.0130   0.6620      0
331169   6175.155000 4398.757000  18.5570   0.0060  -0.2690   0.0070   0.6570      0
329484   6068.275000 4381.125000  20.2600   0.0210   0.1220   0.0230   0.6490      0
329641   6078.844000 4248.400000  18.4880   0.0120   1.9380   0.0150   0.6460      0
329550   6072.296000 4341.615000  18.9490   0.0430   0.1960   0.0450   0.6370      0
329556   6072.523000 4226.549000  18.7980   0.0070   1.9280   0.0150   0.6160      0
331011   6163.129000 4252.787000  18.7960   0.0070   1.6620   0.0130   0.6080      0
329105   6043.187000 4383.212000  18.5960   0.0070   1.7110   0.0160   0.6060      0
329357   6059.520000 4235.198000  19.5170   0.0090   0.0990   0.0410   0.6060      0
329851   6090.791000 4284.586000  19.3140   0.0270   1.3750   0.0290   0.6040      0
329862   6091.392000 4406.434000  18.9540   0.0270  -0.2490   0.0280   0.5960      0
330549   6132.812000 4346.340000  20.4740   0.0220   0.3920   0.0270   0.5800      0
328973   6033.820000 4437.542000  19.1250   0.0100   1.7890   0.0170   0.5790      0
330342   6120.332000 4340.063000  20.0010   0.0190   0.4190   0.0220   0.5790      0
331154   6173.838000 4332.801000  20.4220   0.0170   0.4160   0.0230   0.5780      0
330101   6104.609000 4268.725000  19.9890   0.0310   0.6600   0.0700   0.5780      0
330399   6123.315000 4321.832000  20.2490   0.0600   0.2010   0.0620   0.5770      0
331219   6177.777000 4393.822000  18.8140   0.0050   1.6900   0.0160   0.5760      0
330481   6128.476000 4365.057000  20.2120   0.0300   0.0080   0.0350   0.5760      0
330224   6112.290000 4265.237000  20.1030   0.0220   0.6390   0.0280   0.5740      0
329374   6060.796000 4273.870000  20.0060   0.0100   1.5200   0.0240   0.5700      0
329462   6066.816000 4463.401000  20.3140   0.0220   0.1810   0.0280   0.5690      0
330086   6103.727000 4368.719000  19.9530   0.0250   0.2940   0.0310   0.5670      0
330588   6135.374000 4409.990000  16.5210   0.0050   2.6290   0.0100   0.5650      0
330660   6140.720000 4435.648000  16.1640   0.0080   3.3220   0.0270   0.5650      0
331591   6204.707000 4348.444000  20.0560   0.0330   1.7290   0.0490   0.5650      0
330017   6099.956000 4336.719000  19.8980   0.0540   0.2790   0.0560   0.5640      0
329507   6069.854000 4367.626000  15.0450   0.0160   3.8590   0.0180   0.5630      0
330180   6110.187000 4356.447000  18.5210   0.0330   0.6070   0.0340   0.5630      0
328755   6016.356000 4422.027000  17.9820   0.0280   3.1890   0.0380   0.5610      0
329299   6056.186000 4247.291000  20.2610   0.0410   0.5420   0.0710   0.5610      0
329953   6096.942000 4483.764000  20.2760   0.0620  -0.0550   0.0630   0.5570      0
330693   6142.628000 4400.930000  20.5610   0.0230   0.4590   0.0270   0.5560      0
330151   6108.676000 4307.950000  20.2130   0.0560   0.9120   0.0620   0.5520      0
330913   6156.234000 4382.455000  18.7140   0.0130   1.7010   0.0180   0.5480      0
331051   6166.340000 4314.794000  19.6860   0.0160   1.8940   0.0350   0.5470      0
331561   6202.355000 4349.131000  20.3140   0.0600   0.3540   0.0810   0.5450      0
331634   6207.770000 4331.178000  20.1790   0.0150   1.7540   0.0330   0.5430      0
330704   6143.380000 4269.505000  19.9510   0.0410   0.3160   0.0430   0.5430      0
330116   6106.138000 4351.367000  17.8500   0.0080   1.9680   0.0160   0.5370      0
330205   6111.353000 4435.174000  18.5870   0.0220  -0.1970   0.0280   0.5370      0
330416   6124.250000 4374.382000  20.4750   0.0410   0.3510   0.0460   0.5340      0
330062   6102.461000 4440.990000  19.8420   0.0130   1.5830   0.0260   0.5330      0
329987   6098.926000 4300.819000  19.1340   0.0100   2.4290   0.0590   0.5260      0
328998   6035.516000 4421.300000  18.0000   0.0080   2.3260   0.0140   0.5250      0
330259   6114.747000 4344.896000  20.1810   0.0400   0.1620   0.0460   0.5250      0
330647   6139.782000 4470.211000  19.9370   0.0170   1.6120   0.0690   0.5240      0
329629   6077.873000 4369.391000  18.6710   0.0140   1.7150   0.0370   0.5220      0
330115   6106.112000 4384.694000  18.4970   0.0050   1.7760   0.0180   0.5200      0
330737   6145.290000 4343.267000  20.4830   0.0360   0.3300   0.0410   0.5180      0
329978   6098.464000 4367.901000  20.3140   0.0190   0.2910   0.0360   0.5080      0
330322   6118.916000 4333.649000  18.8620   0.0110   1.6990   0.0470   0.5050      0
329293   6055.564000 4382.711000  19.7650   0.0170   1.1580   0.0290   0.5030      0
329596   6075.536000 4449.648000  17.2140   0.0070   1.8960   0.0490   0.5020      0
330922   6156.917000 4334.080000  19.2500   0.0120   1.7150   0.0550   0.5020      0
330150   6108.575000 4367.053000  18.9530   0.0210   0.0230   0.0370   0.5000      0
330616   6137.711000 4423.157000  19.8350   0.0190   0.1680   0.0210   0.4990      0
331390   6189.791000 4454.250000  19.0680   0.0180  -0.0460   0.0200   0.4980      0
329625   6077.718000 4417.653000  19.9620   0.0210  -0.0410   0.0400   0.4970      0
329055   6040.245000 4242.321000  20.2060   0.0710   0.1300   0.0720   0.4930      0
329251   6053.171000 4244.846000  21.6520   0.0460   0.0290   0.0680   0.4910      0
331892   6224.833000 4315.530000  17.7700   0.0140  -0.2790   0.0190   0.4890      0
329079   6041.583000 4420.777000  20.3300   0.0240   0.6510   0.0330   0.4870      0
330137   6108.036000 4344.878000  20.6760   0.0380   0.1850   0.0580   0.4870      0
330066   6102.749000 4346.814000  20.1230   0.0450   0.4950   0.0510   0.4840      0
329069   6041.099000 4291.890000  21.2250   0.0230   0.9290   0.0560   0.4820      0
329701   6082.741000 4308.506000  20.4030   0.0470   0.4260   0.0510   0.4760      0
328969   6033.518000 4253.267000  21.2100   0.0440   0.9840   0.0840   0.4730      0
330349   6120.716000 4418.818000  19.8150   0.0600   0.0480   0.0730   0.4690      0
331376   6188.514000 4427.419000  21.0310   0.0720   1.1850   0.0820   0.4640      0
330513   6130.969000 4336.937000  20.6720   0.0590   0.2490   0.0900   0.4630      0
330364   6121.349000 4350.138000  19.2680   0.0580   0.2830   0.0710   0.4500      0
329476   6067.882000 4326.364000  20.9460   0.0230   0.9010   0.0390   0.4480      0
329754   6085.609000 4344.808000  19.2490   0.0330   0.1010   0.0410   0.4460      0
329736   6084.816000 4342.099000  18.2690   0.0420   2.4660   0.0480   0.4440      0
329661   6080.132000 4363.259000  20.9190   0.0430   0.5000   0.0520   0.4380      0
329934   6095.543000 4391.232000  20.5070   0.0230   0.5220   0.0350   0.4360      0
330511   6130.875000 4472.475000  19.5490   0.0420   0.0770   0.0430   0.4360      0
330201   6111.146000 4305.336000  20.9240   0.0460   0.3100   0.0710   0.4360      0
328908   6028.697000 4255.727000  17.4560   0.0140   2.3160   0.0500   0.4350      0
331758   6216.387000 4409.655000  21.7820   0.0470   1.3520   0.0950   0.4330      0
330470   6127.631000 4443.185000  20.9560   0.0510   0.3210   0.0600   0.4330      0
331242   6179.551000 4454.287000  21.0380   0.0230   0.6290   0.0560   0.4320      0
329116   6044.318000 4275.402000  21.0500   0.0250   0.6440   0.0400   0.4310      0
329467   6067.188000 4414.780000  20.9890   0.0350   0.3340   0.0490   0.4310      0
330748   6145.854000 4443.325000  20.9410   0.0310   0.4140   0.0550   0.4300      0
329503   6069.645000 4352.636000  21.2140   0.0370   0.8190   0.0540   0.4260      0
329259   6053.580000 4305.127000  22.2170   0.0930   0.1890   0.1300   0.4260      0
328204   5976.600000 4389.522000  21.2120   0.0230   0.7280   0.0350   0.4250      0
329342   6058.831000 4388.751000  20.9410   0.0440   0.1280   0.0930   0.4250      0
329073   6041.222000 4359.483000  20.9350   0.0200   0.7440   0.0320   0.4240      0
328450   5994.037000 4416.569000  20.7600   0.0880   0.5010   0.1230   0.4200      0
328740   6015.081000 4412.597000  20.8200   0.0180   0.8150   0.0350   0.4170      0
329665   6080.345000 4328.660000  21.0070   0.0580   0.5500   0.0740   0.4170      0
330746   6145.764000 4430.049000  19.5420   0.0140   1.2030   0.0250   0.4150      0
329894   6093.263000 4323.702000  21.6070   0.0630   1.3420   0.1090   0.4150      0
329644   6078.981000 4342.596000  20.7110   0.0740   0.8490   0.0810   0.4150      0
330701   6142.834000 4444.520000  21.0650   0.0350   0.6280   0.0690   0.4120      0
331512   6198.881000 4411.124000  21.1930   0.0370   0.7650   0.0570   0.4080      0
331144   6173.185000 4283.649000  21.3580   0.0320   1.1550   0.0540   0.4030      0
329199   6050.049000 4366.830000  20.9570   0.0450   0.8830   0.0870   0.4030      0
330361   6121.242000 4484.354000  20.8450   0.0180   0.5580   0.0280   0.4000      0
328586   6004.824000 4333.225000  20.9520   0.0180   0.7560   0.0320   0.3960      0
331335   6186.110000 4380.823000  21.0000   0.0870   0.2470   0.0890   0.3960      0
329994   6099.020000 4268.970000  18.9290   0.0310   1.8290   0.0360   0.3950      0
328911   6029.041000 4313.887000  21.3040   0.0330   1.0430   0.0690   0.3950      0
329386   6061.584000 4474.478000  21.5130   0.0660   1.2320   0.1010   0.3950      0
330348   6120.601000 4392.232000  18.9800   0.0160   1.6150   0.0490   0.3920      0
328748   6015.768000 4385.291000  20.8630   0.0190   0.7050   0.0310   0.3920      0
329709   6083.106000 4280.324000  20.8510   0.0670   1.3140   0.1270   0.3910      0
330828   6151.645000 4331.035000  21.2180   0.0290   0.7470   0.1200   0.3890      0
330592   6135.520000 4322.407000  22.3730   0.0790   1.8900   0.2350   0.3860      0
330314   6118.310000 4324.499000  20.7590   0.0570   0.6790   0.0790   0.3850      0
329720   6083.656000 4430.512000  21.1980   0.0340   0.7300   0.0800   0.3840      0
328805   6020.331000 4403.849000  20.5020   0.0160   0.8110   0.0250   0.3830      0
330170   6109.831000 4421.603000  21.7510   0.0420   1.2790   0.0810   0.3830      0
331856   6222.716000 4358.208000  19.3350   0.0090   1.8870   0.0570   0.3810      0
330429   6125.027000 4442.844000  21.7660   0.0530   1.5220   0.2310   0.3790      0
331358   6187.672000 4340.392000  21.5380   0.0410   1.1270   0.0700   0.3750      0
329710   6083.110000 4457.280000  20.8400   0.0220   0.7140   0.0360   0.3700      0
330520   6131.233000 4316.883000  21.3030   0.0260   0.9680   0.0560   0.3670      0
329426   6063.532000 4258.569000  19.0070   0.0480   1.7960   0.0580   0.3660      0
331379   6188.971000 4351.610000  20.8970   0.0220   0.6780   0.0360   0.3610      0
329885   6092.637000 4389.151000  21.1160   0.0350   0.4900   0.0610   0.3590      0
328909   6028.742000 4290.350000  20.9940   0.0290   1.5640   0.1010   0.3550      0
329649   6079.642000 4468.901000  21.2250   0.0480   0.7400   0.0610   0.3550      0
328932   6030.752000 4305.258000  21.4620   0.0510   0.3610   0.0730   0.3520      0
330680   6142.024000 4354.491000  20.5810   0.0270   0.8430   0.0470   0.3510      0
330884   6154.599000 4368.206000  21.7430   0.0410   0.8830   0.0680   0.3500      0
331319   6184.820000 4255.505000  21.2180   0.0290   0.6530   0.0420   0.3460      0
328850   6023.869000 4353.343000  21.1070   0.0210   0.6230   0.0430   0.3450      0
329539   6071.626000 4243.244000  21.2280   0.0290   0.4450   0.0460   0.3440      0
329541   6071.682000 4322.290000  21.4700   0.0320   1.0120   0.0650   0.3440      0
330366   6121.363000 4330.685000  20.3400   0.0460   0.8570   0.0540   0.3430      0
330808   6150.259000 4471.946000  22.8230   0.1060   0.3340   0.1480   0.3400      0
330038   6101.049000 4282.257000  21.7510   0.0430   0.8130   0.0680   0.3380      0
329674   6080.825000 4320.947000  19.3430   0.0510   1.5610   0.0580   0.3360      0
330294   6117.049000 4381.768000  21.7440   0.0440   0.8140   0.0870   0.3350      0
329067   6041.020000 4397.648000  21.6120   0.0450   1.2230   0.0870   0.3350      0
331400   6190.098000 4303.787000  21.7700   0.0320   0.9270   0.0910   0.3340      0
331692   6212.169000 4303.929000  21.4820   0.0370   0.9700   0.0560   0.3340      0
330443   6125.985000 4426.544000  22.3690   0.1560   0.2750   0.1740   0.3320      0
330475   6128.116000 4305.262000  21.3690   0.0400   0.3990   0.0520   0.3300      0
329916   6094.729000 4296.445000  21.1260   0.0350   0.8450   0.0490   0.3270      0
330782   6148.304000 4280.716000  21.1280   0.0460   0.8080   0.1020   0.3230      0
328384   5989.427000 4298.238000  21.2950   0.0230   0.6260   0.0380   0.3220      0
330721   6144.425000 4286.801000  21.2580   0.0430   0.4570   0.0550   0.3190      0
329444   6065.279000 4435.634000  21.7370   0.0450   0.7340   0.0690   0.3180      0
329975   6098.156000 4441.643000  21.7650   0.0540   0.8070   0.0970   0.3180      0
329252   6053.189000 4431.145000  21.0070   0.0590   0.6680   0.0750   0.3170      0
328279   5981.892000 4400.974000  21.7070   0.0390   1.0070   0.0780   0.3150      0
331581   6204.044000 4419.375000  21.1370   0.0420   0.6940   0.0660   0.3150      0
330070   6103.007000 4414.138000  21.3250   0.0270   0.6530   0.0430   0.3140      0
329217   6051.218000 4363.673000  21.0930   0.0340   0.7190   0.0770   0.3140      0
330316   6118.429000 4390.194000  21.1300   0.0520   0.5560   0.1800   0.3140      0
330844   6152.247000 4354.742000  21.7010   0.0540   0.8270   0.0710   0.3140      0
331711   6213.259000 4325.251000  21.7590   0.0470   0.7180   0.0750   0.3130      0
331349   6186.839000 4331.531000  21.7060   0.0310   1.0320   0.0680   0.3120      0
330760   6146.785000 4337.335000  21.7760   0.0340   0.6270   0.0700   0.3120      0
331307   6183.960000 4457.587000  21.6830   0.0370   0.8810   0.0740   0.3100      0
331826   6221.272000 4355.522000  21.1740   0.0660   0.5740   0.1240   0.3100      0
329981   6098.653000 4434.015000  21.3130   0.0330   0.9200   0.0640   0.3080      0
331064   6166.821000 4270.106000  21.8010   0.0440   0.9110   0.0690   0.3070      0
330677   6141.800000 4283.336000  21.6850   0.0410   0.9360   0.0920   0.3050      0
330350   6120.825000 4260.445000  21.2200   0.1030   0.5710   0.1090   0.3050      0
328856   6024.274000 4378.568000  21.3310   0.1030   0.4050   0.1150   0.3050      0
330374   6121.956000 4436.592000  21.2420   0.0210   0.5570   0.0370   0.3030      0
330500   6130.043000 4415.116000  21.5080   0.0420   0.9060   0.0590   0.3020      0
329814   6088.770000 4461.844000  21.5330   0.0310   0.9110   0.0610   0.2990      0
330787   6148.746000 4448.597000  21.6730   0.0420   0.8600   0.0650   0.2990      0
330297   6117.226000 4347.732000  20.0850   0.0460   0.0480   0.0810   0.2990      0
330193   6110.910000 4337.604000  21.6870   0.0460   0.7810   0.0840   0.2980      0
328950   6032.120000 4249.659000  21.7770   0.0660   0.7410   0.1080   0.2980      0
330765   6147.122000 4389.291000  21.7720   0.0420   0.5590   0.0650   0.2970      0
330420   6124.483000 4236.017000  21.8910   0.0550   1.4880   0.2260   0.2970      0
331636   6207.998000 4342.559000  21.7530   0.0720   0.7210   0.1050   0.2960      0
330806   6150.064000 4383.598000  21.8460   0.0490   1.2230   0.0990   0.2950      0
330874   6154.014000 4230.462000  22.1580   0.0480   0.5920   0.0810   0.2940      0
328529   6000.346000 4366.985000  21.9820   0.0430   0.9620   0.1100   0.2930      0
330318   6118.520000 4432.637000  21.4830   0.0350   0.4370   0.0550   0.2920      0
329618   6077.021000 4229.659000  21.7210   0.0440   0.6390   0.0670   0.2920      0
330886   6154.748000 4298.288000  21.9240   0.0470   0.8490   0.0820   0.2910      0
331687   6211.911000 4406.411000  21.9520   0.0500   0.9700   0.0870   0.2910      0
328941   6031.611000 4371.533000  21.9800   0.0510   0.9370   0.0810   0.2910      0
329637   6078.312000 4290.692000  21.7780   0.0420   1.0600   0.1110   0.2900      0
329861   6091.387000 4476.242000  21.9500   0.0450   0.7540   0.0860   0.2900      0
329058   6040.347000 4298.395000  21.9480   0.0470   0.7800   0.1010   0.2900      0
329974   6098.155000 4387.940000  21.9420   0.0560   0.8850   0.0910   0.2900      0
328902   6028.573000 4363.436000  21.2000   0.0240   0.5520   0.0360   0.2880      0
328482   5996.430000 4354.903000  21.4060   0.0300   0.4880   0.0440   0.2880      0
329092   6042.329000 4270.792000  21.4840   0.0330   0.8420   0.0530   0.2870      0
330023   6100.440000 4305.601000  21.4520   0.0510   0.9580   0.1290   0.2870      0
329457   6066.337000 4291.416000  21.9230   0.0460   1.2000   0.1000   0.2860      0
329363   6060.069000 4359.076000  21.9590   0.0580   0.8350   0.1100   0.2860      0
329781   6086.995000 4234.646000  21.7830   0.1090   0.8850   0.2210   0.2850      0
329268   6054.125000 4468.316000  21.5470   0.0360   0.9230   0.0750   0.2840      0
328725   6013.928000 4333.852000  21.9460   0.0470   0.6960   0.0920   0.2840      0
330230   6112.654000 4465.412000  21.6950   0.0710   0.6950   0.1110   0.2830      0
330269   6115.455000 4336.000000  21.9080   0.0660   1.2080   0.1900   0.2810      0
329828   6089.540000 4412.882000  21.1530   0.0270   0.5280   0.0410   0.2790      0
329639   6078.556000 4300.401000  21.9000   0.0400   0.7870   0.0670   0.2790      0
329011   6036.759000 4378.277000  22.0050   0.0540   1.1740   0.1090   0.2790      0
330991   6161.513000 4439.246000  22.1280   0.0550   0.6420   0.0820   0.2790      0
330771   6147.403000 4367.391000  21.8750   0.0610   0.8380   0.0850   0.2790      0
330797   6149.142000 4255.822000  22.4610   0.0690   1.7070   0.2210   0.2790      0
329139   6045.937000 4468.520000  21.8900   0.1100   0.8690   0.1570   0.2780      0
329319   6056.986000 4355.929000  21.5080   0.1360   0.9230   0.1500   0.2780      0
329163   6047.217000 4258.624000  21.4670   0.0250   0.7650   0.0490   0.2770      0
329393   6061.911000 4242.268000  21.9050   0.0530   0.9530   0.1300   0.2770      0
329334   6058.338000 4412.856000  21.3400   0.0290   0.7090   0.0490   0.2730      0
328934   6030.917000 4439.850000  21.4850   0.0720   0.8660   0.1140   0.2730      0
329099   6042.720000 4390.443000  21.7180   0.0750   0.5390   0.1010   0.2730      0
330944   6157.782000 4398.278000  20.9880   0.0340   0.6920   0.0510   0.2720      0
330356   6121.074000 4448.937000  21.4640   0.0400   0.7990   0.0640   0.2720      0
330673   6141.482000 4248.219000  22.0300   0.0460   1.1380   0.0890   0.2720      0
328581   6004.421000 4437.883000  22.0030   0.0630   0.6840   0.0910   0.2710      0
331657   6209.621000 4393.443000  21.8890   0.0430   0.7570   0.0850   0.2690      0
329742   6085.044000 4284.517000  21.6110   0.0570   1.0240   0.0980   0.2690      0
329181   6048.705000 4469.192000  21.1050   0.0240   0.2660   0.0880   0.2680      0
330300   6117.407000 4452.762000  21.4340   0.0370   0.8800   0.0590   0.2680      0
328409   5991.026000 4291.603000  21.8040   0.0460   1.1220   0.0980   0.2680      0
328947   6031.880000 4377.731000  22.0210   0.0480   0.8580   0.0930   0.2680      0
331078   6167.662000 4311.360000  21.8890   0.0680   0.6920   0.1130   0.2680      0
329660   6080.120000 4394.705000  22.0180   0.0610   0.9230   0.1010   0.2670      0
330204   6111.333000 4233.836000  21.6100   0.0340   1.0740   0.0640   0.2660      0
330698   6142.805000 4420.294000  21.3680   0.0350   0.5890   0.0480   0.2660      0
329551   6072.348000 4463.108000  21.6700   0.0480   0.4880   0.0670   0.2650      0
330465   6127.427000 4404.160000  22.1490   0.0570   0.6570   0.1030   0.2640      0
328371   5988.405000 4410.430000  21.8740   0.0460   0.9860   0.0760   0.2630      0
328302   5983.010000 4387.069000  22.0090   0.0850   0.9800   0.1020   0.2620      0
331873   6223.707000 4376.862000  21.5430   0.0300   0.7690   0.0520   0.2610      0
331117   6170.614000 4376.718000  21.3670   0.0490   0.5710   0.0690   0.2610      0
329984   6098.721000 4413.077000  22.0850   0.0610   0.6750   0.1010   0.2610      0
329872   6091.994000 4341.480000  21.6390   0.0460   0.7470   0.0910   0.2600      0
330977   6160.395000 4305.612000  21.5520   0.0360   0.7730   0.0580   0.2580      0
328170   5974.164000 4355.130000  22.0340   0.0410   0.8490   0.0860   0.2580      0
331284   6182.168000 4395.006000  21.9590   0.0550   0.5530   0.0840   0.2580      0
328530   6000.397000 4305.236000  21.4620   0.0430   0.7040   0.1630   0.2570      0
330346   6120.559000 4245.350000  22.0030   0.0470   1.3650   0.1860   0.2550      0
331070   6167.041000 4318.793000  22.0580   0.0620   0.6550   0.1680   0.2540      0
328869   6025.256000 4445.975000  21.5900   0.0480   0.8550   0.1000   0.2530      0
331092   6168.686000 4406.923000  21.6110   0.0440   0.7530   0.0810   0.2520      0
331465   6194.456000 4388.250000  21.9330   0.0570   0.5660   0.0870   0.2520      0
329489   6068.625000 4411.390000  21.6000   0.0590   0.6960   0.0770   0.2520      0
330412   6123.949000 4277.228000  21.3250   0.0340   0.7430   0.0550   0.2510      0
329568   6073.367000 4381.818000  21.5780   0.0410   0.6990   0.0650   0.2500      0
329809   6088.256000 4290.749000  21.6450   0.0440   0.5700   0.1280   0.2500      0
328664   6009.932000 4434.218000  21.7930   0.0540   0.3110   0.0730   0.2500      0
329924   6094.955000 4431.133000  22.3510   0.0660   0.4690   0.0960   0.2500      0
329332   6058.226000 4477.780000  21.3660   0.0360   0.8580   0.0610   0.2490      0
330834   6151.958000 4388.653000  21.1820   0.0280   0.4580   0.0410   0.2480      0
330896   6155.066000 4246.670000  21.3220   0.0410   0.5130   0.0500   0.2480      0
330094   6104.053000 4285.020000  21.5780   0.1080   0.5430   0.1180   0.2480      0
328760   6016.819000 4299.108000  22.0630   0.0660   1.1290   0.1200   0.2450      0
329093   6042.362000 4323.998000  21.6180   0.0580   0.6050   0.0700   0.2440      0
328551   6001.779000 4273.540000  21.4250   0.0340   0.6750   0.0500   0.2430      0
330060   6102.380000 4325.054000  21.4510   0.0550   0.6660   0.0830   0.2430      0
329448   6065.496000 4247.015000  22.5910   0.0720   0.5350   0.1110   0.2430      0
329860   6091.318000 4481.534000  21.3770   0.0280   0.7690   0.0540   0.2420      0
330002   6099.188000 4423.664000  21.6070   0.0380   0.6140   0.0680   0.2400      0
330596   6135.710000 4358.810000  22.0700   0.0670   1.0490   0.1330   0.2380      0
331292   6182.475000 4424.405000  22.4920   0.0790   0.7590   0.1210   0.2370      0
330121   6106.391000 4283.544000  22.0930   0.0650   0.7930   0.1670   0.2360      0
331315   6184.626000 4369.248000  22.4890   0.0790   0.6980   0.1280   0.2360      0
331059   6166.620000 4345.003000  22.1740   0.0700   0.7130   0.0960   0.2350      0
329704   6082.828000 4484.710000  22.0810   0.0530   1.1540   0.1140   0.2340      0
328483   5996.520000 4390.817000  22.4880   0.0770   0.8490   0.1290   0.2320      0
328320   5984.552000 4344.458000  21.4980   0.0560   0.5920   0.0850   0.2310      0
329919   6094.809000 4234.090000  22.0790   0.0650   0.8810   0.1070   0.2310      0
329817   6089.019000 4254.141000  22.4870   0.0850   0.7590   0.1500   0.2310      0
328962   6033.296000 4333.442000  22.5430   0.0900   0.8820   0.1480   0.2310      0
329542   6071.701000 4441.144000  21.5340   0.0370   0.5730   0.0500   0.2300      0
329435   6064.232000 4419.529000  22.1180   0.0600   0.7820   0.1050   0.2280      0
329922   6094.900000 4422.800000  21.4920   0.0380   0.6090   0.0590   0.2240      0
331198   6176.700000 4451.557000  22.9180   0.1760   0.4720   0.2310   0.2230      0
331207   6177.197000 4345.208000  22.4180   0.1230   0.6170   0.1570   0.2210      0
331055   6166.455000 4336.870000  22.7290   0.0980   1.4180   0.2300   0.2190      0
331738   6214.824000 4413.215000  22.2990   0.0750   0.5550   0.1270   0.2180      0
331345   6186.714000 4397.825000  22.1570   0.0710   0.7860   0.1190   0.2170      0
330582   6135.046000 4481.063000  20.5410   0.0620   0.1220   0.0660   0.2160      0
329502   6069.550000 4452.612000  22.6560   0.0830   1.0620   0.2160   0.2160      0
331244   6179.655000 4367.255000  22.4810   0.0750   0.9510   0.1420   0.2150      0
329985   6098.871000 4253.021000  22.6900   0.0850   0.8420   0.1540   0.2110      0
330061   6102.452000 4391.901000  22.7480   0.1630   0.8070   0.2100   0.2100      0
331397   6189.925000 4319.224000  22.5590   0.1200   1.0180   0.1870   0.2080      0
328579   6004.219000 4420.188000  22.4150   0.0720   0.8190   0.1260   0.2070      0
331601   6205.646000 4369.817000  22.4720   0.0730   0.9950   0.1320   0.2040      0
331675   6211.174000 4375.013000  22.1460   0.0510   1.1040   0.0970   0.2030      0
331631   6207.317000 4362.013000  22.5630   0.0770   1.1730   0.1520   0.2010      0
328126   5970.872000 4341.672000  22.3980   0.0630   0.8190   0.1210   0.1990      0
330512   6130.949000 4273.419000  22.4910   0.0750   1.0670   0.1570   0.1990      0
329368   6060.289000 4418.272000  22.5130   0.0820   1.1300   0.1900   0.1980      0
329362   6060.064000 4444.193000  22.1960   0.0610   1.1840   0.1280   0.1950      0
331201   6176.800000 4317.679000  22.3560   0.0690   1.4230   0.1750   0.1940      0
328623   6006.633000 4408.841000  22.9470   0.1090   1.1140   0.2470   0.1910      0
329119   6044.520000 4248.912000  22.8400   0.0970   0.8690   0.1720   0.1880      0
330533   6131.915000 4324.172000  22.2860   0.0770   0.7470   0.1300   0.1870      0
329666   6080.372000 4287.484000  22.1840   0.0770   1.5850   0.1430   0.1800      0
330178   6110.167000 4408.950000  22.2500   0.0500   1.1060   0.1030   0.1790      0
329504   6069.689000 4252.918000  22.2020   0.0580   0.9310   0.1130   0.1760      0
330594   6135.691000 4383.884000  22.2500   0.0580   1.0830   0.1330   0.1740      0
331485   6196.558000 4377.412000  22.3700   0.0620   0.9040   0.1200   0.1740      0
331266   6180.817000 4350.751000  22.2890   0.0600   1.2040   0.1400   0.1720      0
330940   6157.702000 4239.392000  22.2840   0.0620   0.8110   0.0970   0.1720      0
329686   6081.637000 4313.955000  22.3740   0.0850   1.2650   0.2000   0.1680      0
