#ID x y mag e_mag col1 e_col1 memb_prob sel
68872    3407.197000 872.334000  20.1730   0.0170   1.2940   0.0330   0.4630      1
69502    3438.019000 880.760000  20.1390   0.0130   1.3130   0.0280   0.4530      1
67156    3323.354000 809.155000  19.5260   0.0120   1.1880   0.0270   0.4440      1
71619    3538.211000 828.253000  18.7020   0.0080   1.3650   0.0120   0.4410      1
66646    3299.176000 812.157000  19.7490   0.0110   0.9960   0.0170   0.4370      1
70826    3498.903000 928.928000  18.8850   0.0160   0.0760   0.0190   0.4360      1
69185    3422.424000 937.875000  18.1300   0.0070  -0.2360   0.0150   0.4350      1
71697    3541.619000 854.972000  18.3200   0.0070  -0.0240   0.0190   0.4340      1
69355    3430.799000 726.409000  19.2990   0.0080  -0.2280   0.0150   0.4330      1
66438    3288.792000 893.782000  18.0440   0.0100  -0.1500   0.0120   0.4330      1
68919    3409.795000 867.229000  18.8670   0.0130   1.1930   0.0260   0.4330      1
68981    3413.137000 845.525000  18.1420   0.0090   1.1900   0.0110   0.4320      1
70167    3468.666000 896.431000  19.2300   0.0110   1.4800   0.0180   0.4310      1
66494    3291.580000 829.745000  19.0260   0.0120  -0.0080   0.0130   0.4300      1
70668    3491.738000 763.283000  18.2830   0.0620  -0.0080   0.0620   0.4290      1
68971    3412.799000 829.331000  18.7730   0.0090   0.0570   0.0110   0.4280      1
68450    3386.003000 860.831000  19.7080   0.0100   1.4590   0.0190   0.4270      1
69193    3422.869000 856.619000  17.5920   0.0130   0.6220   0.0910   0.4270      1
71096    3511.359000 919.092000  16.6010   0.0060  -0.4570   0.0120   0.4260      1
70773    3496.642000 787.574000  18.6020   0.0070   1.7800   0.0110   0.4260      1
71219    3517.069000 903.563000  18.6720   0.0080   0.1750   0.0100   0.4250      1
69845    3454.131000 907.720000  19.3050   0.0110   0.0060   0.0250   0.4250      1
69864    3454.884000 852.531000  18.9600   0.0270   0.9930   0.0300   0.4250      1
68250    3376.562000 956.742000  18.4390   0.0060   1.2740   0.0110   0.4240      1
70000    3460.541000 867.234000  19.0490   0.0080   1.7240   0.0190   0.4240      1
68571    3392.198000 782.718000  19.2860   0.0080   0.0640   0.0350   0.4240      1
70823    3498.691000 828.220000  19.5270   0.0090   1.7450   0.0190   0.4240      1
70594    3487.961000 773.490000  20.1760   0.0160  -0.0450   0.0190   0.4240      1
67847    3356.757000 851.623000  18.4260   0.0050   1.5760   0.0100   0.4210      1
70256    3472.881000 891.308000  18.9550   0.0080   1.7920   0.0170   0.4210      1
67323    3331.215000 817.428000  18.8130   0.0050   1.4960   0.0180   0.4200      1
67355    3332.419000 742.135000  18.4010   0.0050   1.7140   0.0100   0.4180      1
70478    3483.193000 758.443000  20.2190   0.0490  -0.1740   0.0520   0.3980      1
68555    3391.403000 930.146000  20.1760   0.0170   1.0920   0.1060   0.3630      1
71087    3510.996000 891.124000  20.4110   0.0220   1.1080   0.0450   0.3480      1
70242    3472.443000 833.827000  20.7500   0.0180   0.3440   0.0230   0.3320      1
69356    3430.923000 797.653000  20.9980   0.0250   0.4060   0.0320   0.3310      1
67526    3342.037000 903.125000  20.9600   0.0240   0.4270   0.0350   0.3260      1
67306    3330.440000 951.115000  20.7170   0.0190   0.3390   0.0240   0.3220      1
69633    3443.513000 816.932000  20.7960   0.0200   0.2720   0.0240   0.3220      1
68596    3393.416000 796.243000  20.9380   0.0280   0.3880   0.0380   0.3200      1
67385    3334.181000 926.824000  20.9620   0.0390   0.4140   0.0450   0.3190      1
66921    3312.714000 839.281000  20.8150   0.0170   0.4990   0.0250   0.3070      1
70636    3489.999000 891.975000  20.8560   0.0220   0.5210   0.0290   0.3060      1
67629    3346.486000 896.804000  21.0030   0.0220   0.4840   0.0400   0.3050      1
68688    3398.124000 899.991000  20.8540   0.0240   0.5350   0.0330   0.3020      1
67880    3357.983000 945.721000  20.9720   0.0210   0.4850   0.0290   0.3000      1
68686    3398.013000 860.139000  20.7960   0.0260   0.2320   0.0330   0.2990      1
68375    3382.336000 777.513000  21.0030   0.0250   0.5250   0.0300   0.2960      1
71275    3520.040000 880.819000  20.8030   0.0250   0.5200   0.0320   0.2960      1
67613    3345.765000 865.254000  20.8080   0.0220   0.5280   0.0370   0.2950      1
69626    3443.360000 841.879000  20.9870   0.0290   0.5120   0.0400   0.2940      1
71138    3513.223000 930.216000  20.7230   0.0340   0.3410   0.0390   0.2940      1
69724    3448.388000 891.294000  20.8350   0.0210   0.5600   0.0280   0.2930      1
65952    3266.461000 798.402000  20.8730   0.0230   0.7580   0.0360   0.2870      1
67632    3346.570000 969.275000  20.9170   0.0200   0.5810   0.0310   0.2850      1
68994    3413.825000 761.667000  21.0220   0.0270   0.5610   0.0430   0.2840      1
70771    3496.554000 884.832000  22.2740   0.0540   0.7180   0.0920   0.2160      1
68020    3365.000000 703.462000  22.2930   0.0590   0.8620   0.1010   0.2160      1
68132    3371.040000 977.140000  22.3010   0.0680   0.8380   0.1080   0.2160      1
67543    3342.480000 760.683000  22.2100   0.1630  -0.5930   0.2170   0.2140      1
68675    3397.299000 773.923000  19.5800   0.0210   0.8700   0.0720   0.4400      0
71708    3541.956000 824.541000  19.5240   0.0100   0.7140   0.0170   0.4380      0
66734    3303.936000 862.577000  19.3740   0.0070   0.7880   0.0120   0.4320      0
71726    3542.844000 801.109000  19.3800   0.0320   0.8630   0.0490   0.4320      0
68263    3377.289000 780.575000  20.1780   0.0160   1.3260   0.0500   0.4300      0
68657    3396.449000 839.056000  19.2470   0.0110  -0.2720   0.0310   0.4280      0
69442    3435.036000 886.602000  20.1290   0.0120  -0.2200   0.0170   0.4280      0
68064    3367.024000 827.212000  18.0990   0.0120   1.2790   0.0230   0.4280      0
66618    3298.166000 916.865000  17.4080   0.0160   3.0920   0.0270   0.4270      0
66897    3311.583000 944.195000  16.9900   0.0060  -0.4710   0.0080   0.4250      0
68950    3411.802000 917.774000  17.4640   0.0070   2.1060   0.0100   0.4250      0
67965    3362.390000 777.031000  16.8860   0.0080  -0.1580   0.0100   0.4250      0
65953    3266.478000 880.945000  16.4630   0.0060  -0.5340   0.1290   0.4240      0
68922    3410.095000 984.837000  16.1970   0.0090   3.2800   0.0130   0.4230      0
69045    3415.853000 835.581000  16.9750   0.0070   2.4500   0.0200   0.4220      0
68536    3390.435000 804.877000  17.8570   0.0070   2.2590   0.0320   0.4220      0
69569    3440.939000 771.795000  18.6850   0.0080   1.0360   0.0110   0.4220      0
71526    3533.585000 795.918000  15.9290   0.0100   3.1880   0.0120   0.4220      0
67005    3316.586000 814.860000  15.6690   0.0070  -0.4790   0.0110   0.4200      0
70638    3490.125000 810.665000  18.9270   0.0060   1.1840   0.0100   0.4190      0
66737    3304.004000 758.054000  17.3460   0.0070   1.7990   0.0260   0.4190      0
70257    3472.887000 737.294000  19.7680   0.0090  -0.1710   0.0110   0.4190      0
71745    3543.725000 849.967000  19.2320   0.0080  -0.0890   0.0110   0.4180      0
66837    3308.354000 855.115000  17.9000   0.0050   1.8200   0.0150   0.4170      0
68717    3399.578000 875.044000  18.6610   0.0070   0.1040   0.0090   0.4170      0
66981    3315.369000 951.930000  17.7480   0.0110   1.9130   0.0170   0.4170      0
68077    3367.724000 851.079000  18.5220   0.0170   1.1500   0.0200   0.4170      0
67398    3334.563000 863.671000  18.3700   0.0080   1.9880   0.0130   0.4160      0
68306    3379.360000 840.516000  20.0590   0.0130  -0.0280   0.0160   0.4160      0
68078    3367.795000 727.405000  18.5920   0.0080   1.9410   0.0130   0.4150      0
68024    3365.274000 889.808000  17.9740   0.0080   2.0980   0.0140   0.4150      0
67602    3345.131000 759.661000  19.0530   0.0090   2.0640   0.0290   0.4150      0
68137    3371.216000 754.029000  20.0050   0.0110  -0.1310   0.0140   0.4150      0
67824    3355.479000 775.913000  20.1440   0.0210   1.2210   0.0580   0.4150      0
69989    3460.012000 841.283000  17.6090   0.0100   2.4230   0.0130   0.4140      0
66542    3294.163000 845.358000  19.7830   0.0110   0.8450   0.0170   0.4140      0
68511    3389.035000 797.006000  19.6000   0.0130   0.2430   0.0150   0.4140      0
68708    3399.036000 787.886000  18.9950   0.0360  -0.0810   0.0370   0.4140      0
66579    3296.014000 924.269000  18.8850   0.0130   1.3580   0.0160   0.4130      0
67329    3331.383000 876.097000  19.6020   0.0090   0.0580   0.0110   0.4120      0
67037    3318.207000 840.208000  19.9520   0.0110   1.7100   0.0280   0.4120      0
70186    3469.462000 936.316000  18.3730   0.0070   1.7090   0.0110   0.4110      0
69029    3415.158000 772.880000  19.6100   0.0090   0.5130   0.0190   0.4110      0
70105    3465.820000 920.985000  19.8700   0.0110   1.3980   0.0270   0.4110      0
67376    3333.832000 966.498000  18.8280   0.0070   2.1130   0.0770   0.4080      0
67132    3322.159000 872.113000  20.9460   0.0600  -0.2760   0.0690   0.4080      0
68084    3367.921000 910.770000  19.4310   0.0100   1.6150   0.0200   0.4070      0
69454    3435.817000 700.345000  18.4630   0.0060   1.4690   0.0100   0.4050      0
70762    3496.184000 737.569000  19.8040   0.0120   1.3650   0.0200   0.4050      0
68761    3402.166000 848.402000  19.7280   0.0140   0.3930   0.0170   0.4030      0
66096    3272.901000 841.373000  19.9450   0.0110  -0.0070   0.0140   0.4010      0
69341    3430.305000 869.135000  19.0590   0.0320   1.3780   0.0340   0.4010      0
68673    3397.268000 883.914000  18.6870   0.0070   1.6050   0.0280   0.4000      0
70379    3478.294000 750.190000  19.9910   0.0110   1.1970   0.0190   0.4000      0
68891    3408.118000 840.582000  18.7750   0.0080   1.4820   0.0200   0.3990      0
67220    3326.482000 843.643000  20.0440   0.0120  -0.0960   0.0160   0.3990      0
66050    3270.675000 785.533000  19.5750   0.0090   1.6280   0.0320   0.3980      0
67551    3342.838000 876.996000  20.2710   0.0120  -0.1260   0.0650   0.3980      0
66487    3291.337000 800.649000  20.2820   0.0150   0.2240   0.0210   0.3970      0
69154    3421.166000 883.273000  19.4090   0.0090   0.2680   0.0110   0.3960      0
69363    3431.229000 901.211000  17.9020   0.0060   2.0930   0.0110   0.3950      0
69667    3445.438000 947.686000  19.4480   0.0070   1.5870   0.0170   0.3950      0
68930    3410.209000 709.135000  19.9760   0.0180   0.6070   0.0220   0.3950      0
66749    3304.365000 932.637000  18.3280   0.0070  -0.3430   0.0140   0.3940      0
66622    3298.437000 902.088000  18.5460   0.0070   1.6360   0.0140   0.3920      0
68404    3383.724000 721.278000  20.4550   0.0120   0.0320   0.0160   0.3880      0
68269    3377.510000 929.514000  18.5390   0.0080   1.6340   0.0200   0.3870      0
68920    3409.876000 745.972000  20.0070   0.0110   0.0620   0.0290   0.3870      0
66366    3285.037000 821.672000  20.2690   0.0150   0.2410   0.0190   0.3870      0
67779    3353.301000 753.258000  18.5250   0.0060   1.7560   0.0360   0.3860      0
70349    3476.765000 856.023000  19.3920   0.0090   0.0140   0.0110   0.3830      0
67853    3356.954000 842.051000  19.7680   0.0110  -0.0570   0.0370   0.3830      0
70209    3470.849000 797.942000  19.4010   0.0090   1.5760   0.0200   0.3820      0
70175    3468.967000 901.759000  19.8010   0.0140   0.5720   0.0170   0.3810      0
70039    3462.573000 973.779000  20.0070   0.0140   0.4700   0.0180   0.3810      0
66914    3312.346000 939.975000  18.7160   0.0150   0.2080   0.0390   0.3810      0
69728    3448.538000 724.626000  19.6420   0.0110   1.7050   0.0190   0.3790      0
66254    3280.191000 796.880000  20.4140   0.0140   0.0110   0.0180   0.3790      0
69122    3419.713000 841.248000  20.1790   0.0410   2.0720   0.1120   0.3790      0
70833    3499.159000 794.225000  18.7140   0.0060   1.6980   0.0120   0.3780      0
70855    3500.375000 911.244000  19.8160   0.0100   0.1830   0.0160   0.3780      0
67196    3325.208000 752.074000  20.5590   0.0130   0.1010   0.0170   0.3770      0
67379    3334.038000 849.582000  21.0790   0.0230   1.3310   0.0500   0.3770      0
70335    3475.978000 895.903000  19.8240   0.0170   0.1590   0.0190   0.3760      0
69467    3436.710000 908.931000  20.5820   0.0170   1.3160   0.0340   0.3760      0
67744    3351.662000 940.621000  18.5150   0.0070   1.6570   0.0140   0.3740      0
69264    3426.889000 710.512000  19.5450   0.0140   0.3650   0.0170   0.3740      0
66752    3304.448000 907.481000  20.7140   0.0230   0.0120   0.0260   0.3740      0
68770    3402.474000 822.869000  19.6440   0.0100   1.5290   0.0200   0.3700      0
71432    3528.485000 804.448000  18.5610   0.0120   1.6850   0.0160   0.3690      0
68333    3380.646000 808.320000  19.0070   0.0300   1.7640   0.0340   0.3680      0
70750    3495.479000 745.258000  19.7520   0.0120   0.3470   0.0190   0.3670      0
69133    3420.051000 745.823000  20.6620   0.0190   1.1770   0.0360   0.3670      0
66604    3297.547000 827.276000  18.8610   0.0080   1.5010   0.0410   0.3660      0
66614    3297.985000 745.506000  19.9170   0.0120   0.3900   0.0150   0.3660      0
71592    3537.009000 882.866000  21.0320   0.0260   1.3420   0.0570   0.3660      0
68484    3387.400000 897.644000  20.0210   0.0120   0.4210   0.0190   0.3640      0
68172    3373.191000 797.550000  20.5210   0.0140   0.3720   0.0190   0.3620      0
69365    3431.260000 923.332000  20.3770   0.0150   0.1080   0.0190   0.3620      0
71118    3512.306000 854.585000  18.4890   0.0150  -0.1650   0.0890   0.3620      0
67169    3323.848000 796.826000  19.9750   0.0120   1.3590   0.0250   0.3610      0
67175    3324.195000 927.996000  20.4030   0.0180   0.0240   0.0220   0.3610      0
69458    3436.324000 717.302000  19.8920   0.0100   0.0830   0.0240   0.3600      0
68415    3384.217000 944.060000  19.6590   0.0100   0.5640   0.0250   0.3590      0
67150    3323.119000 789.295000  20.0320   0.0120   0.2360   0.0160   0.3590      0
70062    3463.702000 733.039000  18.5020   0.0100   1.7140   0.0150   0.3580      0
69303    3428.689000 853.224000  20.3120   0.0180   0.2490   0.0300   0.3580      0
68801    3403.655000 910.172000  21.0770   0.0310   1.6260   0.0770   0.3580      0
69086    3418.089000 950.012000  20.3780   0.0100   0.6340   0.0170   0.3570      0
71550    3535.068000 813.759000  21.0820   0.0270   1.6040   0.0620   0.3570      0
67253    3328.030000 744.538000  19.7570   0.0140   0.2480   0.0300   0.3520      0
68846    3405.446000 858.307000  20.0780   0.0120   0.4010   0.0170   0.3510      0
69037    3415.590000 875.037000  19.6880   0.0310   0.4330   0.0390   0.3510      0
70081    3464.798000 876.391000  21.0360   0.0440   1.6960   0.1020   0.3500      0
66865    3309.979000 901.045000  18.5650   0.0070   1.7880   0.0520   0.3490      0
69188    3422.549000 809.256000  20.4200   0.0150   0.1640   0.0240   0.3490      0
70818    3498.400000 750.282000  21.0760   0.0320   1.3110   0.0740   0.3490      0
70079    3464.606000 910.187000  19.5510   0.0260   0.1550   0.0270   0.3480      0
69853    3454.450000 837.097000  20.0200   0.0250   0.4570   0.0270   0.3470      0
70936    3504.341000 928.171000  19.6760   0.0310   0.3800   0.0400   0.3470      0
66748    3304.349000 745.378000  20.6030   0.0400   1.2160   0.0570   0.3470      0
70473    3483.097000 761.847000  19.2720   0.0430   0.0590   0.0450   0.3450      0
69262    3426.806000 826.864000  18.5920   0.0100   1.6110   0.0190   0.3440      0
67914    3359.819000 743.396000  20.3450   0.0150   0.6230   0.0230   0.3440      0
67390    3334.397000 837.849000  18.5860   0.0070   1.7450   0.0460   0.3430      0
70985    3506.236000 847.412000  18.7440   0.0070   1.6720   0.0110   0.3420      0
68309    3379.475000 849.680000  20.2840   0.0120   0.4800   0.0180   0.3420      0
71262    3519.162000 918.298000  20.5180   0.0180   1.5740   0.0600   0.3420      0
67086    3320.292000 861.920000  17.8930   0.0220   1.5850   0.0230   0.3420      0
66965    3314.529000 898.261000  20.2470   0.0140   0.5650   0.0190   0.3370      0
69578    3441.568000 824.450000  21.0140   0.0480   1.3820   0.0650   0.3360      0
67274    3329.111000 801.843000  18.5320   0.0270   1.7390   0.0330   0.3350      0
66935    3313.222000 929.477000  19.7710   0.0160   0.5500   0.1170   0.3340      0
68828    3404.750000 843.675000  20.5190   0.0230   0.3740   0.0280   0.3340      0
68033    3365.670000 774.603000  19.0690   0.0360   0.2080   0.0430   0.3320      0
69750    3449.765000 871.245000  21.0700   0.0590   1.3320   0.0810   0.3310      0
66970    3314.805000 868.862000  20.3860   0.0170   0.0750   0.0210   0.3290      0
68702    3398.761000 980.543000  20.2580   0.0150   0.5930   0.0210   0.3270      0
66222    3278.738000 849.682000  21.1080   0.0340   1.5320   0.1550   0.3270      0
68304    3379.341000 819.048000  20.2610   0.0140   0.5540   0.0210   0.3260      0
69834    3453.633000 893.514000  20.3470   0.0140   1.5460   0.0330   0.3260      0
68127    3370.746000 855.076000  20.2780   0.0180   0.4810   0.0240   0.3250      0
67764    3352.637000 921.794000  19.6610   0.0130   1.6720   0.0920   0.3240      0
66744    3304.143000 882.856000  20.4580   0.0180   1.4660   0.0420   0.3210      0
67337    3331.641000 937.456000  20.3330   0.0170   0.5780   0.0220   0.3200      0
70130    3466.982000 792.431000  20.4530   0.0170   0.1440   0.0220   0.3190      0
66343    3283.736000 812.292000  19.8540   0.0330   0.1520   0.0430   0.3190      0
69216    3423.936000 824.294000  19.5780   0.0270   1.5250   0.0580   0.3180      0
67870    3357.413000 833.978000  20.5970   0.0200   1.5900   0.0380   0.3170      0
70954    3504.969000 939.091000  20.2550   0.0150   0.4970   0.0230   0.3140      0
68786    3403.041000 923.370000  20.1520   0.0120   0.5610   0.0260   0.3110      0
68918    3409.685000 810.994000  20.5570   0.0170   0.2790   0.0210   0.3110      0
71035    3508.297000 751.555000  19.6530   0.0280   0.2690   0.0380   0.3070      0
67172    3324.021000 815.063000  20.0200   0.0160   0.3750   0.0540   0.3040      0
69372    3431.624000 837.798000  18.7620   0.0190   1.5230   0.0210   0.3010      0
69051    3415.999000 936.992000  21.0690   0.0270   1.2220   0.0640   0.2990      0
67228    3326.984000 875.895000  21.0920   0.0290   0.1710   0.0400   0.2970      0
66755    3304.573000 898.768000  21.0350   0.0250   0.4360   0.0350   0.2930      0
70212    3471.055000 809.918000  20.9200   0.0350   0.3900   0.0470   0.2930      0
70433    3481.112000 773.750000  20.9500   0.0590   0.3860   0.0690   0.2930      0
71774    3545.116000 858.526000  20.3080   0.0310   1.0990   0.0730   0.2920      0
71330    3523.336000 894.289000  18.8580   0.0120   1.6870   0.0300   0.2910      0
69930    3458.042000 929.143000  20.7180   0.0190   1.5290   0.0410   0.2890      0
71543    3534.407000 853.440000  18.6770   0.0080   1.6940   0.0660   0.2880      0
66605    3297.609000 764.709000  20.6750   0.0180   1.5570   0.0400   0.2870      0
69083    3417.977000 858.808000  20.7730   0.0320   0.3460   0.0510   0.2860      0
67966    3362.407000 831.421000  20.8200   0.0350   0.4890   0.0380   0.2840      0
71075    3510.259000 782.610000  20.3890   0.0180   0.6910   0.0230   0.2820      0
69770    3450.775000 962.716000  21.0850   0.0280   0.5290   0.0400   0.2820      0
66761    3304.690000 779.740000  21.1170   0.0330   1.2370   0.0660   0.2820      0
67979    3362.850000 917.519000  20.2610   0.0160   0.3380   0.0290   0.2810      0
68014    3364.652000 794.685000  21.3150   0.0270   0.4840   0.0360   0.2810      0
68738    3400.858000 970.468000  20.9360   0.0280   0.5440   0.0400   0.2800      0
68083    3367.912000 982.124000  20.7340   0.0170   0.5280   0.0250   0.2790      0
68607    3393.951000 870.358000  21.1100   0.0270   0.5180   0.0370   0.2790      0
69818    3452.770000 774.540000  21.3290   0.0280   0.4410   0.0390   0.2790      0
66802    3307.118000 782.075000  21.0330   0.0460   0.3570   0.0720   0.2790      0
68681    3397.473000 946.038000  20.9380   0.0770   0.5100   0.0790   0.2790      0
70622    3489.314000 728.256000  20.9120   0.0220   0.3500   0.0320   0.2780      0
71401    3526.828000 825.269000  21.0090   0.0650   0.3350   0.0880   0.2780      0
68360    3381.671000 962.174000  22.1490   0.0600   0.2880   0.0830   0.2770      0
68609    3394.015000 826.810000  20.8920   0.0250   0.4890   0.0400   0.2750      0
66047    3270.574000 806.621000  21.0020   0.0270   0.5910   0.0350   0.2740      0
68694    3398.331000 799.989000  20.8820   0.0240   0.5870   0.0320   0.2730      0
69981    3459.949000 847.832000  20.3650   0.0310   0.5540   0.0370   0.2730      0
68091    3368.386000 770.219000  20.9580   0.0560   0.2960   0.0760   0.2710      0
68823    3404.467000 868.306000  21.0730   0.0330   0.5400   0.0580   0.2700      0
68744    3401.213000 810.622000  21.7200   0.0370   0.5420   0.0550   0.2700      0
67860    3357.192000 752.648000  20.9770   0.0440   0.5830   0.0570   0.2700      0
70117    3466.387000 869.763000  20.8120   0.0290   1.1070   0.0540   0.2690      0
68581    3392.804000 846.752000  18.6930   0.0100   1.7890   0.0750   0.2680      0
66517    3292.670000 761.859000  21.0000   0.0230   0.2220   0.0310   0.2680      0
69735    3448.942000 906.353000  20.7670   0.0360   0.3720   0.0670   0.2680      0
68860    3406.235000 755.800000  21.7310   0.0390   0.5540   0.0620   0.2680      0
70135    3467.404000 842.120000  20.8650   0.0390   0.5860   0.0460   0.2660      0
68228    3375.635000 963.956000  21.7910   0.0520   0.5120   0.0680   0.2660      0
67061    3319.145000 765.491000  20.6570   0.0150   0.7360   0.0240   0.2650      0
69486    3437.341000 793.833000  21.0500   0.0220   0.6010   0.0350   0.2650      0
71336    3523.652000 768.339000  21.7730   0.0400   0.5520   0.0650   0.2650      0
70479    3483.220000 819.336000  21.7560   0.0440   0.5290   0.0800   0.2650      0
68978    3413.101000 908.351000  20.1440   0.0220   0.4050   0.0340   0.2640      0
70396    3479.349000 819.679000  20.6940   0.0250   0.7110   0.0400   0.2640      0
71406    3527.105000 836.586000  21.1180   0.0290   0.7880   0.0460   0.2640      0
66658    3299.838000 805.550000  21.7020   0.0330   0.6050   0.0500   0.2640      0
70549    3486.482000 786.083000  20.7140   0.0250   0.7160   0.0330   0.2630      0
70641    3490.386000 878.173000  21.1400   0.0260   0.5720   0.0350   0.2630      0
70484    3483.593000 926.641000  21.4560   0.0280   0.6930   0.0500   0.2630      0
68614    3394.243000 748.297000  20.8980   0.0300   0.6300   0.0410   0.2630      0
69720    3448.310000 847.793000  21.0600   0.0810   0.4150   0.0860   0.2630      0
67590    3344.428000 935.439000  21.1650   0.0260   0.9180   0.0540   0.2620      0
67934    3361.002000 957.817000  20.7210   0.0210   0.6840   0.0320   0.2610      0
68079    3367.812000 878.675000  21.0830   0.0260   0.2490   0.0490   0.2610      0
69713    3447.805000 851.761000  20.6830   0.0540   0.1350   0.0570   0.2610      0
68129    3370.817000 816.275000  21.2820   0.0290   0.4320   0.0410   0.2600      0
70171    3468.917000 943.699000  18.6310   0.0090   1.6290   0.0280   0.2590      0
69461    3436.554000 873.231000  21.1000   0.0280   0.7560   0.0430   0.2590      0
70112    3465.905000 800.983000  21.7020   0.0470   0.5740   0.0690   0.2590      0
68729    3400.267000 832.214000  20.5850   0.0220   0.2940   0.0330   0.2580      0
69661    3445.182000 897.681000  21.1190   0.0260   0.7320   0.0400   0.2580      0
71445    3529.304000 808.844000  20.1950   0.0260   0.4130   0.0430   0.2580      0
70173    3468.928000 884.767000  21.1790   0.0290   0.8930   0.0530   0.2580      0
68487    3387.584000 919.294000  20.8760   0.0320   0.7960   0.0480   0.2580      0
70358    3477.328000 866.200000  21.4470   0.0320   0.7460   0.0490   0.2580      0
67416    3335.581000 792.976000  21.8180   0.0520   0.4330   0.0790   0.2580      0
70609    3488.498000 801.825000  21.7560   0.0550   0.4360   0.0840   0.2580      0
70892    3501.872000 799.421000  20.8100   0.0240   0.3970   0.0340   0.2570      0
71303    3521.650000 785.441000  20.9920   0.0270   0.6140   0.0390   0.2570      0
67452    3337.606000 953.601000  21.4450   0.0360   0.6960   0.0560   0.2570      0
70024    3462.106000 822.873000  20.3350   0.0440   1.1350   0.1340   0.2570      0
71531    3533.964000 874.889000  21.0510   0.0750   0.0640   0.0770   0.2570      0
71168    3514.776000 888.012000  20.7370   0.0230   0.5570   0.0320   0.2560      0
70158    3468.073000 963.668000  21.0980   0.0290   0.8010   0.0450   0.2560      0
69717    3448.187000 954.621000  21.2850   0.0400   0.4330   0.0510   0.2560      0
68531    3390.243000 948.682000  21.0820   0.0600   0.4570   0.0810   0.2560      0
71182    3515.507000 882.938000  21.4610   0.0380   0.7340   0.0530   0.2550      0
69794    3451.713000 753.188000  21.6970   0.0510   0.5920   0.0690   0.2550      0
69437    3434.842000 868.894000  21.7960   0.0730   0.4840   0.0900   0.2550      0
70099    3465.556000 768.753000  20.6790   0.0240   0.7430   0.0320   0.2540      0
69640    3444.034000 882.427000  20.3690   0.0400   0.5590   0.0640   0.2540      0
69677    3446.192000 969.587000  21.2870   0.0340   0.5090   0.0420   0.2530      0
71024    3507.805000 815.484000  21.1210   0.0390   0.7680   0.0560   0.2530      0
67382    3334.140000 921.086000  21.3290   0.0570   0.5080   0.0650   0.2530      0
68147    3371.665000 764.199000  20.8630   0.0220   0.6890   0.0310   0.2520      0
71442    3529.187000 913.187000  21.1340   0.0220   0.7140   0.0340   0.2520      0
71211    3516.536000 785.531000  21.0870   0.0270   0.7850   0.0470   0.2520      0
66231    3279.280000 825.446000  21.1960   0.0330   0.9440   0.0500   0.2520      0
68302    3379.265000 873.364000  21.3740   0.0330   0.5410   0.0600   0.2520      0
67471    3339.011000 790.826000  20.8210   0.0520   0.4020   0.0710   0.2520      0
70311    3474.800000 769.314000  20.9250   0.0620   0.6330   0.1140   0.2520      0
67868    3357.383000 785.196000  22.1320   0.0640   0.3410   0.0930   0.2520      0
70314    3474.977000 905.835000  20.8300   0.0440   1.1640   0.0580   0.2510      0
70620    3489.214000 846.400000  20.7290   0.0200   0.7090   0.0360   0.2500      0
69322    3429.575000 959.846000  21.3720   0.0330   0.5640   0.0430   0.2500      0
68591    3393.327000 901.436000  20.9310   0.0580   0.6430   0.1030   0.2500      0
66788    3306.276000 920.162000  20.7160   0.0240   0.9590   0.0350   0.2490      0
67432    3336.604000 942.432000  21.4230   0.0370   0.7380   0.0550   0.2490      0
68389    3382.999000 757.271000  21.4180   0.0370   0.7220   0.0570   0.2490      0
66460    3289.729000 907.149000  21.3490   0.0400   0.5550   0.0570   0.2490      0
68542    3390.885000 835.093000  20.4130   0.0170   0.5890   0.0270   0.2480      0
68553    3391.353000 899.105000  20.7490   0.0180   0.5410   0.0660   0.2480      0
69653    3444.643000 867.323000  20.3810   0.0500   1.3820   0.0560   0.2480      0
68494    3388.001000 865.148000  20.8950   0.0290   0.9770   0.0400   0.2470      0
69108    3419.142000 707.256000  21.4920   0.0340   0.6930   0.0500   0.2470      0
67305    3330.434000 899.940000  21.6590   0.0380   0.6570   0.0570   0.2470      0
68126    3370.736000 711.172000  21.3840   0.0560   0.5210   0.0660   0.2470      0
68341    3380.934000 832.359000  21.8090   0.0560   0.5860   0.0740   0.2470      0
68030    3365.555000 850.830000  19.8280   0.0600   1.0610   0.0980   0.2470      0
66844    3308.960000 799.019000  20.6570   0.0230   0.2340   0.0310   0.2460      0
67549    3342.765000 709.848000  21.1030   0.0230   0.6010   0.0370   0.2460      0
69689    3446.775000 929.795000  21.1830   0.0310   0.8500   0.0510   0.2460      0
68874    3407.206000 782.159000  21.6930   0.0380   0.6650   0.0640   0.2460      0
67163    3323.510000 911.925000  21.6620   0.0400   0.5470   0.0590   0.2460      0
68619    3394.445000 967.430000  21.8520   0.0540   0.4290   0.0830   0.2460      0
69417    3434.264000 841.630000  20.7030   0.0890   0.2450   0.0920   0.2460      0
69492    3437.697000 838.218000  21.1280   0.0340   0.4830   0.0430   0.2450      0
69872    3455.344000 901.285000  21.4070   0.0370   0.7060   0.0540   0.2450      0
67525    3341.995000 829.245000  20.7070   0.0870   0.2140   0.1200   0.2450      0
67342    3331.890000 965.153000  20.7060   0.0930   0.1690   0.1270   0.2450      0
66157    3275.932000 797.805000  21.4060   0.0340   0.6970   0.0590   0.2440      0
68832    3404.902000 953.226000  21.6770   0.0380   0.6830   0.0540   0.2440      0
70345    3476.500000 732.810000  21.6750   0.0480   0.5100   0.0640   0.2440      0
67427    3336.336000 720.944000  20.9200   0.0510   0.6840   0.0710   0.2440      0
69545    3440.057000 901.056000  22.4080   0.0780   1.6160   0.1930   0.2440      0
66769    3305.189000 914.759000  22.0440   0.0870   0.2700   0.1060   0.2440      0
70499    3484.713000 776.740000  20.8640   0.0320   0.6950   0.0540   0.2430      0
69058    3416.393000 742.932000  20.7500   0.0650   0.3980   0.0710   0.2430      0
69688    3446.682000 962.759000  21.2810   0.0250   1.2720   0.0580   0.2420      0
67258    3328.557000 778.438000  21.1670   0.0260   0.7370   0.0410   0.2420      0
69453    3435.777000 763.383000  21.3740   0.0280   0.6000   0.0420   0.2420      0
67238    3327.380000 722.068000  21.2020   0.0300   0.5670   0.0430   0.2420      0
68925    3410.143000 821.252000  21.1750   0.0340   0.7960   0.0470   0.2420      0
69283    3427.688000 841.171000  21.4350   0.0380   0.6270   0.0590   0.2420      0
69765    3450.597000 911.397000  21.3240   0.0450   0.5600   0.0560   0.2420      0
69789    3451.413000 827.956000  21.7610   0.0690   0.6010   0.1060   0.2420      0
67598    3344.999000 949.897000  21.2020   0.0320   0.5520   0.0470   0.2410      0
71230    3517.597000 831.094000  21.6550   0.0490   0.5470   0.0630   0.2410      0
70758    3495.840000 761.261000  19.1070   0.0500   1.4750   0.0530   0.2410      0
67972    3362.604000 911.036000  20.6730   0.0190   0.6660   0.0270   0.2400      0
67060    3319.135000 893.235000  21.1670   0.0220   0.4150   0.0330   0.2400      0
69536    3439.746000 961.001000  22.2610   0.0670   0.2920   0.1250   0.2400      0
69123    3419.754000 976.657000  22.3040   0.0730   1.6260   0.1910   0.2400      0
68330    3380.510000 726.897000  20.6360   0.0170   0.5970   0.0260   0.2390      0
68898    3408.471000 849.779000  21.4290   0.0510   0.7510   0.0670   0.2390      0
67959    3362.094000 867.574000  22.0360   0.0640   0.3110   0.0910   0.2390      0
68265    3377.326000 979.401000  21.3750   0.0320   0.6070   0.0540   0.2380      0
67215    3326.181000 783.646000  21.1520   0.0320   0.7080   0.0880   0.2380      0
68385    3382.794000 875.633000  21.4310   0.0360   0.4910   0.0510   0.2380      0
67119    3321.709000 948.693000  21.6750   0.0480   0.2460   0.0640   0.2380      0
70307    3474.721000 762.736000  21.1470   0.0640   0.5910   0.0690   0.2380      0
67192    3324.952000 747.123000  22.2750   0.1080   0.2190   0.1310   0.2380      0
68954    3411.940000 705.574000  21.7750   0.0620   0.6370   0.0910   0.2370      0
66018    3269.314000 813.946000  21.4280   0.0660   0.6480   0.0760   0.2370      0
67014    3317.061000 774.651000  21.4220   0.0680   0.5230   0.0750   0.2370      0
66189    3277.273000 870.186000  22.1530   0.1440   0.1730   0.1580   0.2370      0
69357    3430.930000 986.688000  21.6240   0.0380   0.6360   0.0560   0.2360      0
71170    3514.866000 747.025000  21.0890   0.0390   0.7290   0.0490   0.2360      0
66809    3307.428000 775.526000  21.3420   0.0580   0.5510   0.1090   0.2360      0
68220    3375.332000 874.322000  21.1850   0.0290   0.7900   0.0480   0.2350      0
67589    3344.404000 793.680000  21.8340   0.0720   0.5950   0.0910   0.2350      0
67749    3351.775000 763.552000  21.4350   0.0310   0.8070   0.0900   0.2340      0
67250    3327.857000 937.338000  21.1560   0.0340   0.6010   0.0620   0.2340      0
67032    3318.069000 934.511000  21.1670   0.0350   0.4650   0.0470   0.2340      0
68282    3378.198000 787.052000  21.1430   0.0420   0.9580   0.0750   0.2340      0
66552    3294.486000 856.091000  20.2280   0.0600   0.2680   0.0760   0.2340      0
70550    3486.533000 791.620000  20.1830   0.0180   0.3690   0.1000   0.2330      0
66776    3305.550000 831.254000  21.0790   0.0350   0.8070   0.0500   0.2330      0
67034    3318.079000 877.617000  21.5040   0.0370   0.6460   0.0530   0.2330      0
69297    3428.369000 755.567000  21.6490   0.0520   0.6850   0.0650   0.2330      0
67698    3349.648000 823.707000  21.5090   0.0350   0.6620   0.0590   0.2320      0
71457    3529.748000 890.256000  21.4190   0.0490   0.7670   0.0860   0.2320      0
70795    3497.558000 857.963000  20.6500   0.0850   0.2280   0.0870   0.2320      0
68332    3380.606000 942.444000  20.7310   0.0230   1.1860   0.0630   0.2310      0
68700    3398.671000 864.562000  21.5050   0.0430   0.6850   0.0800   0.2310      0
68588    3393.098000 817.805000  20.8320   0.0280   0.6080   0.0340   0.2300      0
68653    3396.235000 805.074000  20.9470   0.0310   0.7040   0.0420   0.2300      0
66107    3273.395000 810.947000  21.6340   0.0490   0.6810   0.0670   0.2300      0
69217    3424.023000 940.557000  20.0340   0.0520   0.1080   0.0920   0.2300      0
66318    3282.712000 827.999000  21.4350   0.0380   0.4290   0.0560   0.2290      0
67412    3335.403000 893.673000  21.6520   0.1310   0.4540   0.1390   0.2290      0
70408    3479.935000 846.430000  21.6250   0.0380   0.3540   0.0540   0.2280      0
68391    3383.092000 839.211000  21.6730   0.0510   0.3800   0.0800   0.2280      0
70707    3493.204000 741.805000  21.0600   0.0540   0.6700   0.0760   0.2280      0
68507    3388.619000 750.348000  20.5240   0.0220   0.6170   0.0330   0.2270      0
69278    3427.644000 725.397000  22.5890   0.0960  -0.0680   0.1420   0.2270      0
66861    3309.731000 884.549000  21.4080   0.0980   0.5350   0.1890   0.2270      0
66601    3297.304000 934.688000  20.6630   0.0210   0.5130   0.0270   0.2260      0
67027    3317.892000 781.784000  21.2860   0.0460   0.5830   0.0550   0.2260      0
70424    3480.791000 905.190000  21.8510   0.0460   0.6420   0.0690   0.2260      0
68266    3377.349000 813.570000  21.8370   0.0610   0.6450   0.0860   0.2260      0
69983    3459.953000 822.224000  20.9040   0.0920   0.7390   0.1730   0.2260      0
71795    3546.177000 822.884000  20.3490   0.0190   0.4470   0.0280   0.2250      0
67657    3347.684000 778.785000  20.7400   0.0200   0.6190   0.0310   0.2250      0
67790    3353.797000 869.924000  20.7940   0.0210   0.6020   0.0310   0.2250      0
70782    3496.984000 906.214000  20.9420   0.0280   0.7720   0.0400   0.2250      0
71072    3510.222000 887.585000  21.1360   0.0340   1.0630   0.0810   0.2250      0
68711    3399.172000 778.088000  21.2050   0.0410   1.0050   0.0690   0.2250      0
66902    3311.860000 886.223000  20.9100   0.0560   0.7840   0.1250   0.2250      0
67254    3328.208000 891.596000  22.0840   0.1090   1.7460   0.1850   0.2250      0
71042    3508.513000 798.625000  21.0700   0.0230   0.6420   0.0370   0.2240      0
69401    3433.254000 813.522000  20.9340   0.0410   0.7720   0.0650   0.2240      0
66461    3289.949000 841.206000  21.7050   0.0500   0.7220   0.0700   0.2240      0
66194    3277.570000 891.036000  21.8870   0.0520   0.3030   0.0780   0.2240      0
69054    3416.131000 887.984000  20.6170   0.0400   1.0090   0.0460   0.2230      0
70082    3464.823000 915.872000  21.5300   0.0460   0.6640   0.0660   0.2230      0
69370    3431.559000 821.994000  21.4630   0.0500   0.8180   0.0670   0.2230      0
66402    3286.716000 875.054000  21.3710   0.0350   0.7000   0.0490   0.2220      0
67894    3358.618000 900.316000  21.6380   0.0410   0.7210   0.0570   0.2220      0
68693    3398.293000 768.252000  21.2170   0.0630   0.8740   0.0790   0.2220      0
67236    3327.327000 786.631000  21.5800   0.1020   0.5760   0.1480   0.2220      0
71225    3517.356000 928.979000  21.1990   0.0430   0.3510   0.0600   0.2210      0
66975    3314.979000 755.220000  21.9030   0.0440   0.5470   0.0760   0.2210      0
71178    3515.277000 838.600000  21.8660   0.0470   0.6470   0.0790   0.2210      0
66354    3284.499000 815.011000  21.4510   0.1420   0.6640   0.1540   0.2210      0
68472    3387.006000 923.245000  20.4560   0.0250   0.3300   0.0310   0.2200      0
70607    3488.467000 815.595000  21.4880   0.0390   0.5080   0.0700   0.2200      0
70923    3503.582000 783.205000  21.9160   0.0760   0.4770   0.0920   0.2200      0
69953    3459.140000 709.399000  21.2390   0.0430   0.2880   0.0890   0.2190      0
69321    3429.527000 944.087000  21.5590   0.0540   0.6350   0.0700   0.2190      0
70386    3478.852000 885.990000  22.3660   0.0630   1.3560   0.1580   0.2190      0
69612    3442.828000 927.403000  21.7210   0.0670   0.7220   0.1010   0.2190      0
69691    3446.805000 919.106000  20.9710   0.0680   0.7190   0.0830   0.2190      0
66703    3301.875000 895.252000  21.1850   0.0610   0.6590   0.0700   0.2180      0
68747    3401.395000 932.421000  22.3070   0.0680   1.0540   0.1400   0.2180      0
70838    3499.251000 846.636000  22.3080   0.0700   1.0660   0.1420   0.2180      0
69704    3447.479000 754.625000  21.7950   0.0740   0.7040   0.0880   0.2180      0
68480    3387.321000 881.437000  22.3420   0.0750   1.0890   0.1270   0.2180      0
66294    3281.789000 770.094000  21.5590   0.1070   0.0440   0.1120   0.2180      0
69550    3440.374000 840.686000  21.7340   0.1200   0.6440   0.1890   0.2180      0
70455    3482.498000 873.243000  21.7160   0.0410   0.7450   0.0660   0.2170      0
71645    3539.533000 864.945000  21.6830   0.0410   0.7470   0.0730   0.2170      0
69400    3433.200000 950.512000  21.7030   0.0370   0.7510   0.0600   0.2160      0
68983    3413.246000 958.660000  21.9130   0.0520   0.5860   0.0720   0.2160      0
70347    3476.558000 829.997000  22.3700   0.0710   1.1230   0.1530   0.2160      0
70630    3489.742000 724.128000  22.3210   0.1000   1.4640   0.2060   0.2160      0
69293    3428.097000 913.995000  21.2600   0.0290   0.6130   0.0420   0.2150      0
68176    3373.410000 903.002000  22.0050   0.0510   1.4800   0.1220   0.2150      0
67572    3343.617000 891.957000  22.3520   0.0760   0.8890   0.1220   0.2150      0
67388    3334.298000 956.789000  22.3080   0.0840   1.1010   0.1370   0.2150      0
69951    3459.061000 941.813000  22.3020   0.0850   0.9120   0.1250   0.2150      0
70163    3468.315000 854.635000  22.6680   0.1010   0.9730   0.1670   0.2150      0
66814    3307.625000 913.429000  20.7000   0.0340   0.4180   0.0600   0.2140      0
66137    3274.786000 775.102000  21.2430   0.0450   0.6230   0.0650   0.2140      0
68945    3411.571000 778.116000  22.3270   0.0510   0.5460   0.0900   0.2140      0
70730    3494.322000 914.761000  22.2590   0.0550   0.7100   0.1060   0.2140      0
70957    3504.993000 803.642000  22.3800   0.0690   0.9440   0.1580   0.2140      0
70870    3500.906000 897.235000  22.6310   0.0890   0.9050   0.1410   0.2140      0
67504    3340.684000 716.003000  23.0830   0.1410   0.8500   0.2250   0.2140      0
67179    3324.443000 760.286000  21.3510   0.0350   0.6730   0.0500   0.2130      0
69261    3426.574000 764.059000  21.5060   0.0360   0.5150   0.0490   0.2130      0
68171    3373.166000 909.195000  21.8320   0.0490   0.7120   0.0680   0.2130      0
65930    3265.325000 871.518000  22.2580   0.0720   0.5820   0.1270   0.2130      0
71528    3533.789000 902.360000  22.8460   0.1000   0.7970   0.1600   0.2130      0
65871    3262.858000 805.879000  22.7980   0.1090   0.9440   0.2030   0.2130      0
69299    3428.398000 977.215000  21.0360   0.0280   1.0540   0.0460   0.2120      0
71298    3521.381000 790.857000  20.6300   0.0290   0.5720   0.0380   0.2120      0
69215    3423.836000 900.184000  21.2000   0.0360   0.7190   0.0510   0.2120      0
68242    3376.230000 751.652000  21.5910   0.0540   0.3370   0.0750   0.2120      0
71429    3528.359000 771.060000  21.5370   0.0550   0.7550   0.0860   0.2120      0
69156    3421.279000 716.853000  22.5760   0.0720   1.0670   0.1380   0.2120      0
69798    3451.747000 814.900000  22.2340   0.0730   1.0300   0.1110   0.2120      0
70915    3503.175000 742.252000  22.3900   0.0730   0.8740   0.1180   0.2120      0
70317    3475.203000 825.134000  22.4100   0.0730   1.1130   0.1340   0.2120      0
67673    3348.494000 914.614000  22.4120   0.0780   1.0520   0.1410   0.2120      0
71685    3540.947000 890.908000  22.6090   0.0820   0.8850   0.1440   0.2120      0
69870    3455.316000 918.657000  22.3000   0.0830   0.4900   0.1110   0.2120      0
67066    3319.473000 907.858000  22.3780   0.0920   0.8720   0.1550   0.2120      0
71287    3520.712000 909.281000  21.2100   0.0330   1.0550   0.0610   0.2110      0
67186    3324.700000 764.920000  22.2300   0.0810   0.9670   0.1170   0.2110      0
67762    3352.529000 740.531000  22.2370   0.0810   0.8230   0.2280   0.2110      0
69624    3443.222000 879.474000  21.3450   0.0870   0.2140   0.1270   0.2110      0
69490    3437.565000 976.390000  22.5990   0.0930   1.0970   0.1800   0.2110      0
66030    3269.920000 823.055000  22.6250   0.1020   0.8870   0.1640   0.2110      0
67018    3317.317000 791.846000  22.3300   0.1310   0.3620   0.1520   0.2110      0
71865    3549.160000 863.872000  21.8080   0.0390   0.7280   0.0700   0.2100      0
70470    3482.996000 909.791000  22.1900   0.0550   0.6530   0.0970   0.2100      0
70211    3471.043000 916.001000  21.2980   0.0610   0.2510   0.0730   0.2100      0
68100    3368.842000 928.397000  22.3540   0.0770   0.6650   0.1120   0.2100      0
68307    3379.406000 709.408000  22.9060   0.1030   0.8110   0.2080   0.2100      0
69232    3424.989000 721.588000  22.5940   0.1070   1.0290   0.1870   0.2100      0
67141    3322.692000 907.576000  21.0310   0.0400   0.6980   0.0650   0.2090      0
67438    3336.916000 873.204000  22.0820   0.0510   0.8880   0.0850   0.2090      0
69621    3443.153000 805.122000  22.1470   0.0520   0.7800   0.0940   0.2090      0
66547    3294.458000 779.304000  22.1650   0.0640   0.7370   0.0940   0.2090      0
69023    3414.907000 804.965000  22.2120   0.0650   0.8650   0.1200   0.2090      0
71791    3546.052000 811.391000  22.1920   0.0680   0.7850   0.1100   0.2090      0
68460    3386.669000 787.953000  22.1970   0.0690   0.9200   0.1030   0.2090      0
71495    3532.211000 781.406000  22.2020   0.0710   0.8470   0.1110   0.2090      0
67556    3342.953000 748.127000  22.7790   0.1010   0.7660   0.1630   0.2090      0
66014    3269.218000 897.730000  22.3370   0.1170   0.6700   0.1490   0.2090      0
68320    3380.133000 946.261000  22.2590   0.1290   0.6990   0.2130   0.2090      0
71278    3520.335000 835.547000  20.8380   0.0260   0.7320   0.0480   0.2080      0
70282    3473.767000 813.672000  21.5760   0.0390   0.5730   0.0600   0.2080      0
70487    3483.863000 898.016000  21.4410   0.0410   0.8880   0.0630   0.2080      0
67986    3363.181000 806.046000  21.7490   0.0410   0.7600   0.0630   0.2080      0
68964    3412.257000 924.835000  21.2450   0.0470   0.8000   0.0610   0.2080      0
66291    3281.775000 885.431000  21.5740   0.0530   0.5380   0.0740   0.2080      0
69005    3414.135000 718.615000  22.1640   0.0620   0.6530   0.0880   0.2080      0
67214    3326.106000 894.909000  21.7390   0.0770   0.7600   0.0930   0.2080      0
69922    3457.564000 945.773000  22.6130   0.0910   0.8680   0.1980   0.2080      0
68525    3389.951000 714.852000  21.5890   0.1070   0.7680   0.1170   0.2080      0
69605    3442.554000 710.652000  22.4840   0.1110   0.9770   0.1850   0.2080      0
70375    3477.885000 802.793000  20.6240   0.0170   0.7620   0.0300   0.2070      0
69668    3445.480000 707.034000  22.1030   0.0550   0.8620   0.1540   0.2070      0
67441    3337.152000 733.163000  22.0920   0.0600   0.9030   0.0970   0.2070      0
67491    3339.976000 932.723000  22.1280   0.0670   0.8890   0.1200   0.2070      0
68522    3389.881000 855.093000  22.1810   0.0720   0.9410   0.1850   0.2070      0
68377    3382.371000 901.503000  22.1160   0.0740   0.7810   0.1030   0.2070      0
68953    3411.939000 974.066000  22.5520   0.1050   1.3260   0.2110   0.2070      0
67736    3351.386000 952.447000  22.1830   0.1370   0.5360   0.1540   0.2070      0
68655    3396.299000 831.817000  20.3920   0.0220   0.4810   0.0290   0.2060      0
67479    3339.214000 823.247000  21.3100   0.0220   0.9060   0.0470   0.2060      0
70065    3463.929000 808.960000  21.2990   0.0320   0.8210   0.0500   0.2060      0
71221    3517.124000 867.410000  21.3270   0.0370   1.1800   0.0680   0.2060      0
67446    3337.497000 753.159000  22.0620   0.0470   0.9010   0.0860   0.2060      0
69840    3453.844000 867.881000  21.2530   0.0480   0.8750   0.1020   0.2060      0
69730    3448.665000 735.891000  21.4860   0.0500   0.8810   0.0660   0.2060      0
70642    3490.430000 925.889000  22.1240   0.0530   0.9880   0.0960   0.2060      0
71354    3524.660000 917.855000  22.4530   0.0800   0.9000   0.1370   0.2060      0
67582    3344.137000 919.438000  22.5090   0.0870   1.2700   0.1900   0.2060      0
70667    3491.663000 750.648000  21.2530   0.0360   0.6630   0.0670   0.2050      0
69580    3441.644000 978.680000  22.1640   0.0610   1.0690   0.1120   0.2050      0
69503    3438.023000 752.172000  22.1690   0.0660   1.0600   0.1330   0.2050      0
67307    3330.522000 828.794000  22.5270   0.0850   0.9530   0.1840   0.2050      0
70272    3473.480000 882.668000  22.6840   0.0990   0.7360   0.1560   0.2050      0
70563    3487.055000 939.026000  21.2320   0.0300   0.7830   0.0480   0.2040      0
70239    3472.354000 844.277000  21.3560   0.0410   0.8390   0.0590   0.2040      0
69207    3423.565000 768.761000  22.1050   0.0570   0.6760   0.0910   0.2040      0
67923    3360.384000 857.687000  22.0530   0.0580   0.8810   0.0820   0.2040      0
68880    3407.759000 938.919000  22.0710   0.0580   0.9160   0.1100   0.2040      0
71670    3540.494000 840.811000  22.0980   0.0600   0.4850   0.1170   0.2040      0
68336    3380.809000 930.086000  21.3120   0.0710   0.8670   0.1190   0.2040      0
69673    3445.944000 915.340000  22.2230   0.1500   1.1550   0.2280   0.2040      0
67787    3353.617000 825.472000  20.5460   0.0230   0.6340   0.0300   0.2030      0
66221    3278.700000 905.002000  21.3000   0.0300   0.7740   0.0470   0.2030      0
70022    3461.999000 718.652000  21.3890   0.0340   0.8980   0.0530   0.2030      0
66747    3304.306000 926.327000  21.4870   0.0350   0.9200   0.0700   0.2030      0
70443    3481.825000 948.963000  21.6130   0.0450   0.7550   0.0620   0.2030      0
70765    3496.253000 892.242000  22.1480   0.0640   0.5760   0.0860   0.2030      0
68873    3407.202000 788.823000  22.4720   0.0830   0.8320   0.1590   0.2030      0
69245    3425.871000 953.144000  22.0440   0.0860   0.4500   0.0990   0.2030      0
70693    3492.664000 827.786000  21.3850   0.0370   0.9310   0.0570   0.2020      0
70453    3482.345000 831.670000  21.3250   0.0400   0.7840   0.0570   0.2020      0
66633    3298.704000 752.828000  21.2850   0.0430   0.7730   0.0540   0.2020      0
69960    3459.376000 790.448000  21.6420   0.0460   0.7720   0.0690   0.2020      0
67911    3359.665000 723.197000  22.0400   0.0500   0.8760   0.0850   0.2020      0
68456    3386.330000 871.304000  22.0460   0.0570   0.8070   0.0960   0.2020      0
67023    3317.708000 886.945000  22.4260   0.0650   0.7120   0.1020   0.2020      0
71394    3526.381000 774.951000  20.2680   0.0680   0.9640   0.1130   0.2020      0
69391    3432.556000 713.713000  21.2740   0.0280   0.7270   0.0760   0.2010      0
67775    3353.162000 711.513000  21.2610   0.0420   0.6970   0.0660   0.2010      0
69126    3419.793000 783.545000  21.8260   0.0550   0.7880   0.1000   0.2010      0
68168    3373.118000 949.876000  22.6220   0.0800   0.6990   0.1420   0.2010      0
68613    3394.160000 939.084000  20.5680   0.0200   0.5360   0.0250   0.2000      0
68401    3383.588000 709.344000  21.6130   0.0380   0.7520   0.1050   0.2000      0
68227    3375.552000 940.519000  20.8100   0.0380   1.0790   0.1670   0.2000      0
68897    3408.400000 800.721000  21.3700   0.0400   0.9910   0.1390   0.2000      0
70483    3483.542000 827.245000  21.8970   0.0480   0.7750   0.0710   0.2000      0
66451    3289.249000 810.978000  21.9430   0.0510   0.6920   0.0920   0.2000      0
68175    3373.315000 712.930000  22.1010   0.0560   1.1670   0.1950   0.2000      0
68294    3379.022000 760.201000  22.0480   0.0600   0.7190   0.0860   0.2000      0
70556    3486.820000 833.860000  21.3030   0.0700   0.9450   0.0820   0.2000      0
67808    3354.536000 829.973000  22.5210   0.1340   0.6770   0.2320   0.2000      0
67676    3348.638000 888.682000  22.0440   0.0540   0.7090   0.0920   0.1990      0
66762    3304.772000 774.512000  21.3570   0.0590   1.0550   0.2050   0.1990      0
70193    3470.154000 780.544000  22.0300   0.0600   0.8420   0.0990   0.1990      0
70334    3475.971000 787.436000  22.0430   0.0640   0.7420   0.1510   0.1990      0
71026    3507.857000 805.935000  22.0400   0.0660   0.8770   0.1160   0.1990      0
66419    3287.903000 885.441000  22.1420   0.0660   1.2570   0.1540   0.1990      0
70564    3487.102000 932.129000  22.5250   0.0880   0.7420   0.1480   0.1990      0
67881    3358.019000 919.317000  21.3030   0.0360   0.8640   0.1190   0.1980      0
70429    3481.018000 722.238000  21.4960   0.0390   0.9410   0.0630   0.1980      0
67344    3332.033000 760.365000  21.9390   0.0470   0.7400   0.0780   0.1980      0
70468    3482.957000 936.865000  21.4610   0.0500   0.9590   0.0670   0.1980      0
67836    3356.394000 798.825000  21.8440   0.0620   0.8040   0.0820   0.1980      0
69053    3416.131000 823.346000  20.5040   0.0280   0.5140   0.0320   0.1970      0
68523    3389.940000 827.668000  22.0180   0.0550   0.7210   0.0960   0.1970      0
69440    3435.005000 748.232000  21.9760   0.0570   0.6360   0.0860   0.1970      0
69826    3453.135000 944.443000  22.0660   0.0580   1.0130   0.1100   0.1970      0
67970    3362.555000 900.159000  21.8680   0.0680   0.8080   0.0890   0.1970      0
69432    3434.729000 736.761000  22.4260   0.0810   0.5490   0.1120   0.1970      0
67334    3331.579000 924.529000  22.0990   0.0970   1.1560   0.1680   0.1970      0
66710    3302.310000 892.479000  21.7620   0.1320   0.8270   0.1780   0.1970      0
69753    3449.954000 844.490000  21.8620   0.1560   1.8090   0.2120   0.1970      0
69285    3427.851000 802.709000  20.7420   0.0220   0.8380   0.0330   0.1960      0
69788    3451.403000 787.813000  21.7770   0.0330   0.8180   0.0580   0.1960      0
70180    3469.209000 823.816000  21.4630   0.0710   0.2640   0.0750   0.1960      0
67538    3342.347000 863.835000  22.0780   0.0730   1.1090   0.1570   0.1960      0
71426    3528.133000 827.861000  21.2880   0.0810   1.1100   0.1670   0.1960      0
67887    3358.354000 717.763000  20.9490   0.0940   1.1310   0.1260   0.1960      0
71180    3515.421000 774.491000  20.6310   0.0280   0.3370   0.0380   0.1950      0
66979    3315.285000 760.154000  21.5430   0.0340   0.8350   0.0540   0.1950      0
66333    3283.333000 920.035000  21.7110   0.0410   0.8130   0.0670   0.1950      0
70243    3472.445000 754.579000  21.7920   0.0450   1.1930   0.0850   0.1950      0
66080    3272.128000 895.377000  21.9740   0.0550   0.7680   0.1020   0.1950      0
68323    3380.316000 973.111000  21.9860   0.0600   0.5960   0.0850   0.1950      0
68016    3364.752000 744.827000  20.4800   0.0170   0.6850   0.0250   0.1940      0
69742    3449.250000 950.212000  20.4740   0.0230   0.4330   0.0290   0.1940      0
66843    3308.917000 751.907000  21.7970   0.0400   0.8280   0.0670   0.1940      0
67320    3331.108000 773.141000  21.8990   0.0470   0.8340   0.0800   0.1940      0
70008    3460.936000 955.978000  21.8820   0.0620   0.8420   0.0940   0.1940      0
71615    3538.013000 820.973000  21.5430   0.0330   0.8650   0.0570   0.1930      0
69143    3420.709000 852.318000  21.2120   0.0530   1.2130   0.1000   0.1930      0
68863    3406.331000 770.895000  20.8400   0.0680   0.8810   0.1150   0.1930      0
71109    3512.053000 830.445000  22.0630   0.0710   1.2460   0.1200   0.1930      0
69940    3458.346000 897.422000  21.0220   0.0240   0.7050   0.0360   0.1920      0
66456    3289.403000 867.819000  21.7550   0.0360   1.1670   0.0710   0.1910      0
71447    3529.326000 886.574000  21.7770   0.0640   0.8540   0.1100   0.1910      0
70241    3472.427000 785.991000  21.4420   0.0300   1.0520   0.0510   0.1900      0
68585    3392.973000 949.507000  21.3970   0.0310   1.2230   0.1080   0.1900      0
67068    3319.616000 919.333000  21.6060   0.0390   0.7870   0.0680   0.1900      0
70142    3467.681000 831.293000  21.9150   0.0490   0.8850   0.0820   0.1900      0
68649    3396.091000 972.642000  21.8940   0.0580   0.8930   0.1050   0.1900      0
71702    3541.821000 883.479000  21.9900   0.0650   0.9290   0.1100   0.1900      0
68226    3375.421000 864.872000  20.4490   0.0690   0.5620   0.0730   0.1900      0
71841    3547.938000 844.572000  22.5220   0.0790   0.5710   0.1290   0.1900      0
68636    3395.408000 810.133000  22.0210   0.0970   1.1370   0.1430   0.1900      0
66367    3285.138000 798.563000  23.0850   0.1460   0.6460   0.2120   0.1900      0
67904    3359.293000 816.557000  22.0380   0.0700   1.1580   0.1350   0.1890      0
67540    3342.373000 725.015000  21.8760   0.0450   0.9350   0.0730   0.1880      0
67604    3345.210000 730.424000  21.8980   0.0530   0.9250   0.0880   0.1880      0
70714    3493.479000 730.034000  21.8190   0.0600   1.1840   0.1010   0.1880      0
66500    3291.883000 859.763000  21.9310   0.0640   0.9120   0.1060   0.1880      0
70694    3492.665000 861.195000  22.5370   0.0800   0.5490   0.1300   0.1880      0
67409    3335.249000 811.391000  20.5810   0.0280   0.8640   0.0410   0.1870      0
69613    3442.876000 854.418000  21.3730   0.0530   1.0970   0.0750   0.1870      0
68043    3366.235000 736.920000  21.5420   0.0350   0.9160   0.1310   0.1860      0
69561    3440.789000 983.612000  21.9220   0.0450   1.0620   0.1120   0.1860      0
66480    3290.793000 794.018000  21.8760   0.0650   1.2410   0.1220   0.1860      0
68644    3395.920000 822.795000  21.8950   0.0680   1.0090   0.1220   0.1860      0
68350    3381.331000 978.038000  21.8940   0.0690   0.9960   0.1200   0.1860      0
67354    3332.374000 883.359000  21.7920   0.0510   0.8870   0.0750   0.1850      0
70547    3486.418000 890.045000  21.9690   0.0620   1.0620   0.1390   0.1850      0
66757    3304.619000 762.527000  21.3320   0.0930   1.3190   0.1320   0.1850      0
70613    3488.888000 909.394000  22.7130   0.1700   0.0070   0.1840   0.1850      0
67640    3346.845000 883.322000  22.7310   0.1050   0.5810   0.1540   0.1840      0
68493    3387.989000 742.251000  21.8400   0.0410   1.0240   0.0890   0.1830      0
69602    3442.498000 934.416000  21.9490   0.0550   1.1210   0.0990   0.1830      0
71158    3514.378000 790.155000  21.8250   0.0630   0.9570   0.0940   0.1830      0
67152    3323.200000 923.805000  21.5100   0.0470   0.9990   0.0890   0.1820      0
70591    3487.833000 738.260000  20.1860   0.0480   0.7760   0.0510   0.1820      0
71372    3525.403000 900.247000  21.9800   0.0570   1.0680   0.1020   0.1820      0
67813    3354.673000 937.341000  22.5090   0.1340   0.2790   0.1600   0.1820      0
68409    3383.907000 852.950000  22.5660   0.1020   0.4750   0.1330   0.1810      0
70054    3463.286000 782.492000  18.9820   0.0280   1.5160   0.0570   0.1770      0
70214    3471.213000 925.474000  21.7460   0.0440   1.1380   0.1050   0.1750      0
71638    3539.224000 836.474000  20.9460   0.0470   0.8480   0.0550   0.1750      0
70450    3482.153000 799.802000  21.4990   0.0410   1.3100   0.0830   0.1740      0
69757    3450.396000 865.866000  20.9460   0.0490   1.1930   0.0640   0.1730      0
68813    3404.161000 904.015000  21.7440   0.0540   0.9300   0.0740   0.1730      0
68066    3367.126000 835.637000  21.7470   0.0700   1.2480   0.1090   0.1730      0
67042    3318.561000 746.506000  21.5060   0.0600   1.0390   0.0860   0.1720      0
70717    3493.631000 846.563000  21.7270   0.0360   0.9440   0.0730   0.1710      0
69897    3456.528000 779.516000  21.6490   0.0370   0.8620   0.0690   0.1690      0
69450    3435.600000 855.743000  21.6130   0.0650   1.5000   0.0980   0.1680      0
66918    3312.583000 776.258000  21.5700   0.0430   0.9390   0.0690   0.1670      0
67558    3343.111000 774.062000  21.6750   0.0450   0.9040   0.0730   0.1640      0
68718    3399.626000 890.540000  21.6970   0.0510   0.9560   0.0830   0.1610      0
69866    3455.069000 876.795000  21.6960   0.0450   0.9760   0.0770   0.1560      0
68348    3381.298000 822.831000  21.5340   0.0470   1.3140   0.1360   0.1510      0
68327    3380.413000 896.549000  21.5840   0.0490   0.9870   0.0690   0.1500      0
66729    3303.417000 742.188000  20.5480   0.0340   0.8900   0.1540   0.1440      0
67653    3347.446000 763.466000  21.6620   0.0600   1.0870   0.0890   0.1310      0
