#mag    e_mag    col1   e_col1    m_ini
23.0103    0.0812   1.6067   0.1253   1.8001
22.7519    0.0770   1.5848   0.1202   1.8374
22.6643    0.0706   1.1412   0.1124   1.8928
22.6280    0.0719   1.3581   0.1141   1.8814
22.9800    0.0832   1.2923   0.1276   1.0247
22.2988    0.0595   1.2438   0.0982   1.9970
22.1555    0.0582   1.0805   0.0964   2.0163
22.3018    0.0630   1.0451   0.1028   1.9687
21.9283    0.0509   0.9481   0.0864   2.1513
22.6001    0.0661   1.1636   0.1068   1.9448
22.5375    0.0671   1.1474   0.1080   1.9247
22.0879    0.0552   0.9863   0.0924   2.0363
22.1433    0.0579   0.9955   0.0960   2.0102
22.6325    0.0689   0.9623   0.1103   1.1036
22.4348    0.0639   0.8457   0.1039   1.1362
21.8188    0.0465   0.8574   0.0802   2.1801
21.9206    0.0477   0.9734   0.0819   2.1855
21.8473    0.0486   1.0183   0.0832   2.1485
21.7766    0.0491   1.1655   0.0838   2.1742
21.9250    0.0497   1.0652   0.0847   2.1327
22.2845    0.0610   0.7601   0.1001   1.1561
21.4530    0.0396   0.7192   0.0698   2.3351
22.0084    0.0534   0.9273   0.0899   1.2149
22.0715    0.0515   0.7766   0.0873   1.2312
21.7993    0.0483   0.7595   0.0827   1.2606
21.9311    0.0515   0.7352   0.0873   1.2312
20.9833    0.0307   0.7074   0.0554   2.5608
21.8318    0.0476   0.6565   0.0818   1.2672
21.8298    0.0483   0.8122   0.0827   1.2606
21.4144    0.0391   0.7029   0.0690   2.3461
22.0333    0.0528   0.7104   0.0890   1.2204
21.9398    0.0504   0.7911   0.0856   1.2414
21.8040    0.0476   0.7790   0.0818   1.2672
21.8892    0.0521   0.6156   0.0881   1.2258
21.4428    0.0408   0.8958   0.0716   2.3113
21.9270    0.0498   0.8217   0.0849   1.2460
21.2724    0.0347   0.8194   0.0621   2.4524
21.4910    0.0415   0.8184   0.0726   2.2654
21.2872    0.0372   0.4988   0.0660   1.3861
21.0514    0.0312   0.7094   0.0562   2.5300
21.6443    0.0420   0.7913   0.0734   1.3266
21.5576    0.0432   0.6917   0.0752   1.3134
21.5756    0.0403   0.7084   0.0709   1.3464
21.1560    0.0341   0.6969   0.0611   2.3551
21.3904    0.0393   0.6751   0.0693   2.2563
21.3977    0.0372   0.5311   0.0660   1.3861
21.3314    0.0372   0.6919   0.0660   2.3137
21.3391    0.0371   0.7606   0.0659   2.2853
21.5165    0.0403   0.5748   0.0709   1.3464
21.0151    0.0318   0.5887   0.0572   2.5203
21.1316    0.0324   0.7277   0.0582   2.5036
21.5832    0.0409   0.6686   0.0717   1.3398
21.1354    0.0331   0.6008   0.0594   1.4455
21.3330    0.0360   0.6924   0.0641   1.4027
21.0094    0.0303   0.4424   0.0547   1.4912
21.1778    0.0335   0.6030   0.0601   1.4383
20.9513    0.0289   0.6171   0.0524   2.5351
21.0909    0.0324   0.6497   0.0583   2.3928
21.1225    0.0325   0.5400   0.0584   1.4546
20.6237    0.0246   0.6409   0.0449   2.7207
20.2880    0.0199   0.5224   0.0361   2.9335
20.8959    0.0290   0.6337   0.0525   2.5640
20.4872    0.0219   0.5525   0.0400   2.8381
20.8107    0.0274   0.6791   0.0497   2.6184
20.6246    0.0240   0.6404   0.0438   2.7059
20.7060    0.0257   0.4596   0.0468   1.5769
20.0492    0.0164   0.4292   0.0293   3.0935
20.7509    0.0269   0.4496   0.0489   1.5530
20.5365    0.0233   0.5595   0.0425   2.6750
20.7504    0.0263   0.4457   0.0478   1.5649
20.8614    0.0284   0.3819   0.0516   1.5238
20.2928    0.0192   0.5139   0.0348   2.9580
20.9415    0.0291   0.4757   0.0528   1.5106
20.3635    0.0208   0.5494   0.0379   2.8324
20.5535    0.0233   0.3934   0.0424   1.6279
19.8995    0.0148   0.4372   0.0261   3.1843
20.3982    0.0211   0.4074   0.0384   1.6778
20.4526    0.0213   0.4555   0.0387   1.6738
20.4812    0.0219   0.3403   0.0398   1.6596
19.9394    0.0152   0.4936   0.0269   3.1542
19.6784    0.0124   0.3840   0.0210   3.3264
20.5221    0.0222   0.4400   0.0405   1.6513
20.4420    0.0213   0.4475   0.0387   1.6738
19.9713    0.0154   0.4148   0.0273   2.9919
19.6498    0.0119   0.3959   0.0198   3.3547
20.1799    0.0183   0.3551   0.0331   1.7445
20.1047    0.0170   0.3965   0.0304   1.7797
19.6807    0.0122   0.4224   0.0205   3.2714
19.8416    0.0142   0.4479   0.0247   3.1410
20.0531    0.0164   0.3579   0.0292   1.7948
19.8773    0.0143   0.4659   0.0249   3.1714
19.0789    0.0068   0.3537   0.0081   3.7134
19.8677    0.0144   0.3195   0.0252   1.8474
19.8136    0.0137   0.3655   0.0237   1.8673
19.7798    0.0138   0.3598   0.0239   1.8644
19.2055    0.0078   0.3619   0.0106   3.6384
19.3714    0.0093   0.3755   0.0140   3.4772
19.4688    0.0103   0.3528   0.0163   3.4350
19.3987    0.0096   0.4130   0.0148   1.9859
19.2049    0.0078   0.4005   0.0105   3.5403
19.1322    0.0072   0.3828   0.0090   3.6544
19.3276    0.0088   0.3837   0.0130   3.4769
19.6735    0.0121   0.3580   0.0204   1.9119
19.3290    0.0088   0.4008   0.0130   3.3980
18.6871    0.0037   0.5483   0.0005   3.8737
19.1135    0.0070   0.4494   0.0086   3.5375
19.2858    0.0085   0.4961   0.0121   2.0224
19.2934    0.0086   0.4432   0.0125   2.0167
19.1163    0.0069   0.5877   0.0085   2.0730
18.2262    0.0007   1.0987  -0.0076   4.2141
18.5249    0.0026   1.2687  -0.0024   3.9344
18.2140    0.0007   1.1063  -0.0078   4.2233
18.7590    0.0042   1.8392   0.0017   2.1744
18.3917    0.0017   0.5576  -0.0048   4.1110
17.8627   -0.0013   2.1015  -0.0134   2.2959
18.0514   -0.0003   1.2660  -0.0105   4.2198
18.5570    0.0028   1.8445  -0.0019   2.2216
17.9668   -0.0007   1.3822  -0.0118   4.1962
