#ID x y mag e_mag col1 e_col1 memb_prob sel
5974     820.361000 1703.335000  20.2260   0.0100   0.0690   0.0130   0.9310      1
5786     799.495000 1694.704000  20.1780   0.0120   0.1980   0.0170   0.9180      1
5695     787.735000 1761.262000  20.2410   0.0110   0.0510   0.0140   0.8960      1
5444     754.608000 1722.894000  20.8550   0.0170   0.2620   0.0230   0.8810      1
5874     810.053000 1693.816000  20.8660   0.0160   0.2400   0.0230   0.8790      1
5927     815.538000 1726.759000  20.8130   0.0200   0.1640   0.0260   0.8550      1
5563     770.323000 1743.154000  21.0290   0.0350   1.2620   0.0540   0.8510      1
5876     810.136000 1664.788000  20.8970   0.0160   1.4780   0.0490   0.8460      1
5717     789.810000 1734.410000  20.0100   0.0140   0.0170   0.0290   0.8290      1
5682     785.761000 1679.718000  21.0560   0.0280   0.2620   0.0360   0.8290      1
5605     776.175000 1731.408000  20.0300   0.0110   0.0220   0.0130   0.8260      1
5756     796.088000 1701.608000  18.2160   0.0060  -0.1240   0.0070   0.8130      1
6017     827.284000 1768.796000  18.1990   0.0080  -0.1570   0.0090   0.8130      1
6186     845.233000 1709.501000  20.5260   0.0130   0.1080   0.0180   0.8130      1
5978     820.930000 1728.078000  20.3390   0.0260   0.0180   0.0290   0.8090      1
5936     816.185000 1720.315000  19.3670   0.0070  -0.0200   0.0090   0.7870      1
6309     861.789000 1749.327000  19.3920   0.0100  -0.0210   0.0120   0.7820      1
5858     807.952000 1700.833000  20.5600   0.0150   0.1070   0.0190   0.7800      1
6039     829.809000 1690.894000  20.1180   0.0130   0.0220   0.0160   0.7510      1
6043     830.166000 1744.452000  21.0900   0.0210   0.4100   0.0360   0.7470      1
5453     755.647000 1747.193000  21.0210   0.0240   0.2900   0.0320   0.7460      1
5828     805.185000 1738.308000  21.0770   0.0240   0.4110   0.0430   0.7340      1
5672     784.493000 1672.995000  20.7100   0.0150   0.1100   0.0200   0.7290      1
5457     755.964000 1739.179000  21.3440   0.0220   0.5430   0.0330   0.7250      1
6160     842.124000 1702.844000  20.7480   0.0180   0.2170   0.0230   0.6940      1
6212     848.637000 1729.641000  20.1720   0.0240   0.3870   0.0310   0.6930      1
6054     831.030000 1718.427000  20.9790   0.0270   0.9180   0.0560   0.6930      1
6199     846.379000 1726.369000  20.8610   0.0380   0.3810   0.0650   0.6930      1
5405     749.502000 1734.211000  20.7780   0.0190   0.7920   0.0280   0.6840      1
5543     767.401000 1682.119000  21.3000   0.0230   0.5280   0.0340   0.6830      1
5513     763.352000 1692.450000  18.5760   0.0100  -0.1680   0.0110   0.6760      1
5989     823.008000 1788.883000  18.2830   0.0050  -0.1230   0.0060   0.6750      1
6010     826.125000 1716.032000  18.6220   0.0070  -0.0600   0.0080   0.6710      1
5966     819.391000 1744.710000  19.1980   0.0070   0.0130   0.0090   0.6500      1
5771     798.445000 1727.986000  19.6160   0.0080   0.0320   0.0100   0.6480      1
5860     808.055000 1731.253000  20.3320   0.0350   0.2000   0.0360   0.6300      1
5634     779.743000 1761.170000  21.5000   0.0280   0.5590   0.0460   0.6290      1
5872     809.725000 1712.932000  21.6870   0.0280   0.6420   0.0500   0.6290      1
5990     823.049000 1693.072000  21.3270   0.0230   0.6160   0.0440   0.6160      1
5931     815.685000 1739.887000  21.0540   0.0300   0.5640   0.0410   0.6160      1
5821     804.492000 1708.462000  22.0230   0.1090  -0.6100   0.1850   0.5790      1
5965     819.227000 1673.325000  21.0510   0.0220   1.4150   0.0700   0.8050      0
5462     756.455000 1765.705000  18.6890   0.0060   2.2230   0.0140   0.6700      0
5704     788.486000 1709.151000  19.3850   0.0070   1.9740   0.0170   0.6680      0
6280     858.059000 1709.040000  18.8440   0.0070   1.9700   0.0140   0.6620      0
5686     786.087000 1746.748000  19.8580   0.0080  -0.0550   0.0110   0.6370      0
5946     817.209000 1732.692000  19.6930   0.0100  -0.0790   0.0120   0.6340      0
5759     796.470000 1737.300000  21.5330   0.0340   1.3250   0.0870   0.6280      0
5721     790.204000 1742.515000  18.9040   0.0060   1.6750   0.0100   0.6230      0
5373     745.284000 1728.639000  21.0530   0.0190   0.6890   0.0410   0.6100      0
5986     822.347000 1676.666000  20.3580   0.0130   0.4440   0.0230   0.6090      0
5873     810.008000 1754.836000  21.6540   0.0360   0.6470   0.0520   0.6050      0
6154     841.136000 1748.914000  21.0840   0.0480   0.5030   0.0570   0.5950      0
5407     750.043000 1744.884000  20.3860   0.0340   1.0010   0.0390   0.5880      0
6246     853.484000 1721.206000  20.6310   0.0150   1.4350   0.0330   0.5840      0
6120     837.689000 1728.379000  21.4740   0.0300   0.6060   0.0510   0.5700      0
5839     805.907000 1682.171000  21.7080   0.0390   0.5600   0.0570   0.5660      0
5791     800.171000 1760.996000  21.5570   0.0320   0.5500   0.0470   0.5560      0
5636     779.808000 1711.976000  21.6500   0.0310   0.7670   0.0680   0.5540      0
6277     857.960000 1735.954000  21.9100   0.0400   1.0740   0.0950   0.5500      0
6251     853.852000 1689.906000  21.8990   0.0420   1.0060   0.0770   0.5310      0
5748     794.755000 1757.827000  21.4760   0.0250   0.6550   0.0400   0.5210      0
5734     792.404000 1781.889000  21.5970   0.0310   0.7260   0.0550   0.5150      0
5922     814.660000 1743.909000  21.4240   0.0400   1.0990   0.0900   0.5070      0
6189     845.540000 1695.217000  21.9400   0.0410   0.9630   0.0770   0.4860      0
6177     843.938000 1756.269000  22.1740   0.0570   0.5830   0.0890   0.4830      0
5842     806.210000 1746.301000  22.9490   0.0950   0.5640   0.1560   0.4660      0
5584     774.051000 1758.512000  22.1740   0.0540   0.6610   0.0970   0.4590      0
5719     789.842000 1731.229000  20.9600   0.0520   0.5020   0.0640   0.4570      0
5820     804.389000 1742.065000  21.7240   0.0510   0.8110   0.1170   0.4530      0
5899     812.279000 1763.896000  22.7310   0.0760   1.0410   0.1740   0.4490      0
5690     787.011000 1683.445000  22.7270   0.0820   0.9900   0.1620   0.4470      0
5500     762.021000 1685.604000  22.6580   0.0620   0.9230   0.1420   0.4430      0
5772     798.472000 1709.959000  20.9370   0.0280   0.6050   0.0920   0.4420      0
5996     823.857000 1777.469000  22.7490   0.0830   0.8900   0.1740   0.4380      0
5556     769.577000 1730.104000  23.0010   0.1080   0.8010   0.1820   0.4380      0
6230     851.416000 1741.056000  22.2200   0.0580   0.7260   0.1000   0.4330      0
5915     813.740000 1697.335000  22.2030   0.0640   0.7220   0.1150   0.4290      0
6032     829.365000 1740.151000  21.7790   0.0370   0.8250   0.0670   0.4280      0
5663     783.408000 1689.104000  22.5650   0.0830   0.7590   0.1120   0.4050      0
6233     851.608000 1764.730000  22.1520   0.0430   0.8370   0.0990   0.4010      0
5370     745.058000 1736.773000  21.2190   0.0270   0.6280   0.0370   0.3880      0
6104     836.881000 1734.295000  22.1820   0.0490   0.8950   0.1020   0.3840      0
5588     774.741000 1703.820000  22.2710   0.1100   0.7540   0.1310   0.3800      0
5747     794.712000 1685.209000  22.0560   0.0460   0.6070   0.0830   0.3760      0
5600     775.817000 1712.984000  22.4860   0.0700   0.6610   0.1350   0.3710      0
6068     832.392000 1773.320000  21.8500   0.0490   0.7720   0.1020   0.3370      0
5561     770.251000 1765.942000  22.3100   0.0470   0.8300   0.1020   0.3340      0
5777     799.002000 1669.101000  22.0630   0.0500   0.9750   0.0900   0.3330      0
6122     838.007000 1766.320000  22.4850   0.0710   0.8520   0.1280   0.3310      0
5662     783.406000 1697.091000  22.0910   0.0470   0.8160   0.0830   0.3270      0
5814     803.322000 1755.480000  21.9580   0.0440   0.7880   0.0690   0.3160      0
5604     776.097000 1688.561000  21.9340   0.0460   0.6380   0.0720   0.3030      0
