#ID x y mag e_mag col1 e_col1 memb_prob sel
13257    1265.514000 1284.529000  18.8230   0.0030   1.6630   0.0050   0.8520      1
14490    1251.930000 1412.303000  18.0220   0.0060   1.8420   0.0140   0.8410      1
12988    1343.121000 1257.409000  16.3070   0.0260   2.9600   0.0800   0.8360      1
12573    1224.898000 1216.224000  18.0960   0.0030   1.7830   0.0550   0.8240      1
11946    1256.880000 1155.023000  18.0920   0.0150   1.7180   0.0060   0.8240      1
13032    1248.976000 1262.539000  16.3730   0.0120   2.6230   0.0050   0.8060      1
12340    1436.720000 1191.627000  18.0520   0.0030   1.9470   0.0210   0.8020      1
12724    1282.744000 1231.965000  16.7600   0.0060   2.4800   0.0090   0.8020      1
12196    1413.940000 1179.071000  18.8280   0.0120   1.6660   0.0280   0.7980      1
12627    1292.610000 1221.923000  18.0280   0.0190   1.9410   0.0380   0.7920      1
12160    1312.439000 1175.782000  18.8400   0.0140   1.6580   0.0160   0.7900      1
13524    1297.256000 1311.176000  16.7970   0.0060   2.4560   0.0080   0.7890      1
13019    1437.141000 1260.525000  18.0670   0.0230   1.8470   0.0380   0.7800      1
13694    1352.438000 1326.566000  17.9770   0.0120   1.8200   0.0030   0.7570      1
12322    1325.163000 1190.189000  18.9250   0.0330   1.2580   0.0020   0.7570      1
13668    1468.344000 1324.283000  17.9800   0.0160   1.8760   0.0100   0.7430      1
14388    1294.159000 1400.157000  16.3670   0.0050   2.9610   0.0000   0.7250      1
12288    1400.174000 1187.458000  19.0410   0.0090   1.2480   0.0270   0.7230      1
12026    1221.086000 1162.956000  16.2970   0.0080   2.9970   0.0040   0.7210      1
13038    1270.649000 1263.105000  19.0430   0.0110   1.3060   0.0170   0.7120      1
13756    1378.754000 1332.816000  18.8470   0.0310   1.6810   0.0390   0.7120      1
11697    1257.589000 1132.558000  16.5140   0.0420   2.5860   0.0260   0.7100      1
12278    1387.531000 1185.986000  18.2140   0.0230   1.9570   0.0020   0.7050      1
11915    1337.818000 1152.338000  18.7680   0.0140   1.8940   0.0300   0.7010      1
12383    1303.655000 1197.493000  18.9060   0.0280   1.2600   0.0200   0.6910      1
12692    1293.049000 1228.381000  18.9740   0.0230   1.2110   0.0330   0.6780      1
12970    1358.591000 1256.080000  19.4390   0.0200   1.4940   0.0450   0.6750      1
13150    1467.295000 1273.992000  18.8890   0.0030   1.1010   0.0230   0.6720      1
12392    1349.122000 1198.186000  19.4360   0.0210   1.4550   0.0460   0.6700      1
13428    1224.127000 1300.527000  18.4760   0.0040   1.7380   0.0400   0.6690      1
14051    1220.825000 1362.962000  18.7830   0.0030   1.6280   0.0430   0.6670      1
12099    1237.508000 1169.334000  16.6430   0.0070   2.7600   0.0330   0.6660      1
11870    1250.229000 1149.275000  19.4150   0.0290   0.7170   0.1240   0.6590      1
12892    1240.947000 1247.617000  19.0690   0.0450   1.3510   0.0010   0.6580      1
14600    1351.460000 1424.202000  18.7400   0.0070   1.3390   0.0580   0.6510      1
14606    1338.026000 1425.420000  19.4150   0.0210   1.4550   0.0620   0.6500      1
12604    1394.548000 1220.372000  16.9170   0.0000   2.5640   0.0310   0.6470      1
12975    1194.433000 1256.602000  19.7320   0.0180  -0.2800   0.0020   0.6460      1
12438    1361.700000 1202.964000  18.7910   0.0220   1.6680   0.0980   0.6450      1
13672    1233.578000 1324.517000  18.7960   0.0100   1.6500   0.0820   0.6380      1
12699    1298.565000 1229.064000  16.9290   0.0570   2.4810   0.0230   0.6380      1
11877    1421.636000 1149.874000  19.0850   0.0150   1.5360   0.0020   0.6370      1
12998    1349.836000 1258.265000  18.9180   0.0300   1.2670   0.0460   0.6370      1
13012    1184.938000 1259.138000  18.4890   0.0240   1.6780   0.0060   0.6300      1
12695    1401.840000 1228.678000  19.0120   0.0190   1.2240   0.0380   0.6280      1
13141    1239.930000 1273.131000  19.9850   0.0340   1.2050   0.0660   0.6260      1
14370    1245.825000 1398.305000  19.0920   0.0130   1.7290   0.0350   0.6240      1
13654    1323.763000 1323.246000  18.8820   0.0490   1.2000   0.0470   0.6240      1
13433    1380.705000 1300.849000  19.0880   0.0170   1.6970   0.0070   0.6230      1
12575    1229.189000 1216.551000  20.2560   0.0780   0.1050   0.0010   0.6220      1
13319    1306.654000 1290.265000  19.0070   0.0710   1.2220   0.0500   0.6190      1
13753    1436.666000 1332.623000  19.0450   0.0030   1.3420   0.1370   0.6180      1
11660    1361.990000 1127.738000  19.3590   0.0050  -0.1460   0.0440   0.6160      1
11682    1407.239000 1130.685000  19.0870   0.0030   1.0650   0.0140   0.6140      1
13432    1305.392000 1300.844000  19.0030   0.0020   1.2830   0.0320   0.6090      1
12812    1233.898000 1240.455000  18.8340   0.0190   1.5520   0.0210   0.6090      1
13674    1332.319000 1324.782000  19.1110   0.0030   1.3630   0.0250   0.6080      1
13295    1292.172000 1287.751000  18.9690   0.0030   1.2770   0.0990   0.6070      1
12803    1311.170000 1239.244000  18.9270   0.0550   1.1700   0.0850   0.6070      1
12901    1209.541000 1248.880000  19.7420   0.0130  -0.2830   0.0170   0.6040      1
12744    1360.818000 1233.775000  19.0890   0.0520   1.1970   0.0090   0.6040      1
11448    1333.559000 1104.869000  19.9000   0.0300   0.9270   0.0460   0.6030      1
14463    1361.635000 1408.868000  19.0170   0.0170   1.3420   0.0070   0.6020      1
13637    1305.818000 1321.789000  18.9650   0.0250   1.2770   0.0500   0.5980      1
13595    1347.283000 1317.882000  18.7710   0.0030   1.5320   0.0480   0.5920      1
12747    1299.700000 1234.168000  19.3890   0.0670   0.1010   0.0010   0.5900      1
13007    1336.792000 1259.033000  19.0290   0.0470   2.1960   0.1540   0.5880      1
13359    1265.918000 1294.050000  18.9070   0.0160   1.3120   0.0330   0.5840      1
14436    1370.174000 1405.949000  19.8430   0.0270   2.4600   0.1040   0.5820      1
14566    1310.980000 1419.659000  15.7680   0.0080   3.4160   0.0020   0.5790      1
13437    1236.043000 1301.372000  19.9630   0.0320   1.2570   0.0640   0.5790      1
14232    1355.518000 1382.227000  18.9410   0.0030   1.4350   0.0630   0.5700      1
12549    1247.779000 1213.605000  19.4200   0.0190   1.5790   0.0420   0.5690      1
12576    1328.399000 1216.717000  19.4560   0.0200   1.5530   0.0540   0.5660      1
12272    1299.942000 1185.358000  19.0530   0.0230   1.3400   0.0360   0.5650      1
13119    1292.031000 1270.854000  20.0520   0.0540   1.1590   0.0840   0.5610      1
12733    1501.135000 1232.798000  19.9440   0.0340   1.2430   0.0560   0.5560      1
14071    1365.490000 1365.330000  19.3820   0.0570  -0.2430   0.0280   0.5540      1
12894    1350.977000 1247.726000  19.4640   0.0270   1.4640   0.0680   0.5500      1
12049    1358.554000 1165.363000  19.7570   0.0240   1.2010   0.0580   0.5480      1
13467    1292.282000 1304.643000  19.0140   0.0620   1.3320   0.0290   0.5460      1
12537    1444.766000 1211.909000  20.6560   0.0610   0.7390   0.0810   0.5390      1
12148    1353.693000 1174.324000  18.9390   0.0150   1.3440   0.0300   0.5380      1
14623    1360.735000 1427.881000  20.1030   0.0370   1.2390   0.0600   0.5370      1
13379    1317.674000 1296.705000  19.9900   0.0470   1.3000   0.0730   0.5340      1
13682    1239.214000 1325.462000  20.6710   0.0580   0.7600   0.0920   0.5310      1
12519    1433.748000 1209.881000  20.1300   0.0330  -0.3660   0.0030   0.5300      1
14184    1406.564000 1376.931000  19.0760   0.0350   1.3190   0.0610   0.5300      1
13812    1185.078000 1337.663000  19.1340   0.0050   1.4540   0.0010   0.5290      1
14103    1373.835000 1368.538000  19.3790   0.0200   1.5610   0.0450   0.5290      1
12020    1353.731000 1162.601000  20.0660   0.0560   0.1070   0.0030   0.5290      1
14467    1392.268000 1409.561000  20.0860   0.0380   1.2880   0.0630   0.5270      1
12706    1386.166000 1229.709000  20.5140   0.0620   0.7120   0.0940   0.5270      1
12936    1270.549000 1252.276000  19.7500   0.0340   1.2520   0.0560   0.5240      1
12289    1305.006000 1187.517000  19.0480   0.0250   1.2590   0.1410   0.5230      1
13000    1412.167000 1258.482000  19.1220   0.0030   1.3080   0.0440   0.5210      1
13564    1369.556000 1315.179000  20.6230   0.0720   0.6960   0.1000   0.5210      1
13104    1468.519000 1269.748000  20.1780   0.0430   0.5770   0.0620   0.5200      1
12620    1319.288000 1221.379000  18.9690   0.0270   2.1570   0.0990   0.5190      1
11748    1358.597000 1136.504000  20.6900   0.0720   0.6680   0.0880   0.5180      1
12003    1439.585000 1161.485000  19.9110   0.0300   1.1850   0.0520   0.5170      1
12685    1455.183000 1227.702000  20.7560   0.0670   0.7080   0.0910   0.5160      1
11483    1338.182000 1108.188000  18.9690   0.0140   1.3520   0.0760   0.5130      1
13734    1243.792000 1331.298000  20.1100   0.0450   0.5090   0.0710   0.5130      1
13861    1187.007000 1342.558000  20.1140   0.0340   1.2930   0.0620   0.5120      1
13536    1462.522000 1312.646000  19.0970   0.0060   1.4940   0.0440   0.5100      1
11500    1380.147000 1110.135000  20.5890   0.0570   0.6290   0.0800   0.5090      1
12696    1272.814000 1228.690000  18.9470   0.0160   1.5110   0.0130   0.5070      1
13394    1334.560000 1297.761000  20.4310   0.0520   0.7550   0.0700   0.5050      1
14096    1439.363000 1368.101000  19.8990   0.0240  -0.3170   0.0000   0.5040      1
13529    1223.389000 1311.709000  20.7390   0.0830   0.7280   0.1100   0.5040      1
14135    1228.117000 1371.971000  18.9480   0.0280   1.4040   0.0130   0.5030      1
13196    1271.017000 1278.252000  18.9620   0.0160   1.3980   0.0310   0.5000      1
14437    1384.719000 1405.975000  18.9870   0.0190   1.3520   0.0310   0.4980      1
12105    1381.328000 1170.329000  20.1310   0.0470   0.4940   0.0660   0.4970      1
12814    1284.105000 1240.701000  20.7490   0.0900   0.7480   0.1110   0.4970      1
13999    1401.516000 1356.648000  18.8570   0.0050   1.4490   0.0640   0.4960      1
13444    1259.303000 1302.498000  18.8190   0.0230   1.4740   0.0700   0.4960      1
12678    1421.539000 1226.704000  20.7890   0.0650   0.7150   0.1040   0.4960      1
11961    1425.169000 1156.767000  20.4280   0.0450   1.3680   0.0980   0.4950      1
12189    1252.453000 1178.568000  20.5950   0.0800   0.8180   0.1090   0.4950      1
13294    1197.969000 1287.600000  20.6570   0.1090   0.7670   0.1280   0.4950      1
13165    1257.710000 1275.467000  19.0020   0.0390   1.3460   0.0840   0.4940      1
12625    1352.965000 1221.711000  20.5000   0.0570   0.6080   0.0740   0.4930      1
14357    1276.329000 1397.174000  22.0250   0.2310  -0.5140   0.2410   0.4930      1
11648    1273.938000 1126.076000  19.1060   0.0230   1.5440   0.0660   0.4910      1
12359    1321.455000 1195.164000  19.0530   0.0350   1.3480   0.1080   0.4910      1
14610    1295.697000 1426.179000  20.4360   0.0370   1.4050   0.0960   0.4910      1
11668    1351.547000 1128.914000  20.4020   0.0540   1.4110   0.0940   0.4910      1
12898    1490.344000 1248.559000  20.3060   0.0030   0.0620   0.1180   0.4900      1
14327    1341.432000 1391.934000  20.4050   0.0540   1.2470   0.0970   0.4880      1
11724    1308.907000 1134.514000  20.4550   0.0520   0.6570   0.0860   0.4870      1
12502    1299.662000 1208.471000  20.3700   0.0450   0.8680   0.0720   0.4770      1
11815    1234.750000 1143.323000  20.7430   0.0830   0.8450   0.1030   0.4760      1
13974    1325.508000 1354.458000  21.5980   0.1370  -0.6560   0.1510   0.4760      1
12369    1338.994000 1196.169000  20.4970   0.0580   1.3710   0.0950   0.4740      1
12218    1335.535000 1181.797000  20.3620   0.0430   1.4010   0.1670   0.4670      1
13585    1438.194000 1316.709000  20.5060   0.0460   1.5790   0.0930   0.4630      1
13789    1254.679000 1335.169000  20.3260   0.0450   0.7440   0.0620   0.4580      1
12646    1306.393000 1224.356000  20.4980   0.0570   1.2740   0.0970   0.4540      1
13610    1232.866000 1319.799000  20.5360   0.0650   0.8740   0.1460   0.4530      1
13238    1222.491000 1282.596000  20.8350   0.0740   0.8260   0.1030   0.4490      1
14448    1381.276000 1406.974000  20.3920   0.0810   0.8780   0.1340   0.4490      1
14042    1411.624000 1362.236000  20.3620   0.0450   1.0600   0.0670   0.4480      1
14506    1383.846000 1413.538000  20.8510   0.0700   0.6550   0.0960   0.4470      1
13251    1269.180000 1283.753000  20.3710   0.0630   0.7000   0.0800   0.4460      1
11972    1260.106000 1157.552000  20.4630   0.0680   0.5610   0.0940   0.4450      1
13714    1474.392000 1328.557000  19.6500   0.0290   2.1340   0.1630   0.4430      1
13044    1384.538000 1263.605000  20.8440   0.0990   0.6990   0.1180   0.4430      1
12638    1295.999000 1223.558000  20.7270   0.1130   0.8970   0.1650   0.4420      1
11882    1350.756000 1150.309000  20.5210   0.0370   0.2420   0.0380   0.4410      1
14234    1410.215000 1382.415000  20.7680   0.0550   0.5330   0.0940   0.4410      1
13337    1312.684000 1291.679000  20.7770   0.0670   0.5410   0.0900   0.4400      1
12533    1304.259000 1211.637000  20.4810   0.0570   0.8980   0.0820   0.4370      1
12503    1373.455000 1208.538000  20.8570   0.0820   0.6450   0.1010   0.4350      1
13348    1297.365000 1292.589000  20.6510   0.0860   0.5340   0.1010   0.4350      1
12016    1338.599000 1162.453000  20.4670   0.1790   0.8040   0.2490   0.4330      1
12397    1264.912000 1198.977000  21.5970   0.1480  -0.3220   0.1580   0.4310      1
13841    1344.456000 1340.666000  20.7140   0.0710   0.5250   0.0930   0.4290      1
13968    1227.409000 1354.078000  20.7460   0.0650   0.5180   0.0880   0.4280      1
12958    1381.406000 1254.816000  20.8740   0.0720   0.8230   0.1140   0.4260      1
13965    1444.859000 1353.506000  20.7520   0.0900   0.6210   0.2400   0.4220      1
13822    1478.319000 1338.725000  20.4580   0.0520   0.4490   0.1630   0.4210      1
14381    1385.928000 1399.451000  20.5350   0.0550   0.1750   0.0650   0.4200      1
12877    1219.313000 1246.629000  20.5720   0.0550   0.4800   0.0740   0.4190      1
14254    1413.533000 1384.301000  20.6170   0.0760   0.4920   0.1040   0.4170      1
12652    1275.540000 1224.670000  20.8660   0.0720   0.6060   0.1200   0.4140      1
13406    1262.221000 1298.731000  20.4070   0.0820   0.5620   0.0970   0.4140      1
11706    1354.729000 1133.155000  20.5720   0.0540   0.2850   0.0670   0.4110      1
12451    1333.314000 1204.495000  20.4990   0.0660   0.4560   0.0780   0.4110      1
12221    1255.221000 1181.861000  20.8820   0.0850   0.8860   0.1240   0.4110      1
13887    1210.635000 1345.913000  20.5620   0.0470   0.3410   0.0610   0.4070      1
12271    1228.072000 1185.300000  20.5850   0.0610   0.1600   0.0770   0.4060      1
13122    1202.945000 1271.279000  20.7240   0.0620   0.9730   0.0940   0.4060      1
12768    1201.828000 1236.232000  21.4120   0.1110  -0.2210   0.1250   0.4060      1
13716    1318.052000 1328.806000  20.4450   0.0500   0.2740   0.0600   0.4050      1
12478    1343.086000 1206.717000  21.9730   0.2110  -0.2230   0.2230   0.4050      1
13034    1444.092000 1262.601000  20.4540   0.0590   0.1980   0.0670   0.4040      1
13793    1350.231000 1335.765000  20.4760   0.0400   0.0950   0.0540   0.4030      1
14212    1422.511000 1379.969000  20.5660   0.0510   0.4090   0.0690   0.4030      1
13771    1328.213000 1334.143000  21.7730   0.2170  -0.2890   0.2320   0.4010      1
14002    1392.341000 1357.145000  20.5820   0.0480   0.3460   0.0620   0.3990      1
14389    1362.745000 1400.242000  20.4370   0.0520   0.3030   0.0670   0.3980      1
12653    1446.314000 1224.681000  20.6270   0.0620   0.1770   0.0710   0.3980      1
12624    1273.356000 1221.686000  20.8510   0.0980   0.5730   0.1510   0.3970      1
13190    1341.949000 1277.683000  20.8400   0.0950   0.5320   0.1090   0.3960      1
14319    1279.917000 1391.134000  21.4780   0.1320  -0.1960   0.1400   0.3960      1
13956    1239.182000 1352.923000  20.4010   0.0570   0.4640   0.0730   0.3950      1
13168    1363.733000 1275.733000  20.6230   0.0660   0.2210   0.0820   0.3950      1
12795    1306.301000 1238.235000  20.5700   0.0890   0.3050   0.1010   0.3950      1
14512    1302.250000 1414.222000  21.3490   0.1120  -0.2340   0.1220   0.3950      1
12956    1469.188000 1254.725000  20.6340   0.0600   0.2360   0.0690   0.3920      1
14141    1400.893000 1372.762000  20.9170   0.0640   0.6350   0.0910   0.3920      1
12781    1364.606000 1237.312000  20.3860   0.0550   0.4790   0.0680   0.3900      1
11858    1242.537000 1147.726000  20.3670   0.0560   0.2120   0.0750   0.3900      1
12481    1293.965000 1207.051000  20.3260   0.0380   0.0860   0.0650   0.3890      1
13484    1318.750000 1306.491000  20.7310   0.0750   0.4650   0.0900   0.3890      1
12085    1268.432000 1168.059000  20.3620   0.0430   0.1400   0.0530   0.3880      1
12687    1314.864000 1227.937000  20.3930   0.0490   0.3240   0.0740   0.3880      1
13920    1452.811000 1349.008000  21.3010   0.1060  -0.2450   0.1150   0.3860      1
14064    1443.302000 1364.334000  20.5300   0.0470   0.0490   0.0590   0.3850      1
14321    1387.662000 1391.277000  20.4440   0.0480   0.0910   0.0560   0.3850      1
12506    1437.183000 1208.653000  20.7890   0.0610   0.4600   0.2090   0.3850      1
14434    1287.762000 1405.868000  21.3440   0.1610  -0.3100   0.1690   0.3840      1
12969    1372.681000 1256.054000  20.6400   0.0660   0.4090   0.0890   0.3780      1
11992    1231.657000 1159.947000  20.8460   0.0720   0.4820   0.0940   0.3760      1
12134    1324.762000 1173.240000  20.9450   0.0840   0.6500   0.1060   0.3760      1
12629    1374.944000 1222.093000  20.9610   0.0990   0.7130   0.1270   0.3760      1
13903    1216.168000 1347.894000  20.6710   0.0560   0.0920   0.0710   0.3740      1
12567    1357.514000 1215.523000  20.3160   0.0840   0.2220   0.0940   0.3740      1
13131    1347.455000 1272.501000  21.9120   0.1800  -0.1370   0.2110   0.3740      1
12262    1338.548000 1184.833000  21.6310   0.1300  -0.1150   0.1530   0.3690      1
13411    1412.579000 1299.375000  21.9500   0.1860  -0.1080   0.2120   0.3690      1
14375    1414.956000 1398.806000  20.7110   0.0600   0.1930   0.0700   0.3660      1
11830    1265.196000 1144.635000  19.0790   0.0130  -0.3490   0.0010   0.8350      0
13275    1503.488000 1286.325000  18.6430   0.0040   1.2490   0.0170   0.7910      0
12796    1414.719000 1238.495000  19.0850   0.0130  -0.3160   0.0270   0.7770      0
14300    1261.661000 1388.914000  19.0570   0.0120  -0.2940   0.0370   0.7720      0
13020    1284.273000 1260.945000  19.0960   0.0060  -0.2980   0.0430   0.7100      0
12310    1318.892000 1189.030000  19.0430   0.0010  -0.3920   0.0310   0.6830      0
12553    1338.000000 1213.785000  18.7350   0.0030   1.2720   0.0490   0.6710      0
13015    1328.390000 1259.873000  18.1490   0.0170   2.2850   0.1170   0.6530      0
11678    1337.718000 1130.186000  17.7070   0.0310   1.9700   0.0090   0.6430      0
13142    1247.358000 1273.138000  17.3430   0.0100  -0.5530   0.0260   0.6340      0
12095    1376.562000 1169.052000  18.8580   0.0110   1.7400   0.0350   0.6210      0
14414    1283.965000 1403.205000  17.7100   0.0050   1.9770   0.0250   0.6010      0
12151    1221.803000 1174.448000  17.3230   0.0160  -0.5230   0.0380   0.5970      0
12174    1197.818000 1177.061000  18.0610   0.0120   1.1060   0.0300   0.5830      0
12339    1300.375000 1191.504000  19.4900   0.0280   0.8930   0.0450   0.5790      0
14083    1226.034000 1366.399000  17.2720   0.0040   2.0600   0.0140   0.5770      0
12558    1299.115000 1214.227000  18.7070   0.0100   1.3880   0.0210   0.5770      0
13368    1279.671000 1295.069000  15.6740   0.0130   4.0990   0.0090   0.5740      0
12737    1333.866000 1233.019000  16.5730   0.0140   3.2590   0.0530   0.5730      0
13120    1353.146000 1271.057000  19.1080   0.0070   1.6950   0.1340   0.5720      0
13412    1310.172000 1299.745000  15.7990   0.0060   4.1470   0.0620   0.5680      0
14422    1339.720000 1404.188000  18.8380   0.0210   1.1410   0.0160   0.5640      0
13562    1399.372000 1314.921000  19.3600   0.0180   1.7410   0.0470   0.5610      0
14205    1233.491000 1379.519000  18.1490   0.0000  -0.3260   0.0490   0.5590      0
12817    1468.075000 1240.934000  19.3960   0.0480   1.0640   0.0350   0.5550      0
11502    1391.326000 1110.239000  19.3570   0.0180   1.7210   0.0390   0.5500      0
11618    1251.319000 1122.747000  15.4450   0.0110   2.1140   0.0050   0.5490      0
14415    1348.380000 1403.219000  17.5270   0.0050   1.7660   0.0260   0.5480      0
11804    1363.045000 1142.315000  19.0770   0.0210   1.6550   0.0120   0.5470      0
14298    1348.357000 1388.684000  18.1100   0.0090  -0.3300   0.0200   0.5410      0
11766    1371.406000 1138.429000  18.4650   0.0090   1.9610   0.0750   0.5400      0
11968    1448.342000 1157.196000  18.6470   0.0320   1.4380   0.0390   0.5380      0
13189    1384.077000 1277.613000  20.1310   0.0410   1.6710   0.0840   0.5340      0
12419    1462.652000 1201.206000  17.4430   0.0020   2.2270   0.0090   0.5310      0
12993    1266.793000 1257.694000  17.7850   0.0190   2.0480   0.0460   0.5310      0
13829    1450.235000 1339.299000  18.4250   0.0090  -0.4510   0.0000   0.5290      0
13009    1479.178000 1259.046000  18.9200   0.0030   1.6610   0.0650   0.5190      0
12098    1456.860000 1169.181000  18.5250   0.0040  -0.4500   0.0190   0.5180      0
14351    1231.649000 1395.336000  18.7430   0.0230   1.8730   0.0560   0.5180      0
11575    1276.047000 1117.883000  17.6420   0.0070   2.0610   0.0150   0.5160      0
12592    1337.726000 1219.206000  18.3990   0.0030   1.8780   0.1090   0.5130      0
13877    1367.364000 1344.800000  18.9950   0.0040  -0.4050   0.0120   0.5130      0
12472    1418.044000 1206.444000  18.3620   0.0010  -0.4340   0.0030   0.5120      0
13318    1269.219000 1290.149000  20.1930   0.0450   1.6160   0.0950   0.5070      0
12832    1293.798000 1242.127000  17.8950   0.0350   1.8810   0.0390   0.5000      0
12628    1196.325000 1221.975000  20.2100   0.0850  -0.3730   0.0020   0.4960      0
14110    1308.651000 1369.123000  19.1250   0.0160   1.6400   0.0310   0.4940      0
11586    1392.975000 1119.314000  19.9340   0.0310  -0.2340   0.0060   0.4940      0
12885    1231.609000 1247.449000  20.1070   0.0460   1.5740   0.0770   0.4940      0
13932    1194.697000 1350.324000  19.1470   0.0420  -0.3690   0.0220   0.4930      0
12980    1367.202000 1257.002000  18.9610   0.0160   1.4070   0.0310   0.4900      0
11957    1376.568000 1156.177000  18.8880   0.0210   1.4030   0.0180   0.4890      0
14253    1218.828000 1384.291000  18.1110   0.0070   1.9670   0.1000   0.4870      0
12110    1315.832000 1170.853000  19.8960   0.0230  -0.2850   0.0310   0.4870      0
12940    1350.360000 1252.667000  17.5690   0.0270   1.1570   0.0120   0.4860      0
13546    1186.227000 1313.942000  19.0370   0.0130   1.3710   0.0280   0.4810      0
14218    1342.395000 1380.408000  18.9170   0.0100   1.4480   0.1180   0.4770      0
13347    1439.651000 1292.557000  20.2630   0.0500   1.3500   0.1020   0.4770      0
11935    1272.730000 1153.979000  19.1060   0.0120   1.4380   0.0790   0.4740      0
14356    1341.687000 1396.979000  18.9030   0.0170   1.4000   0.0340   0.4740      0
12683    1344.806000 1227.326000  20.1560   0.0440   0.5220   0.0950   0.4740      0
13679    1284.770000 1325.215000  19.2870   0.0390  -0.2620   0.0300   0.4720      0
12431    1247.179000 1202.449000  19.4720   0.0240   1.8460   0.0560   0.4700      0
14124    1241.744000 1370.334000  19.4740   0.0180   1.7390   0.0510   0.4690      0
13363    1234.447000 1294.469000  18.8750   0.0300   1.4640   0.0350   0.4690      0
12113    1216.802000 1171.069000  20.2460   0.0380   1.3660   0.1040   0.4690      0
11893    1300.508000 1150.873000  20.7920   0.0620   1.7610   0.1390   0.4680      0
13124    1213.265000 1271.711000  18.7580   0.0030   1.6130   0.1220   0.4670      0
12172    1361.536000 1177.028000  20.2550   0.0490   1.4120   0.1130   0.4620      0
13030    1334.427000 1262.253000  18.8770   0.0230   1.4080   0.1270   0.4600      0
12819    1391.797000 1241.212000  19.9700   0.0870   0.9590   0.1290   0.4600      0
11711    1391.476000 1133.495000  19.2190   0.0040   1.5030   0.0660   0.4570      0
13823    1219.120000 1338.864000  19.7800   0.0250   1.3220   0.0400   0.4560      0
12186    1395.111000 1178.331000  19.0670   0.0260   1.5280   0.0940   0.4550      0
13684    1193.530000 1325.742000  17.3120   0.0170   2.2270   0.0080   0.4540      0
11922    1324.843000 1152.826000  20.5100   0.0510   1.2730   0.0860   0.4520      0
12499    1317.260000 1208.304000  19.0240   0.0370   1.4110   0.1520   0.4490      0
13594    1307.107000 1317.878000  20.2980   0.0540   1.1570   0.1380   0.4480      0
13443    1241.118000 1302.288000  18.6910   0.0040   1.7470   0.0060   0.4470      0
13328    1359.645000 1290.941000  18.6320   0.0150   1.5910   0.1130   0.4470      0
11743    1320.457000 1136.175000  19.6260   0.0220   1.5500   0.0450   0.4470      0
11905    1363.247000 1151.632000  18.7450   0.0350   1.3680   0.0400   0.4470      0
12205    1315.523000 1180.628000  19.0990   0.0430   1.4860   0.0140   0.4460      0
13922    1307.413000 1349.154000  20.2470   0.0480   1.3930   0.1710   0.4420      0
12044    1314.984000 1164.933000  20.5390   0.0530   1.6510   0.1180   0.4420      0
12300    1278.531000 1188.298000  20.0780   0.0380   1.4670   0.0750   0.4390      0
11890    1344.447000 1150.852000  20.8670   0.0680   1.5500   0.1530   0.4380      0
14507    1358.856000 1413.668000  18.5440   0.0150   1.8610   0.1170   0.4360      0
13878    1290.347000 1344.816000  18.3990   0.0310   1.6810   0.0710   0.4360      0
13814    1303.190000 1337.840000  19.2730   0.0610   1.1700   0.0300   0.4330      0
13881    1254.050000 1345.383000  18.9890   0.0460   1.4320   0.0830   0.4310      0
13006    1220.793000 1258.930000  18.5480   0.0190   1.8190   0.0530   0.4280      0
13961    1310.315000 1353.295000  18.9060   0.0180   1.5730   0.0370   0.4260      0
14009    1333.248000 1358.490000  19.1370   0.0290   1.4850   0.0580   0.4240      0
12839    1447.697000 1242.822000  19.0340   0.0050   1.5760   0.0580   0.4230      0
12118    1307.156000 1171.666000  19.2570   0.0200   1.1860   0.0380   0.4230      0
13172    1359.448000 1276.163000  18.8710   0.0210   1.3290   0.0250   0.4230      0
13943    1282.377000 1351.583000  19.4370   0.0280  -0.2940   0.0490   0.4220      0
12718    1351.326000 1231.546000  18.8940   0.0190   1.7200   0.1200   0.4210      0
14527    1378.102000 1415.160000  20.0540   0.0270  -0.1170   0.0070   0.4170      0
13017    1371.865000 1260.354000  19.3670   0.0340   1.4730   0.1080   0.4170      0
12568    1304.188000 1215.571000  20.1890   0.0490   0.7120   0.0890   0.4170      0
13184    1504.884000 1277.244000  18.9490   0.0880   1.5050   0.0910   0.4170      0
11654    1376.734000 1127.036000  19.4900   0.0150  -0.5380   0.1400   0.4160      0
14024    1322.646000 1360.424000  19.1880   0.0270   0.9970   0.0340   0.4160      0
12823    1383.957000 1241.494000  20.2920   0.0480   0.1790   0.0600   0.4150      0
12111    1460.835000 1170.991000  21.4130   0.1540  -0.3860   0.1730   0.4150      0
14472    1256.423000 1410.227000  20.0240   0.0470   1.4730   0.0940   0.4140      0
13083    1206.601000 1267.627000  20.5790   0.0510   1.3180   0.0980   0.4140      0
12950    1251.283000 1254.080000  19.4460   0.0310  -0.1750   0.0110   0.4110      0
14471    1306.234000 1410.128000  18.3460   0.0200   1.1700   0.0280   0.4090      0
11610    1266.077000 1121.779000  20.8220   0.0700   1.4410   0.1060   0.4090      0
11632    1354.196000 1124.381000  20.0160   0.0830   1.6110   0.1770   0.4070      0
13274    1313.330000 1286.305000  19.1440   0.0390   1.3490   0.0390   0.4060      0
12688    1286.792000 1228.118000  20.4580   0.0730   1.1080   0.1070   0.4040      0
12485    1324.481000 1207.247000  19.1370   0.0340   1.3210   0.1100   0.4020      0
12555    1282.750000 1213.887000  19.7850   0.0710  -0.1360   0.0300   0.4020      0
13269    1326.504000 1286.021000  18.5890   0.0470   1.2260   0.1260   0.4010      0
12861    1174.356000 1245.365000  20.6710   0.0610   0.9790   0.0990   0.4000      0
12649    1228.658000 1224.460000  20.5580   0.0640   1.2280   0.1040   0.4000      0
13146    1262.343000 1273.571000  19.9730   0.0380  -0.0640   0.0440   0.3980      0
12532    1464.105000 1211.581000  19.7010   0.0440  -0.3150   0.0720   0.3980      0
13219    1408.198000 1280.663000  19.7850   0.0800  -0.0680   0.0380   0.3980      0
12949    1236.357000 1253.789000  19.1610   0.0240   1.5000   0.0490   0.3960      0
12487    1383.982000 1207.372000  19.0140   0.0760   1.5330   0.0760   0.3940      0
11746    1240.290000 1136.471000  18.2370   0.0340   1.8670   0.0500   0.3930      0
14383    1332.854000 1399.509000  19.9290   0.0420   1.3820   0.0900   0.3900      0
13098    1444.319000 1269.440000  19.9330   0.0480  -0.0630   0.1010   0.3870      0
13097    1400.345000 1269.430000  19.1390   0.0380   1.4030   0.0130   0.3860      0
12679    1327.186000 1226.807000  18.9170   0.0430   0.8930   0.0690   0.3860      0
13138    1355.391000 1272.830000  21.2450   0.1430  -0.5530   0.1500   0.3860      0
12480    1198.033000 1207.043000  19.9850   0.0390  -0.1550   0.0680   0.3850      0
11727    1334.349000 1134.551000  20.9640   0.0970   0.7750   0.1280   0.3800      0
13491    1482.437000 1307.313000  18.0690   0.0260   1.4500   0.0710   0.3790      0
13631    1414.202000 1321.326000  20.9890   0.0790   0.9970   0.1160   0.3790      0
12873    1473.051000 1246.209000  20.9850   0.0790   0.8770   0.1130   0.3780      0
12424    1468.390000 1201.913000  18.9930   0.0180   1.4290   0.0330   0.3760      0
12520    1348.054000 1209.886000  20.9820   0.0860   0.9630   0.1650   0.3750      0
11532    1281.132000 1113.457000  20.9620   0.1020   1.0280   0.1510   0.3750      0
13358    1307.160000 1293.843000  20.0920   0.1430   0.5710   0.1490   0.3750      0
13207    1324.934000 1279.551000  19.8060   0.0870   1.1040   0.1870   0.3730      0
11609    1311.771000 1121.694000  20.7710   0.0650   1.4370   0.1170   0.3690      0
13220    1214.036000 1281.061000  19.0230   0.0180   1.4280   0.0320   0.3680      0
12889    1267.835000 1247.482000  19.2170   0.0540   1.4700   0.0380   0.3680      0
13844    1313.799000 1340.863000  19.4200   0.0810  -0.3640   0.0220   0.3680      0
12511    1250.278000 1209.059000  20.8430   0.0650   1.2920   0.1270   0.3660      0
13161    1301.296000 1275.191000  20.9600   0.0800   1.3790   0.1470   0.3660      0
12321    1341.752000 1190.144000  21.9850   0.2190  -0.1060   0.2430   0.3660      0
13533    1318.835000 1312.203000  20.7050   0.0700   0.2010   0.0800   0.3640      0
13415    1171.342000 1299.863000  20.9860   0.0760   1.2360   0.1430   0.3640      0
11978    1462.485000 1158.176000  19.2000   0.0270  -0.3370   0.0410   0.3620      0
13349    1330.363000 1292.653000  19.8840   0.0350   0.2270   0.1100   0.3600      0
12928    1241.345000 1251.851000  20.9490   0.1420   0.5890   0.1590   0.3600      0
14243    1370.322000 1383.299000  20.0480   0.0680  -0.1900   0.0020   0.3590      0
11643    1300.916000 1125.427000  18.8100   0.0110   1.2880   0.0810   0.3580      0
12326    1256.380000 1190.308000  19.7290   0.0460   0.0360   0.1400   0.3580      0
12655    1224.699000 1224.713000  21.0430   0.0840   0.9580   0.1790   0.3570      0
13649    1347.662000 1322.840000  19.9620   0.0920  -0.1620   0.0080   0.3570      0
12610    1330.112000 1220.791000  20.9190   0.0710   0.5190   0.1020   0.3560      0
12770    1331.278000 1236.534000  20.9570   0.1420   0.5790   0.1620   0.3550      0
12385    1368.199000 1197.740000  19.9260   0.0470   0.3770   0.0640   0.3540      0
12292    1475.007000 1187.683000  20.6830   0.0620   0.0550   0.1200   0.3540      0
12142    1419.022000 1173.617000  21.4200   0.1180  -0.0660   0.1620   0.3540      0
12972    1396.476000 1256.133000  21.2740   0.1600  -0.2490   0.1670   0.3540      0
11920    1370.891000 1152.789000  21.5210   0.2140  -0.1330   0.2250   0.3540      0
13329    1383.875000 1291.019000  20.7940   0.0670   1.0960   0.1220   0.3520      0
11933    1264.020000 1153.903000  21.5640   0.1200   0.7900   0.2010   0.3520      0
13206    1282.169000 1279.050000  21.5830   0.1210   0.6780   0.1650   0.3520      0
11839    1321.598000 1145.793000  19.6670   0.0140  -0.3300   0.0500   0.3510      0
11788    1404.528000 1140.681000  20.6590   0.0600   0.0110   0.0680   0.3510      0
13542    1312.844000 1313.314000  19.6290   0.0320   1.4740   0.1550   0.3500      0
12145    1268.510000 1173.813000  19.4850   0.0630   1.1650   0.0870   0.3500      0
13191    1224.735000 1277.689000  20.6740   0.0650   0.0260   0.0750   0.3490      0
13930    1364.431000 1349.978000  21.0620   0.0700   0.8380   0.1280   0.3490      0
13991    1257.875000 1356.095000  21.6270   0.1290   0.6050   0.1690   0.3490      0
13042    1391.652000 1263.344000  20.7230   0.0610   0.3310   0.0960   0.3470      0
12517    1243.893000 1209.691000  21.5050   0.1150   1.1500   0.1960   0.3470      0
13860    1305.815000 1342.557000  21.4630   0.1220   0.7250   0.1790   0.3470      0
14589    1368.726000 1422.554000  20.6720   0.0560   0.0040   0.0660   0.3460      0
12214    1397.902000 1181.259000  21.0590   0.1070   0.7330   0.1410   0.3460      0
12740    1433.750000 1233.542000  21.6210   0.1180   0.5550   0.1640   0.3460      0
14132    1423.997000 1371.181000  21.5670   0.1350   0.6990   0.2400   0.3460      0
12639    1423.412000 1223.565000  21.4690   0.1710  -0.0550   0.1900   0.3460      0
12027    1453.999000 1163.168000  18.4130   0.0490  -0.2850   0.0650   0.3450      0
13057    1395.736000 1264.574000  21.0680   0.0900   0.8830   0.2000   0.3450      0
12849    1370.134000 1244.078000  20.3170   0.0450   0.4410   0.0550   0.3440      0
13384    1325.571000 1296.996000  20.4520   0.0750  -0.0030   0.0210   0.3440      0
13286    1279.895000 1286.998000  20.7650   0.1670   0.3340   0.1770   0.3440      0
14550    1404.085000 1417.908000  19.6610   0.0260   1.4680   0.0600   0.3430      0
14326    1446.859000 1391.837000  20.7510   0.0700   0.3670   0.0820   0.3420      0
11714    1276.129000 1133.734000  21.4070   0.1090   0.8550   0.1650   0.3420      0
13819    1417.390000 1338.280000  21.4820   0.1300   0.5800   0.1970   0.3420      0
13580    1254.693000 1316.349000  21.5060   0.1460   0.5610   0.1780   0.3420      0
13658    1360.541000 1323.646000  21.1460   0.1600   0.7810   0.1830   0.3420      0
13583    1221.282000 1316.509000  21.5080   0.1650   0.9230   0.2170   0.3420      0
13158    1328.915000 1274.624000  18.9900   0.0420   1.5520   0.0600   0.3410      0
14163    1206.243000 1375.007000  21.3400   0.1010   0.7660   0.1470   0.3410      0
14099    1214.772000 1368.341000  21.4260   0.1160   0.5620   0.1630   0.3410      0
11930    1405.516000 1153.322000  21.4430   0.1360   0.8920   0.1860   0.3410      0
12188    1237.438000 1178.507000  21.3030   0.1130   0.7030   0.1430   0.3400      0
12527    1280.248000 1210.465000  21.5960   0.1590  -0.0090   0.1750   0.3400      0
14412    1303.025000 1403.028000  21.3210   0.1120   0.7610   0.1600   0.3390      0
13265    1439.415000 1285.735000  21.4780   0.1350   1.3780   0.2260   0.3390      0
13515    1367.355000 1309.975000  21.7570   0.1540   0.5860   0.2200   0.3390      0
14667    1353.532000 1433.576000  20.6360   0.0590   1.1020   0.1060   0.3380      0
13354    1488.482000 1293.207000  20.7530   0.0650   0.2620   0.0770   0.3380      0
13474    1334.428000 1305.604000  21.0780   0.0800   1.1450   0.1340   0.3380      0
13528    1408.659000 1311.522000  21.2900   0.1050   0.7640   0.1370   0.3380      0
14210    1276.499000 1379.800000  21.7440   0.1640   0.5440   0.2040   0.3380      0
13155    1186.188000 1274.369000  21.3260   0.0920   0.5030   0.1230   0.3370      0
12444    1474.078000 1203.595000  21.3380   0.0980   0.8340   0.1470   0.3370      0
13067    1337.264000 1266.001000  21.2960   0.1110  -0.0700   0.1650   0.3370      0
12640    1175.701000 1223.595000  21.5380   0.1430   0.4690   0.1710   0.3370      0
12872    1328.357000 1245.973000  21.0940   0.1020   0.6710   0.1390   0.3360      0
12121    1228.843000 1171.805000  21.3750   0.1130   0.4990   0.1490   0.3360      0
12846    1341.269000 1243.673000  21.2620   0.1250   0.7110   0.1670   0.3360      0
12286    1378.421000 1187.002000  21.5730   0.1390   0.4530   0.1770   0.3360      0
11578    1282.436000 1118.356000  21.6740   0.1480   0.4840   0.1920   0.3360      0
12223    1268.908000 1182.054000  19.6570   0.0670  -0.1760   0.0470   0.3350      0
14540    1352.099000 1417.042000  20.7160   0.0800   0.0650   0.1020   0.3350      0
11783    1389.300000 1139.983000  21.1590   0.1040   0.7450   0.1350   0.3350      0
14439    1311.658000 1406.106000  21.3450   0.1230   0.5160   0.1570   0.3350      0
13356    1472.726000 1293.428000  21.2710   0.1290   0.5990   0.1570   0.3350      0
12204    1391.022000 1180.620000  21.5680   0.1620   0.4580   0.2440   0.3350      0
14462    1316.445000 1408.801000  21.5340   0.1550   0.4400   0.1800   0.3340      0
13160    1367.944000 1274.925000  21.1630   0.1960   0.6180   0.2240   0.3340      0
12612    1433.137000 1220.893000  19.2710   0.0160   1.3200   0.0330   0.3330      0
13079    1171.418000 1267.351000  21.1780   0.0850  -0.2170   0.0950   0.3330      0
12443    1322.712000 1203.528000  21.3790   0.1770   0.5460   0.2120   0.3330      0
12159    1286.320000 1175.680000  19.2260   0.0110   1.4100   0.0490   0.3320      0
13738    1387.867000 1331.661000  21.2050   0.1130   0.6030   0.1440   0.3320      0
13769    1470.300000 1333.890000  21.2850   0.1140   0.5190   0.1500   0.3320      0
11402    1311.083000 1100.281000  21.7490   0.1830   0.4820   0.2130   0.3320      0
12764    1275.403000 1235.587000  19.2290   0.0360   1.5620   0.0480   0.3310      0
13465    1220.693000 1304.427000  21.1140   0.1120   0.6340   0.1630   0.3310      0
12336    1413.392000 1191.246000  19.3900   0.1160  -0.4950   0.1020   0.3310      0
13039    1468.683000 1263.165000  21.3840   0.1230   0.0410   0.1410   0.3310      0
12801    1229.666000 1238.866000  21.6370   0.1610   0.0510   0.2040   0.3310      0
12475    1469.229000 1206.509000  21.6800   0.1770   0.4310   0.2230   0.3310      0
13087    1212.859000 1267.891000  19.5480   0.0280   1.2800   0.0750   0.3300      0
13004    1324.505000 1258.713000  20.2070   0.0600   0.0500   0.0770   0.3300      0
14628    1305.446000 1428.486000  21.0960   0.0890   0.6040   0.1190   0.3300      0
13290    1236.317000 1287.218000  21.4800   0.1300   0.3780   0.1540   0.3300      0
13687    1483.502000 1325.943000  21.5970   0.1660   0.3930   0.2000   0.3300      0
13945    1373.604000 1351.797000  19.6770   0.0300   1.6430   0.0570   0.3290      0
14574    1296.789000 1420.519000  21.2610   0.0860   0.5090   0.1940   0.3290      0
14087    1240.026000 1367.058000  21.5950   0.1720   0.1580   0.2480   0.3290      0
14022    1398.396000 1360.325000  21.2290   0.0910   0.5090   0.1350   0.3280      0
11419    1339.543000 1101.716000  21.3410   0.1040   0.3960   0.1350   0.3280      0
13224    1361.504000 1281.545000  21.5140   0.1310   0.0940   0.1580   0.3280      0
11508    1316.607000 1111.284000  21.7540   0.1570   0.4310   0.1880   0.3280      0
12461    1480.159000 1205.558000  21.0580   0.0760   0.5750   0.1060   0.3270      0
14361    1392.194000 1397.379000  21.2470   0.0860   0.4650   0.1160   0.3270      0
12929    1308.078000 1251.856000  21.2890   0.1100   0.4490   0.1470   0.3270      0
12669    1381.026000 1225.934000  21.8580   0.1880   0.5020   0.2390   0.3270      0
12793    1269.474000 1238.193000  21.9960   0.2000   0.0780   0.2330   0.3270      0
12585    1251.739000 1217.554000  21.1720   0.0910   0.5420   0.1240   0.3260      0
14409    1327.598000 1402.960000  21.5120   0.1180   0.3030   0.1690   0.3260      0
12078    1321.623000 1167.514000  21.4280   0.1470   0.3520   0.1730   0.3260      0
12343    1392.535000 1192.109000  21.2790   0.1120   0.4430   0.1730   0.3250      0
12170    1449.175000 1176.512000  21.4270   0.1220   0.3140   0.1430   0.3250      0
13696    1326.001000 1326.601000  20.7820   0.1240   0.2590   0.1410   0.3250      0
12858    1246.651000 1244.756000  20.5610   0.0520  -0.0340   0.0740   0.3240      0
11803    1351.995000 1142.292000  21.4370   0.1940   0.0990   0.2070   0.3240      0
11771    1307.371000 1139.216000  21.2010   0.0800   0.6290   0.2430   0.3230      0
13145    1320.071000 1273.504000  21.3800   0.1000   0.1620   0.1300   0.3230      0
11732    1284.676000 1135.500000  21.5120   0.1150   0.1390   0.1380   0.3230      0
13462    1368.976000 1304.361000  21.4100   0.1190   0.1710   0.1450   0.3230      0
12976    1306.864000 1256.703000  21.5160   0.1270   0.2320   0.1560   0.3230      0
14098    1419.993000 1368.172000  20.3030   0.0420  -0.1290   0.0510   0.3220      0
14076    1255.392000 1365.918000  21.2120   0.1020   0.4830   0.1460   0.3220      0
13068    1305.332000 1266.042000  21.3670   0.1390   0.1300   0.1690   0.3220      0
11545    1339.543000 1115.175000  20.7460   0.0610   0.0670   0.1500   0.3210      0
13434    1491.870000 1300.851000  21.3310   0.1010   0.3030   0.1300   0.3210      0
12756    1261.755000 1234.553000  21.1180   0.1000   0.5190   0.1280   0.3200      0
13645    1344.963000 1322.623000  20.6780   0.1500   0.0030   0.2300   0.3200      0
11752    1269.987000 1136.740000  20.9480   0.0650   0.4450   0.0820   0.3190      0
13850    1211.758000 1341.198000  21.3150   0.1020   1.0110   0.2490   0.3190      0
13306    1424.190000 1289.065000  21.1160   0.0770   0.5150   0.1120   0.3180      0
12783    1255.061000 1237.411000  20.9930   0.0890   0.4670   0.1080   0.3180      0
13560    1352.975000 1314.898000  21.2490   0.1180   0.4060   0.1510   0.3180      0
13307    1332.334000 1289.070000  21.1930   0.1340  -0.1460   0.1650   0.3180      0
13604    1200.046000 1318.754000  21.2720   0.1610  -0.0170   0.1710   0.3180      0
12878    1284.942000 1246.638000  21.9750   0.1780   0.4860   0.2370   0.3180      0
12667    1465.597000 1225.718000  19.6450   0.0690  -0.1810   0.0300   0.3170      0
14342    1381.051000 1394.000000  21.2890   0.0930   0.2930   0.1240   0.3170      0
13357    1220.041000 1293.501000  21.6370   0.1370   0.2180   0.1640   0.3170      0
12249    1368.065000 1184.016000  21.2950   0.1980   0.0040   0.2070   0.3160      0
13226    1329.334000 1281.605000  20.7890   0.0760   0.1870   0.0930   0.3150      0
12596    1277.136000 1219.830000  20.8230   0.0780   0.3090   0.0920   0.3150      0
14176    1283.546000 1376.520000  21.0970   0.0900   0.4930   0.1120   0.3150      0
11821    1248.479000 1143.673000  21.1780   0.1000   1.0130   0.2060   0.3150      0
13025    1345.095000 1261.306000  19.5860   0.1250   0.1840   0.1380   0.3150      0
14626    1280.432000 1428.201000  21.0030   0.0860   0.4610   0.1070   0.3140      0
13429    1361.996000 1300.681000  21.2740   0.1870   0.0060   0.1970   0.3140      0
14073    1427.744000 1365.583000  21.2590   0.1050   0.1540   0.1240   0.3120      0
13717    1300.408000 1328.874000  21.2480   0.0960   0.3200   0.1170   0.3110      0
12547    1215.156000 1213.374000  21.2270   0.0980   0.0870   0.1100   0.3110      0
12845    1194.042000 1243.396000  20.7590   0.0610   0.0620   0.0900   0.3100      0
13665    1438.546000 1324.031000  21.2660   0.1200   0.2070   0.1430   0.3100      0
14256    1233.693000 1384.564000  19.1780   0.0110   1.4050   0.0640   0.3090      0
12920    1505.023000 1250.999000  21.0820   0.0940  -0.2830   0.1050   0.3080      0
13129    1197.738000 1272.274000  21.2430   0.1670   0.2800   0.1830   0.3080      0
12912    1277.421000 1249.980000  21.1590   0.1250   0.3980   0.1470   0.3070      0
11707    1290.228000 1133.236000  21.1810   0.2150  -0.1150   0.2200   0.3070      0
12255    1232.801000 1184.200000  21.2060   0.0870   0.1340   0.1030   0.3060      0
14475    1356.607000 1410.434000  20.4400   0.0920  -0.0410   0.1580   0.3050      0
12206    1297.288000 1180.628000  21.1050   0.0990   0.4300   0.1130   0.3050      0
12815    1279.669000 1240.702000  21.2390   0.0990   1.0240   0.1800   0.3050      0
11841    1405.680000 1146.089000  20.8380   0.0710   0.2720   0.0830   0.3040      0
11947    1362.894000 1155.080000  20.1870   0.0800   0.0150   0.0940   0.3040      0
12350    1441.030000 1193.642000  20.0440   0.0780   0.0150   0.0340   0.3010      0
12777    1207.267000 1237.135000  21.0460   0.0890   0.4220   0.1140   0.3010      0
12008    1361.623000 1161.819000  19.2800   0.0180   1.3760   0.0370   0.3000      0
12833    1428.680000 1242.180000  20.0640   0.0340  -0.3200   0.0400   0.2990      0
14486    1275.434000 1412.066000  20.9770   0.0770  -0.3550   0.0830   0.2990      0
12531    1335.226000 1211.390000  21.1590   0.1160  -0.0450   0.1360   0.2990      0
13497    1378.813000 1307.965000  19.7190   0.0900   0.1890   0.1030   0.2980      0
13234    1288.471000 1282.412000  21.1730   0.0910   0.1530   0.1190   0.2970      0
13547    1330.829000 1314.011000  19.1980   0.0110   1.3170   0.0690   0.2940      0
12466    1209.942000 1206.022000  20.6180   0.0620  -0.1240   0.0690   0.2940      0
14035    1386.202000 1361.352000  21.1660   0.1190   0.0990   0.1350   0.2940      0
13102    1357.960000 1269.615000  20.9440   0.0940   0.3390   0.1370   0.2930      0
13031    1327.002000 1262.504000  19.4930   0.1070  -0.0780   0.1110   0.2930      0
13511    1188.905000 1309.574000  20.9950   0.0840   0.3750   0.1080   0.2920      0
12891    1378.549000 1247.547000  21.1370   0.0950  -0.0010   0.1260   0.2920      0
13784    1488.642000 1335.003000  20.3640   0.0400  -0.1220   0.0490   0.2910      0
12789    1356.008000 1237.830000  20.8580   0.0800   0.2440   0.0970   0.2900      0
13342    1249.117000 1292.131000  21.1500   0.0840   0.1870   0.1010   0.2890      0
11837    1279.541000 1145.643000  21.1060   0.1720   0.0940   0.1830   0.2860      0
13621    1266.287000 1320.535000  20.1580   0.0820   0.0690   0.1660   0.2850      0
12875    1201.467000 1246.432000  21.0640   0.0840   0.3230   0.1190   0.2820      0
13092    1269.046000 1268.623000  21.1000   0.1000   0.2600   0.1180   0.2810      0
13655    1456.669000 1323.277000  20.1980   0.0350   0.3400   0.0480   0.2800      0
12866    1386.096000 1245.802000  21.1120   0.0940   0.1760   0.1190   0.2800      0
12400    1315.060000 1199.665000  20.8470   0.0650   0.1830   0.0840   0.2790      0
13385    1476.840000 1297.043000  21.0500   0.0830   0.3230   0.1000   0.2790      0
12569    1321.841000 1215.723000  21.0490   0.1110  -0.1710   0.1250   0.2790      0
11800    1392.633000 1142.101000  20.7170   0.0550  -0.1850   0.0760   0.2770      0
13123    1329.887000 1271.429000  20.9710   0.1050   0.2660   0.1520   0.2770      0
13481    1488.975000 1306.359000  21.0830   0.0750  -0.0210   0.0990   0.2740      0
12840    1424.041000 1242.903000  20.3010   0.0470  -0.2030   0.0770   0.2720      0
13740    1424.448000 1331.736000  20.8250   0.0770  -0.2200   0.0850   0.2710      0
12399    1490.677000 1199.400000  20.8820   0.0750   0.2070   0.0890   0.2700      0
11460    1383.230000 1105.837000  21.0730   0.0820  -0.0290   0.1010   0.2700      0
13950    1382.430000 1352.168000  20.8010   0.0870  -0.1350   0.0960   0.2700      0
13449    1386.332000 1302.636000  21.0250   0.1270   0.1750   0.1410   0.2690      0
11909    1437.465000 1151.908000  20.8150   0.0930  -0.2060   0.1020   0.2680      0
13115    1336.549000 1270.674000  20.9010   0.0890   0.1890   0.1050   0.2640      0
14270    1330.655000 1385.684000  20.1530   0.0820  -0.1140   0.1550   0.2610      0
13720    1208.341000 1329.391000  20.8480   0.0810   0.0870   0.0930   0.2590      0
13250    1424.905000 1283.750000  20.9170   0.0580  -0.1200   0.0710   0.2570      0
13489    1403.254000 1307.191000  20.7930   0.1310  -0.2810   0.1440   0.2570      0
14090    1251.228000 1367.163000  20.3240   0.0490  -0.2300   0.0560   0.2550      0
13382    1275.211000 1296.880000  20.4910   0.1000  -0.1280   0.1080   0.2550      0
11719    1237.484000 1134.118000  20.2930   0.1120  -0.1700   0.1380   0.2530      0
13176    1336.325000 1276.884000  20.7450   0.1820  -0.3750   0.2060   0.2490      0
12943    1315.814000 1253.240000  21.0080   0.0830   0.1520   0.0970   0.2480      0
14580    1378.133000 1420.790000  20.8730   0.0680  -0.0780   0.0810   0.2470      0
14257    1420.843000 1384.649000  20.5770   0.0630  -0.1850   0.0720   0.2400      0
14617    1289.765000 1426.928000  19.5830   0.0720  -0.3590   0.0870   0.2400      0
11645    1380.411000 1125.750000  20.5090   0.1520  -0.4670   0.1710   0.1990      0
