#ID x y mag e_mag col1 e_col1 memb_prob sel
3658     817.101000 1000.823000  18.4490   0.0170   1.2250   0.0570   0.7550      1
2881     819.974000 948.839000  18.5940   0.0190   1.2980   0.0290   0.7020      1
2404     777.571000 931.570000  18.4860   0.0110   0.8960   0.0240   0.6840      1
3568     824.627000 996.320000  18.4190   0.0260   1.3230   0.0360   0.6830      1
65375    740.431000 1028.856000  17.9290   0.0110   1.7350   0.0160   0.6630      1
5637     764.741000 978.896000  18.6390   0.0210   1.2540   0.0320   0.6590      1
4944     852.102000 1112.510000  18.5280   0.0110   1.6840   0.0240   0.6560      1
3110     918.615000 1030.032000  18.4430   0.0100   1.4290   0.0150   0.6530      1
4003     825.037000 950.001000  18.6400   0.0250   1.2870   0.0370   0.6530      1
12431    854.546000 1103.734000  19.5220   0.0340   2.1660   0.0620   0.6490      1
2589     782.737000 1054.189000  18.0610   0.0140   1.4810   0.0200   0.6450      1
12905    824.785000 913.439000  19.4800   0.0170   1.8930   0.0450   0.6450      1
3086     829.000000 1017.284000  18.5160   0.0230   0.7740   0.0260   0.6410      1
2755     723.113000 1044.586000  18.0810   0.0080   1.4320   0.0120   0.6380      1
4489     825.945000 1070.929000  18.5400   0.0120   1.5930   0.0190   0.6350      1
14213    832.920000 1032.759000  19.7980   0.0290   0.9660   0.0390   0.6330      1
4695     765.031000 970.849000  18.5800   0.0120   1.6220   0.0310   0.6320      1
3993     785.032000 1060.827000  18.5550   0.0160   1.6470   0.0380   0.6290      1
7777     860.622000 1010.820000  19.5300   0.0330   1.9660   0.0680   0.6250      1
5177     861.972000 927.051000  18.5980   0.0110   1.5920   0.0190   0.6220      1
8828     892.848000 960.860000  18.9550   0.0190   1.1210   0.0310   0.6180      1
8775     849.849000 1052.603000  18.9170   0.0130   1.1640   0.0210   0.6170      1
11806    895.413000 1012.500000  19.4270   0.0170   1.2390   0.0310   0.6170      1
2783     779.184000 916.043000  18.1870   0.0200   1.6010   0.0460   0.6080      1
3647     803.158000 930.432000  18.6000   0.0120   1.6100   0.0240   0.6050      1
3241     872.328000 944.513000  18.2440   0.0130   1.5650   0.0260   0.6010      1
5762     834.472000 1017.364000  18.9050   0.0170   1.0570   0.0240   0.6010      1
8846     778.300000 905.352000  18.9650   0.0120   0.9100   0.0180   0.5980      1
13748    819.668000 935.960000  19.4710   0.0200   1.8460   0.0500   0.5980      1
4672     892.381000 979.531000  18.5740   0.0130   1.6640   0.0240   0.5960      1
6588     782.672000 979.956000  19.0490   0.0120   1.6810   0.0320   0.5910      1
63414    828.676000 935.507000  18.5410   0.0570   1.3040   0.0750   0.5890      1
5648     809.389000 945.209000  18.5230   0.0370   1.3580   0.0420   0.5880      1
13124    812.487000 1000.641000  19.8160   0.0340   1.0820   0.0550   0.5870      1
15240    825.926000 969.267000  19.8110   0.0450   0.9570   0.0580   0.5870      1
13984    762.597000 948.329000  19.3910   0.0170   1.8620   0.0430   0.5800      1
7362     779.488000 1061.376000  19.0960   0.0300   0.4680   0.0340   0.5790      1
4400     902.435000 1027.593000  18.5740   0.0100   1.6840   0.0200   0.5760      1
4754     789.677000 1018.824000  18.6550   0.0410   1.3250   0.0450   0.5750      1
65552    780.620000 1037.543000  18.0090   0.0440   1.7440   0.0480   0.5740      1
6012     758.492000 1069.071000  18.7920   0.0120   1.3430   0.0210   0.5730      1
11520    839.481000 1019.056000  19.2920   0.0250   1.1280   0.0420   0.5720      1
8266     829.021000 1037.352000  19.0030   0.0240   1.6560   0.0380   0.5700      1
5042     836.918000 891.870000  18.6180   0.0190   1.5320   0.0280   0.5500      1
4441     813.310000 1026.243000  18.5960   0.0600   1.3580   0.0650   0.5480      1
63690    839.947000 950.466000  19.8360   0.0350   0.9200   0.1140   0.5470      1
5022     932.179000 987.629000  18.5590   0.0170   1.7320   0.0280   0.5440      1
10275    808.945000 982.851000  19.7970   0.0460   1.1720   0.0700   0.5390      1
62566    814.934000 894.047000  19.3830   0.0200   1.8100   0.0390   0.5330      1
79133    845.002000 959.252000  19.6080   0.1120   2.2950   0.1350   0.5280      1
64292    827.693000 978.850000  18.5620   0.0500   1.6590   0.0670   0.5220      1
10157    822.197000 991.267000  19.4240   0.0280   1.2800   0.0540   0.5200      1
3198     824.999000 1015.426000  18.5740   0.0130   2.0600   0.1210   0.5180      1
65753    802.708000 1047.287000  19.8670   0.0490   1.0110   0.0670   0.5180      1
8294     750.787000 958.247000  18.8210   0.0120   2.1030   0.0370   0.5170      1
9523     808.137000 1012.968000  19.4720   0.0620   1.0380   0.0690   0.5150      1
4740     852.133000 922.083000  18.5370   0.0100   1.4630   0.0200   0.5140      1
4225     800.962000 970.013000  18.8080   0.0150   1.3980   0.0280   0.5100      1
46873    843.383000 1045.759000  20.7840   0.0410  -0.0470   0.0490   0.5100      1
9992     835.271000 921.714000  19.0930   0.0130   0.5310   0.0290   0.5090      1
1043     826.358000 982.651000  17.3340   0.0080   1.8180   0.0270   0.5070      1
5368     807.649000 1018.670000  18.6880   0.0240   1.4460   0.0310   0.4990      1
3959     784.611000 987.271000  18.6390   0.0240   1.5100   0.0350   0.4980      1
26221    882.006000 939.123000  20.5600   0.0520  -0.4000   0.0550   0.4940      1
40365    841.826000 1024.627000  20.7230   0.0560  -0.0820   0.0620   0.4940      1
65214    864.910000 1019.361000  20.4380   0.0560  -0.3170   0.0620   0.4890      1
2031     857.488000 944.078000  18.5180   0.0150   1.8040   0.0230   0.4880      1
9865     770.940000 932.420000  19.7280   0.0220   0.4360   0.0330   0.4880      1
64331    805.913000 981.419000  19.8910   0.0440   0.9670   0.0570   0.4880      1
3474     775.190000 935.763000  18.5380   0.0160   1.8580   0.0880   0.4870      1
63816    846.056000 956.619000  18.9830   0.0650   0.8060   0.0720   0.4870      1
1226     878.957000 996.009000  17.5600   0.0080   2.1910   0.0210   0.4860      1
13211    816.186000 971.135000  19.8480   0.0410   0.7070   0.0550   0.4820      1
1249     873.729000 1044.343000  17.4760   0.0060   1.8770   0.0140   0.4800      1
65322    745.293000 1027.214000  20.3040   0.0390   1.5970   0.0700   0.4750      1
65378    822.604000 1032.266000  18.5600   0.0660   1.0720   0.0680   0.4750      1
15603    894.958000 1033.380000  19.7860   0.0260  -0.1160   0.0290   0.4720      1
1622     828.129000 961.971000  17.7490   0.0100   1.6500   0.0400   0.4680      1
5782     776.185000 1066.610000  18.6570   0.0120   1.5090   0.0500   0.4680      1
15124    831.926000 968.248000  19.8440   0.0370   0.7580   0.0560   0.4650      1
64498    791.745000 993.662000  18.6040   0.0660   1.6230   0.0680   0.4640      1
5360     869.278000 1089.639000  18.7710   0.0130   1.2590   0.0220   0.4630      1
64603    810.422000 993.441000  18.5430   0.0340   1.8330   0.0990   0.4620      1
64213    854.815000 975.836000  19.4520   0.0230   0.2790   0.0290   0.4550      1
64872    853.517000 1006.241000  19.8810   0.0630   0.9030   0.0920   0.4550      1
6839     915.987000 940.835000  18.7570   0.0110   1.6610   0.0230   0.4540      1
12956    795.643000 1066.848000  19.7000   0.0320   0.4460   0.0410   0.4530      1
18258    851.862000 999.912000  19.8380   0.0380   1.2510   0.0620   0.4530      1
66503    778.314000 1092.863000  18.7320   0.0390   1.1900   0.0910   0.4510      1
5152     917.707000 978.294000  18.6500   0.0460   1.4840   0.0630   0.4500      1
6989     874.672000 1011.990000  18.7020   0.0120   1.5650   0.0190   0.4480      1
66869    826.759000 1111.052000  21.1830   0.0650  -0.1760   0.0730   0.4450      1
65285    793.900000 1025.192000  19.4200   0.0310   0.5220   0.0480   0.4440      1
4117     862.646000 933.771000  19.8870   0.0450   0.6210   0.0520   0.4370      1
21798    761.737000 1091.478000  20.3290   0.0480   1.5450   0.1080   0.4370      1
1820     900.021000 1021.303000  17.7710   0.0060   1.9790   0.0130   0.4350      1
6728     744.010000 980.426000  18.6720   0.0120   1.6360   0.0210   0.4350      1
11274    900.563000 949.468000  19.7730   0.0260   0.1010   0.0960   0.4350      1
15530    834.410000 951.008000  19.6540   0.0640   1.1090   0.0770   0.4320      1
64098    727.606000 972.277000  19.9780   0.0340   0.4560   0.0380   0.4310      1
31657    736.019000 957.323000  20.7630   0.0430   0.1030   0.0520   0.4300      1
9136     868.725000 1058.838000  19.9570   0.0240   0.6470   0.0560   0.4280      1
7030     852.745000 979.381000  18.6830   0.0100   1.8190   0.0280   0.4270      1
3233     914.962000 1027.640000  18.6890   0.0130   1.5680   0.0300   0.4260      1
4322     859.183000 1064.660000  18.7140   0.0380   1.3650   0.0910   0.4260      1
13830    839.799000 972.376000  19.8790   0.0390   0.6510   0.0940   0.4230      1
4542     901.781000 1007.243000  18.6510   0.0180   1.6040   0.0250   0.4200      1
64625    814.880000 995.116000  20.6490   0.0650   0.0150   0.0840   0.4180      1
744      776.312000 982.078000  16.9670   0.0060   0.8910   0.0070   0.4150      1
62740    839.363000 904.330000  20.4240   0.0410   0.9350   0.0770   0.4150      1
27329    902.411000 1074.871000  20.3420   0.0320   1.3910   0.1480   0.4060      1
65616    789.889000 1043.253000  20.9190   0.1080  -0.2600   0.1290   0.4010      1
1064     847.745000 1073.519000  17.2990   0.0080   1.1220   0.0110   0.3990      1
16155    837.631000 1012.769000  20.2420   0.0390   1.0560   0.0680   0.3990      1
63566    813.551000 941.719000  20.5660   0.0490   0.1220   0.0560   0.3970      1
64077    875.884000 969.074000  21.4470   0.0960  -0.1800   0.1170   0.3970      1
64130    888.056000 967.669000  21.2400   0.1380  -0.2120   0.1490   0.3950      1
11862    897.232000 952.942000  19.9180   0.0290   0.8440   0.1860   0.3940      1
30015    838.538000 1058.964000  20.4670   0.0350   0.8850   0.0570   0.3940      1
19432    837.538000 1040.047000  20.2530   0.0490   1.0860   0.0760   0.3940      1
63521    907.889000 941.325000  20.7690   0.0590   0.1370   0.0710   0.3930      1
29563    812.192000 969.352000  20.8620   0.0790  -0.0080   0.0870   0.3930      1
63604    863.338000 944.882000  20.2910   0.0520   1.1240   0.0820   0.3920      1
64793    894.970000 1002.398000  19.8220   0.0260   0.1100   0.0340   0.3900      1
64192    765.611000 974.337000  20.3410   0.0520   0.9150   0.0930   0.3890      1
64426    772.648000 985.077000  20.3570   0.0440   0.8420   0.0780   0.3850      1
33746    764.148000 991.169000  20.7140   0.0520   2.3430   0.2040   0.3840      1
18658    813.061000 1083.853000  20.5740   0.0460   0.1560   0.0600   0.3830      1
14209    853.201000 1017.415000  20.2440   0.0390   0.9620   0.1020   0.3820      1
23896    756.650000 959.037000  20.4030   0.0290   0.8280   0.0510   0.3800      1
31218    882.642000 1010.278000  20.5980   0.0340   1.0960   0.0710   0.3750      1
14317    894.376000 992.962000  19.9970   0.0350   0.4630   0.0900   0.3740      1
15859    794.676000 1010.647000  20.4460   0.0360   1.0190   0.1140   0.3740      1
8908     907.735000 973.707000  20.3060   0.0340   0.6790   0.0500   0.3730      1
8783     757.200000 1073.045000  19.7690   0.0250   0.6020   0.0440   0.3630      1
18824    846.679000 1009.280000  20.2470   0.0360   0.7820   0.0630   0.3630      1
18435    748.683000 1044.796000  20.8010   0.0760   0.1330   0.0840   0.3610      1
36118    867.006000 954.652000  20.5510   0.0520   1.0860   0.0890   0.3600      1
16644    761.458000 1051.039000  20.2520   0.0300   0.2280   0.0360   0.3580      1
44514    929.979000 992.572000  20.3410   0.0390   1.0310   0.2300   0.3580      1
63332    801.544000 932.411000  19.9490   0.0800   0.7360   0.1380   0.3570      1
64844    819.123000 1003.538000  19.8940   0.0510   0.5460   0.1190   0.3540      1
64530    894.764000 990.396000  20.7570   0.0780   0.1820   0.0870   0.3520      1
23955    915.082000 958.169000  20.3440   0.0390   0.7050   0.0520   0.3510      1
12445    798.334000 965.569000  20.5240   0.0400   1.1280   0.0710   0.3510      1
63976    815.608000 963.104000  20.3300   0.0670   0.7640   0.0790   0.3510      1
65175    842.975000 1018.497000  20.3490   0.0840   0.8450   0.1250   0.3510      1
20922    872.648000 1069.545000  20.2670   0.0650   0.7860   0.1170   0.3500      1
24386    783.454000 1017.372000  20.5270   0.0520   0.9430   0.0670   0.3480      1
64144    836.379000 971.847000  19.9820   0.0500   0.3970   0.0770   0.3470      1
12209    821.731000 1015.915000  20.3050   0.0430   0.1490   0.0630   0.3460      1
11491    855.822000 1013.143000  20.3360   0.0550   0.7260   0.0700   0.3450      1
12903    757.939000 1011.986000  20.2610   0.0370   0.1560   0.0700   0.3410      1
65496    735.899000 1036.422000  20.5320   0.0650   1.1150   0.1070   0.3410      1
41989    857.103000 986.126000  20.3110   0.0480   0.1120   0.0660   0.3370      1
20628    785.526000 914.422000  20.5350   0.0420   0.9330   0.0680   0.3360      1
21647    792.965000 966.868000  20.3670   0.0620   0.1390   0.0700   0.3360      1
26315    782.531000 996.741000  20.3300   0.0390   2.5240   0.2190   0.3350      1
14745    850.770000 1010.995000  20.5180   0.0820   0.1560   0.0990   0.3350      1
19259    744.216000 1009.179000  20.3620   0.0350   0.7220   0.0850   0.3340      1
18224    883.300000 916.284000  20.2950   0.0480   0.1980   0.0720   0.3330      1
63754    860.455000 953.081000  20.5950   0.0660   1.0270   0.0880   0.3320      1
23016    835.332000 927.635000  20.4450   0.0440   0.8190   0.0620   0.3300      1
39374    839.343000 1028.010000  20.5890   0.0420   0.9890   0.0880   0.3280      1
65618    877.329000 1042.640000  20.3060   0.0540   0.6580   0.0760   0.3280      1
65254    804.128000 1022.449000  20.6430   0.0800   0.2290   0.0870   0.3230      1
65188    754.954000 1018.950000  20.4110   0.0880   0.8190   0.1220   0.3220      1
29085    849.892000 971.255000  20.4600   0.0390   0.2320   0.0500   0.3180      1
64233    843.016000 975.818000  20.5930   0.0510   0.9730   0.0890   0.3140      1
13786    842.135000 933.332000  20.1650   0.0340   2.1150   0.2310   0.3060      1
15230    758.397000 924.895000  20.2660   0.0740   0.2330   0.0810   0.3040      1
22531    890.009000 1008.851000  20.4880   0.0450   0.8220   0.0720   0.3000      1
15640    876.977000 1074.114000  20.3630   0.0560   0.6760   0.0690   0.3000      1
22736    805.117000 1030.705000  20.4970   0.0610   0.2350   0.0700   0.3000      1
66084    797.833000 1068.723000  20.5820   0.0640   0.9520   0.1250   0.2980      1
63568    875.757000 943.240000  20.7790   0.0650   0.2780   0.0800   0.2950      1
7520     769.969000 924.665000  18.8040   0.0130   0.0840   0.0150   0.2940      1
43740    847.836000 1033.236000  20.2630   0.0280   0.4720   0.0430   0.2940      1
64235    904.941000 976.516000  21.8050   0.1110   1.5100   0.2490   0.2250      1
65968    804.217000 1061.181000  21.6670   0.1130   1.3120   0.2090   0.2080      1
2765     909.528000 978.342000  18.1320   0.0070   1.6290   0.0150   0.5470      0
1944     856.736000 1040.445000  18.0040   0.0240   1.7580   0.0400   0.5410      0
3302     832.643000 960.858000  18.4970   0.0120   1.9200   0.0270   0.5100      0
2246     845.657000 991.869000  17.9320   0.0110   1.8570   0.0210   0.5030      0
2930     832.118000 998.856000  18.1670   0.0130   1.8340   0.0280   0.5010      0
1600     809.285000 990.786000  18.1740   0.0590   1.6370   0.0860   0.4960      0
64501    846.309000 987.908000  19.5010   0.0370   1.2410   0.0610   0.4890      0
3124     900.712000 924.593000  18.1880   0.0100   1.9520   0.0230   0.4820      0
7147     793.670000 1022.015000  19.3650   0.0210   1.7820   0.0510   0.4790      0
7766     821.438000 1020.688000  19.0110   0.0230   1.6070   0.0390   0.4710      0
46933    821.367000 1084.913000  19.0880   0.0200   1.7210   0.0410   0.4670      0
2317     880.541000 999.810000  18.9880   0.0190   1.7720   0.0420   0.4640      0
9230     913.417000 965.254000  19.0650   0.0140   1.1300   0.0210   0.4520      0
13740    826.688000 1048.465000  19.5910   0.0190   1.5850   0.0490   0.4440      0
14661    813.717000 1113.825000  19.5830   0.0200   1.5770   0.0430   0.4370      0
6983     835.386000 1073.280000  18.7160   0.0140  -0.3040   0.0160   0.4360      0
1413     751.534000 1059.496000  17.7120   0.0290   1.9030   0.0330   0.4310      0
2436     860.626000 1000.415000  18.4460   0.0180   1.6500   0.0280   0.4300      0
3996     899.006000 1056.004000  18.4040   0.0090   1.6770   0.0190   0.4290      0
16104    804.980000 975.456000  19.4850   0.0260   0.6100   0.0310   0.4290      0
5196     919.733000 1040.357000  18.7840   0.0720   1.1150   0.0740   0.4250      0
9438     824.518000 942.020000  19.0650   0.0240   1.9890   0.0490   0.4220      0
46889    816.376000 1052.461000  18.8350   0.0190   1.9910   0.0450   0.4200      0
10172    846.163000 937.838000  19.7590   0.0380   0.0440   0.0410   0.4200      0
486      859.206000 938.727000  16.6590   0.0050   1.8150   0.0090   0.4190      0
10953    867.191000 969.470000  19.6700   0.0240   1.2220   0.0490   0.4180      0
2372     823.408000 1033.675000  18.7600   0.0630   2.3270   0.1300   0.4180      0
483      827.854000 1059.878000  16.6800   0.0060   2.8110   0.0160   0.4170      0
6011     869.059000 1004.753000  18.7220   0.0120   1.7280   0.0260   0.4170      0
65407    913.802000 1033.015000  18.7120   0.0160   1.7960   0.0390   0.4170      0
5580     802.220000 1076.879000  18.6840   0.0440   1.5230   0.0510   0.4170      0
6887     833.876000 1051.992000  18.7460   0.0180   1.6860   0.0290   0.4160      0
782      782.968000 930.100000  17.0240   0.0050   1.4840   0.0100   0.4150      0
4412     801.187000 1009.895000  18.7220   0.0170   1.7900   0.0290   0.4140      0
779      807.629000 914.943000  16.9960   0.0060   1.6730   0.0080   0.4120      0
9471     727.695000 958.933000  19.1150   0.0120   1.8030   0.0470   0.4090      0
63503    849.739000 940.829000  18.6930   0.0200   1.8080   0.0360   0.4070      0
4735     862.196000 1006.546000  18.7260   0.0120   1.6610   0.0230   0.4050      0
10684    844.087000 918.439000  19.2550   0.0190   0.4950   0.0240   0.4050      0
63309    765.881000 931.991000  19.9400   0.0320  -0.3620   0.0540   0.4050      0
3885     803.951000 967.027000  18.6900   0.0520   1.5380   0.0570   0.4050      0
2257     863.161000 996.866000  18.1720   0.0090   2.0280   0.0230   0.4040      0
66320    818.925000 1081.152000  20.2760   0.0430   1.4810   0.0860   0.4040      0
13423    838.908000 997.100000  19.5990   0.0480   1.2250   0.0690   0.4030      0
13967    770.869000 1019.441000  19.7990   0.0220   1.4620   0.0470   0.4010      0
64481    808.679000 987.191000  19.1180   0.0750   1.1670   0.0900   0.4000      0
412      795.575000 1032.497000  16.6360   0.0060   3.1250   0.0220   0.3990      0
15209    785.257000 945.343000  19.4840   0.0180   1.7560   0.0420   0.3920      0
46853    819.487000 1058.035000  20.3180   0.0460   1.1410   0.0720   0.3900      0
66588    780.063000 1094.816000  18.7780   0.0780   1.3160   0.1200   0.3870      0
20992    778.927000 962.558000  20.2290   0.0320   1.6360   0.0790   0.3860      0
13370    815.300000 1006.661000  19.6140   0.0240   0.9060   0.0500   0.3840      0
90       850.071000 951.748000  15.7670   0.0060   3.5140   0.0130   0.3830      0
5556     715.235000 993.292000  18.6590   0.0120   1.6560   0.0350   0.3810      0
13899    799.792000 1109.879000  19.6880   0.0390   0.5270   0.0440   0.3790      0
371      739.329000 1033.835000  16.5160   0.0050   2.9410   0.0110   0.3760      0
627      790.127000 958.980000  16.8260   0.0060   2.6170   0.0130   0.3760      0
1024     812.153000 1042.900000  17.2350   0.0060   3.0310   0.0230   0.3750      0
64499    797.310000 989.962000  19.1220   0.0270   1.7550   0.0480   0.3750      0
21308    835.412000 1065.059000  20.7970   0.1500  -0.0480   0.1540   0.3750      0
14756    800.757000 1053.112000  19.8210   0.0270   1.4320   0.0610   0.3740      0
12818    794.979000 1043.929000  20.6010   0.1310  -0.0120   0.1420   0.3740      0
64626    831.270000 994.700000  19.4850   0.0700   0.3000   0.0750   0.3730      0
14658    770.545000 958.286000  19.6380   0.0200   1.6530   0.0520   0.3710      0
1012     886.018000 1079.429000  17.2440   0.0070   2.7220   0.0160   0.3690      0
11617    758.416000 1079.549000  19.3610   0.0170   0.3090   0.0200   0.3690      0
15361    829.498000 945.196000  19.7170   0.0330   1.3220   0.0470   0.3670      0
9667     809.863000 1053.900000  18.8190   0.0120   1.7050   0.0240   0.3660      0
2534     799.373000 1014.250000  18.3100   0.0210   1.5070   0.0250   0.3660      0
12095    839.421000 991.474000  19.4650   0.0520   0.4200   0.0600   0.3640      0
64544    877.156000 990.952000  20.2220   0.0330   1.8090   0.1180   0.3630      0
9642     832.358000 901.530000  19.0760   0.0140   0.3180   0.0170   0.3620      0
5605     812.530000 983.894000  18.7400   0.0180   1.7680   0.0330   0.3610      0
3422     821.556000 965.273000  18.2500   0.0110   1.8300   0.0260   0.3600      0
841      864.767000 1054.372000  17.1520   0.0150   2.2280   0.1280   0.3590      0
15134    878.802000 1050.528000  20.0400   0.0330   1.2820   0.0600   0.3590      0
66432    865.481000 1087.541000  20.3870   0.0330   1.5160   0.0830   0.3580      0
9555     803.975000 983.952000  19.6630   0.0520   0.9910   0.0860   0.3580      0
65477    781.653000 1034.703000  18.7170   0.0330   1.6570   0.1260   0.3570      0
34558    856.368000 1028.014000  21.1070   0.1030  -0.1100   0.1150   0.3570      0
65754    819.399000 1048.352000  21.4900   0.1720  -0.4500   0.1940   0.3560      0
2093     752.161000 1005.506000  17.8820   0.0070   2.3410   0.0340   0.3550      0
9295     857.276000 970.614000  19.1880   0.0160   1.5490   0.0350   0.3540      0
11286    882.685000 981.097000  19.1900   0.0230   1.3470   0.0350   0.3530      0
4862     885.279000 995.072000  18.8150   0.0150   1.5090   0.0280   0.3520      0
5663     751.584000 1022.543000  18.7570   0.0210   1.5520   0.0300   0.3520      0
65481    882.275000 1033.354000  20.1860   0.0250   0.4010   0.0370   0.3460      0
1096     754.003000 1050.050000  17.4450   0.0630   2.1580   0.0640   0.3460      0
1951     826.952000 933.892000  18.4780   0.0590   2.0180   0.0640   0.3440      0
63268    774.832000 930.052000  19.5160   0.0250   0.0540   0.0320   0.3430      0
17740    851.459000 1080.995000  20.0300   0.0360   0.4540   0.0520   0.3430      0
64885    833.913000 1007.614000  19.1950   0.0200   1.5280   0.0360   0.3390      0
661      738.182000 1049.644000  17.9890   0.0420   0.7150   0.0510   0.3390      0
64760    867.346000 1000.047000  21.3770   0.0970  -0.0760   0.1380   0.3380      0
42739    856.739000 964.729000  20.3500   0.0730   1.2470   0.1520   0.3370      0
66923    838.978000 1113.405000  18.8110   0.0190   1.6450   0.0310   0.3360      0
65969    830.673000 1061.952000  19.0000   0.0220   1.9600   0.0650   0.3360      0
11712    809.458000 923.912000  20.0790   0.0390   1.3350   0.0850   0.3330      0
20905    795.988000 927.306000  20.6430   0.0430   1.7100   0.0950   0.3330      0
9859     747.585000 989.360000  19.1650   0.0150   1.8350   0.0510   0.3320      0
2043     754.026000 932.286000  17.8620   0.0070   2.1060   0.0180   0.3310      0
64887    903.869000 1005.999000  20.4330   0.0490   0.1190   0.0830   0.3310      0
24739    780.370000 1043.475000  20.2060   0.0640   0.9870   0.0950   0.3300      0
64567    835.345000 991.140000  20.3210   0.1010   1.1770   0.1230   0.3300      0
6076     884.798000 928.612000  18.7000   0.0370   1.6840   0.0420   0.3290      0
11935    820.578000 926.097000  19.5640   0.0240   0.3300   0.0550   0.3280      0
15646    884.312000 1037.005000  20.0700   0.0300   0.5900   0.0390   0.3270      0
4619     872.628000 1085.794000  18.6670   0.0320  -0.2380   0.0330   0.3270      0
12134    805.964000 1040.491000  19.8170   0.0480   0.0760   0.1250   0.3250      0
9591     766.588000 1034.503000  18.9580   0.0200   1.7390   0.0400   0.3240      0
23743    843.064000 1001.606000  20.2590   0.0390   1.3040   0.0850   0.3210      0
15659    807.006000 955.954000  20.1850   0.0530  -0.2300   0.0580   0.3200      0
47042    820.219000 1026.140000  18.1340   0.0130  -0.1360   0.0150   0.3180      0
11728    725.664000 962.091000  20.1710   0.0360   0.3630   0.0430   0.3180      0
11142    877.771000 903.986000  19.9660   0.1230   0.4670   0.1310   0.3180      0
66249    844.816000 1077.794000  20.2130   0.0310   0.1720   0.0430   0.3150      0
63631    856.000000 947.682000  18.8050   0.0240   1.6780   0.0370   0.3110      0
64911    826.753000 1007.385000  20.8420   0.0870   0.1540   0.1020   0.3110      0
24073    756.083000 952.013000  20.1730   0.0260  -0.0980   0.0310   0.3100      0
64791    805.017000 1001.520000  20.0170   0.0370   0.6600   0.0790   0.3100      0
63998    825.749000 963.766000  19.9930   0.0560   0.7370   0.0750   0.3090      0
26503    809.755000 1004.339000  20.6580   0.1170   0.2110   0.1240   0.3070      0
64845    828.200000 1001.021000  20.4940   0.1120   0.1710   0.1280   0.3040      0
9405     753.090000 1014.162000  19.2010   0.0360   0.1690   0.0380   0.3030      0
16086    871.749000 971.277000  20.1760   0.0540   0.6830   0.0700   0.3020      0
13574    897.917000 969.186000  19.6080   0.0300   1.4280   0.0650   0.3000      0
66269    892.933000 1075.695000  19.7780   0.0260   0.3010   0.0320   0.2990      0
37590    805.317000 1084.743000  21.2790   0.0650   0.0440   0.1090   0.2990      0
65478    808.728000 1033.561000  21.2710   0.1090   0.0160   0.1280   0.2990      0
38045    876.550000 974.365000  20.6820   0.0440   1.7200   0.1950   0.2980      0
11457    833.719000 977.621000  19.6810   0.0850   0.5130   0.1150   0.2980      0
7582     766.331000 1076.739000  18.8260   0.0380   1.6060   0.0420   0.2970      0
46631    803.253000 1034.731000  21.6790   0.1270  -0.1480   0.1450   0.2960      0
11592    865.533000 972.324000  20.1180   0.0420   0.6670   0.0670   0.2950      0
12150    816.784000 988.688000  19.8700   0.0480   0.4760   0.0590   0.2950      0
5477     821.093000 1010.565000  18.7200   0.0180   2.2010   0.1330   0.2940      0
46926    818.883000 1109.050000  20.2620   0.0530   0.5780   0.0650   0.2940      0
63203    811.227000 929.029000  20.1970   0.0690   0.5660   0.0800   0.2930      0
8419     842.656000 995.300000  20.1260   0.0530   0.5820   0.0690   0.2920      0
65483    918.438000 1035.395000  20.8400   0.0660   0.2180   0.0770   0.2920      0
64692    887.040000 997.966000  20.2420   0.0410   0.4000   0.0660   0.2910      0
11982    818.383000 994.152000  20.1410   0.0620   0.5070   0.0840   0.2900      0
22367    743.655000 971.645000  20.6350   0.0550   0.2860   0.0700   0.2890      0
63785    828.280000 951.782000  20.7050   0.0830   0.2720   0.1000   0.2890      0
13523    873.119000 936.161000  19.9600   0.1000   0.3430   0.1020   0.2880      0
24339    846.890000 978.166000  20.0970   0.0390   0.3700   0.0590   0.2870      0
65807    790.572000 1054.196000  20.4830   0.0620   0.2360   0.0820   0.2870      0
32046    836.439000 1089.858000  20.6250   0.0360   0.3150   0.0480   0.2840      0
13283    894.471000 943.203000  20.0050   0.0490   1.0790   0.1480   0.2830      0
21227    839.662000 964.836000  20.0740   0.0300   1.5100   0.1170   0.2810      0
63914    785.821000 959.606000  20.1170   0.0340   0.4660   0.0420   0.2810      0
64143    782.837000 971.217000  19.9670   0.0340   0.2980   0.0410   0.2800      0
14163    865.914000 981.160000  20.4690   0.0990   0.7660   0.1090   0.2780      0
62811    875.461000 906.085000  19.8260   0.1100   0.3620   0.1110   0.2780      0
65531    856.037000 1037.791000  19.3160   0.0650   1.3580   0.1000   0.2770      0
80027    833.048000 935.737000  20.9470   0.0860   0.0630   0.1040   0.2760      0
25755    780.162000 1014.591000  20.6360   0.0740   1.2290   0.0990   0.2750      0
64483    825.262000 988.391000  20.6480   0.0700   1.2340   0.1280   0.2740      0
8188     896.733000 979.693000  19.2830   0.0250   0.1180   0.0280   0.2720      0
63390    905.789000 937.661000  20.3240   0.0250   0.3060   0.0710   0.2710      0
65156    817.938000 1016.327000  20.2610   0.0720   0.4670   0.0870   0.2710      0
8595     823.985000 1039.215000  19.5380   0.0430  -0.0340   0.0460   0.2690      0
46840    812.494000 1063.083000  21.1110   0.0710   0.0490   0.0850   0.2680      0
64690    858.969000 998.646000  20.0860   0.0860   0.2810   0.1590   0.2680      0
16102    805.322000 998.694000  20.2620   0.1050   0.4080   0.1280   0.2680      0
42379    806.137000 1106.699000  20.8350   0.0480   0.3220   0.0590   0.2660      0
5418     807.962000 931.906000  18.8240   0.0130   1.8410   0.1130   0.2650      0
24282    757.887000 981.757000  20.5790   0.0370   1.4980   0.0780   0.2650      0
29346    916.225000 1007.550000  20.5840   0.0400   0.7560   0.0540   0.2650      0
8603     791.317000 899.032000  18.9430   0.0390   1.6480   0.0640   0.2640      0
63480    894.929000 939.964000  20.5650   0.0680   0.8300   0.1440   0.2640      0
23125    791.711000 984.424000  20.5920   0.0960   1.8460   0.2330   0.2640      0
23254    860.795000 987.130000  20.3020   0.0440   0.5070   0.0620   0.2630      0
21389    779.774000 1009.331000  20.5520   0.1100   0.8210   0.1220   0.2630      0
65035    823.637000 1011.776000  20.4890   0.0810   0.2290   0.1570   0.2620      0
62912    777.286000 912.526000  20.6000   0.0840   1.5260   0.1610   0.2610      0
66728    868.734000 1102.615000  21.2970   0.1100   0.1070   0.1230   0.2610      0
20734    812.910000 1068.747000  20.3750   0.1550   0.2810   0.1620   0.2610      0
12151    777.591000 972.631000  20.0550   0.0590   1.0220   0.0720   0.2600      0
47054    870.924000 993.890000  21.5700   0.1220   0.0660   0.1700   0.2600      0
11425    827.751000 1106.597000  19.3450   0.0160   1.6070   0.0290   0.2590      0
21867    881.287000 957.320000  20.3550   0.1330   0.5960   0.1370   0.2590      0
16870    891.597000 953.038000  20.3900   0.1450   0.2780   0.1970   0.2590      0
63226    880.760000 927.880000  20.7510   0.0850   1.4900   0.1250   0.2580      0
38349    872.529000 979.358000  20.9100   0.0520   1.0720   0.0950   0.2570      0
66233    876.568000 1076.791000  20.6690   0.0420   1.2650   0.2480   0.2560      0
17941    823.983000 1114.549000  20.8240   0.0510   1.0500   0.1400   0.2550      0
64427    786.351000 984.682000  20.7160   0.1380   1.6070   0.2030   0.2550      0
65157    857.219000 1017.638000  20.8840   0.0650   0.9850   0.1010   0.2540      0
66104    845.389000 1070.722000  20.7190   0.0800   1.2950   0.1410   0.2540      0
31561    848.507000 909.555000  20.8210   0.0390   0.8630   0.0800   0.2530      0
14090    789.796000 1062.563000  20.7510   0.0770   1.0550   0.1050   0.2530      0
21938    819.564000 986.352000  20.1230   0.0520   1.4660   0.0790   0.2520      0
34801    815.120000 1103.902000  20.8260   0.0750   1.0460   0.1230   0.2520      0
12226    856.347000 1006.754000  20.1320   0.0790   1.4310   0.1320   0.2520      0
16076    897.914000 1028.024000  20.5770   0.0470   0.7160   0.0620   0.2510      0
63202    751.449000 927.512000  20.7980   0.0760   1.1620   0.1180   0.2500      0
66250    880.932000 1078.407000  20.5140   0.1000   0.7310   0.1120   0.2500      0
64371    868.356000 983.028000  20.7180   0.1090   0.3030   0.1310   0.2500      0
14734    883.489000 1042.802000  20.3280   0.0350   0.5080   0.0440   0.2490      0
65255    834.098000 1022.523000  20.0880   0.0840   0.8080   0.0950   0.2490      0
6197     897.564000 999.061000  18.7940   0.0100   1.8870   0.0370   0.2470      0
19281    771.870000 954.279000  20.7660   0.0620   1.0240   0.0950   0.2460      0
65345    912.318000 1029.746000  21.6030   0.1150   0.1590   0.1410   0.2460      0
28025    921.262000 990.953000  20.8070   0.0540   1.3120   0.1300   0.2450      0
64687    787.776000 996.883000  19.9190   0.0740   2.1210   0.1170   0.2440      0
27638    880.409000 1087.483000  20.9500   0.0550   1.0640   0.1030   0.2430      0
65287    855.810000 1025.350000  20.8160   0.0610   1.4470   0.1230   0.2430      0
22245    900.467000 959.260000  20.7510   0.1830   1.3970   0.2070   0.2430      0
64372    875.099000 982.428000  20.8850   0.0450   0.8380   0.0890   0.2420      0
18242    858.925000 956.570000  20.6740   0.0610   0.3420   0.0750   0.2420      0
65376    797.516000 1029.828000  18.6340   0.0220   1.7560   0.0370   0.2410      0
17844    862.484000 983.786000  20.7840   0.0520   0.9240   0.0840   0.2410      0
66461    822.085000 1089.148000  20.8470   0.0640   1.0430   0.2090   0.2400      0
15731    816.823000 958.653000  19.8450   0.0350   0.2150   0.0390   0.2390      0
12368    817.936000 974.270000  19.9860   0.0420   0.2100   0.0570   0.2390      0
33301    795.792000 1058.200000  20.9280   0.0490   0.9110   0.0890   0.2390      0
36828    921.414000 955.591000  20.8500   0.0510   0.8090   0.0760   0.2390      0
26028    795.400000 1105.076000  20.8570   0.0770   1.2110   0.1070   0.2390      0
35761    852.655000 1065.001000  21.7670   0.1900   0.0840   0.2090   0.2390      0
65583    821.561000 1044.122000  21.0220   0.0830   0.0810   0.0920   0.2380      0
39715    798.061000 1084.551000  20.8160   0.0410   0.8040   0.0650   0.2370      0
23588    925.159000 988.543000  20.9740   0.0590   1.0820   0.0870   0.2370      0
26884    907.581000 950.507000  20.8530   0.0480   1.4750   0.0980   0.2360      0
41647    814.146000 1014.575000  20.6190   0.0510   0.7510   0.0750   0.2360      0
66139    813.275000 1072.178000  20.8910   0.0780   0.8800   0.1020   0.2360      0
63569    891.692000 944.965000  21.2060   0.0890   0.1840   0.2080   0.2360      0
24398    911.443000 947.689000  20.9070   0.0910   0.9330   0.1110   0.2360      0
8291     751.109000 1077.253000  19.0050   0.0200   0.1150   0.0220   0.2350      0
27913    929.242000 1036.560000  20.5040   0.0350   1.3560   0.0760   0.2350      0
66247    747.404000 1077.523000  20.4050   0.0620   0.5720   0.0900   0.2350      0
64044    908.555000 966.522000  21.5840   0.1430   0.1860   0.1560   0.2350      0
27825    861.935000 1104.968000  20.5730   0.0400   0.6430   0.0510   0.2340      0
28524    796.251000 1052.293000  20.9510   0.0610   1.1560   0.1030   0.2340      0
42408    797.642000 996.416000  19.8200   0.0700   1.5110   0.1100   0.2340      0
32711    773.646000 1001.746000  20.7990   0.1000   0.3160   0.1270   0.2340      0
10313    833.207000 1043.433000  19.0970   0.0150  -0.1990   0.0170   0.2330      0
10975    737.644000 1005.334000  19.2240   0.0140  -0.1980   0.0170   0.2320      0
12067    886.963000 1030.606000  19.3850   0.0180   0.1040   0.0210   0.2320      0
27966    827.648000 1077.936000  20.7860   0.0390   0.3900   0.0620   0.2320      0
20635    818.565000 965.100000  20.7090   0.0850   0.3160   0.2380   0.2310      0
17142    854.945000 1051.699000  20.7900   0.0800   0.3530   0.0930   0.2300      0
12477    827.706000 1090.367000  19.3730   0.0150  -0.1070   0.0270   0.2290      0
27720    740.849000 956.317000  20.6480   0.0450   0.3640   0.0540   0.2290      0
36107    792.592000 942.908000  20.6650   0.0410   0.8910   0.0590   0.2280      0
24736    850.779000 1037.330000  20.6330   0.0420   0.7260   0.0710   0.2280      0
41024    837.263000 1096.127000  21.5820   0.1200   0.2330   0.1380   0.2280      0
64020    892.252000 965.091000  20.4200   0.0340   0.5430   0.0500   0.2260      0
65731    799.239000 1049.108000  20.6960   0.0670   0.9090   0.1240   0.2250      0
45246    886.113000 1059.811000  21.4860   0.1530   0.2290   0.1640   0.2250      0
64545    888.067000 990.386000  20.8700   0.0590   0.7770   0.0750   0.2240      0
42529    926.854000 963.698000  21.1910   0.0660   0.8740   0.0970   0.2230      0
64932    865.917000 1008.088000  20.9920   0.0690   1.0090   0.1170   0.2230      0
64842    797.466000 1002.550000  21.2680   0.0790   0.3260   0.1000   0.2230      0
65124    905.708000 1016.321000  21.2500   0.0870   0.3150   0.1090   0.2230      0
64883    768.577000 1006.462000  21.7450   0.1140   0.2500   0.1470   0.2230      0
63290    789.625000 931.811000  21.7450   0.1280   0.2280   0.1670   0.2230      0
43362    734.111000 1065.678000  21.1690   0.0600   0.8970   0.0970   0.2220      0
63013    886.111000 918.150000  21.2700   0.0640   0.7630   0.1120   0.2220      0
41629    868.554000 917.112000  21.2510   0.0720   0.7910   0.1010   0.2220      0
14837    801.363000 924.738000  20.7780   0.0890   0.8570   0.1140   0.2220      0
63864    897.397000 955.373000  21.2600   0.0940   0.3110   0.1100   0.2220      0
62791    782.334000 907.210000  21.1930   0.0630   0.9060   0.1140   0.2210      0
65119    793.733000 1016.178000  21.3000   0.0780   0.8530   0.1170   0.2210      0
65284    757.010000 1022.423000  21.2030   0.0980   0.2800   0.1610   0.2210      0
63996    758.181000 964.269000  21.2150   0.0670   0.7630   0.1160   0.2200      0
22170    735.960000 978.394000  21.1730   0.0680   0.8500   0.1150   0.2200      0
35503    878.595000 920.613000  21.3170   0.0810   0.8440   0.1190   0.2200      0
37098    855.387000 1091.644000  20.9120   0.0830   0.8070   0.1000   0.2200      0
64448    890.622000 986.236000  21.3150   0.0860   0.7860   0.1140   0.2200      0
64987    870.372000 1009.445000  21.9360   0.1560   0.2470   0.1790   0.2200      0
34862    771.541000 998.371000  21.4530   0.1570   0.2480   0.2320   0.2200      0
65951    815.937000 1061.934000  20.4630   0.0520   0.5970   0.0670   0.2190      0
37284    823.315000 904.344000  21.3340   0.0740   0.7090   0.1280   0.2190      0
64988    937.769000 1010.203000  21.2770   0.1020   0.7630   0.1300   0.2190      0
63565    743.178000 942.658000  21.9690   0.1430   0.2600   0.1820   0.2190      0
33488    788.200000 1085.501000  21.2990   0.0620   0.9290   0.1010   0.2180      0
35727    730.538000 985.414000  21.4030   0.0680   0.9850   0.1110   0.2180      0
34528    774.155000 1009.433000  21.2160   0.0710   0.9040   0.1450   0.2180      0
62894    883.722000 912.108000  21.2100   0.0770   0.9220   0.1210   0.2180      0
46876    768.564000 1045.843000  21.3710   0.0780   0.7550   0.1060   0.2180      0
65935    896.944000 1059.447000  21.3370   0.0920   0.8020   0.1460   0.2180      0
16152    806.950000 1075.697000  20.4810   0.0410   0.6410   0.0530   0.2170      0
42391    784.137000 1077.352000  21.4660   0.0700   1.0060   0.1140   0.2170      0
33660    910.073000 1010.153000  21.3120   0.0730   0.5630   0.0950   0.2170      0
63913    777.199000 959.029000  21.1940   0.0760   0.9450   0.1220   0.2170      0
35337    913.877000 1062.842000  21.1990   0.0850   0.7310   0.1200   0.2170      0
66431    759.981000 1088.458000  21.2520   0.0860   0.6400   0.1360   0.2170      0
65823    894.170000 1055.387000  21.3300   0.1080   0.7580   0.1360   0.2170      0
44982    762.854000 916.920000  22.0690   0.1430   0.3550   0.1760   0.2170      0
10921    830.539000 1011.711000  20.1040   0.0410   0.1710   0.0490   0.2160      0
64042    836.037000 965.724000  21.1460   0.0720   0.8180   0.1260   0.2160      0
30225    867.510000 1039.010000  21.2380   0.0820   0.5940   0.1170   0.2160      0
47038    876.838000 1024.371000  21.4150   0.0830   0.9010   0.1160   0.2160      0
62857    805.377000 910.706000  21.3030   0.0930   0.5780   0.1220   0.2160      0
63099    811.754000 921.736000  21.3710   0.1110   0.3340   0.1350   0.2160      0
64173    860.987000 972.719000  21.1950   0.0690   0.6830   0.1060   0.2150      0
37719    757.533000 968.767000  21.4300   0.0740   1.0680   0.1350   0.2150      0
43557    932.712000 999.182000  21.3760   0.0780   0.9880   0.1250   0.2150      0
64788    753.067000 1000.510000  20.9310   0.0880   1.8820   0.1680   0.2150      0
65550    725.240000 1038.846000  21.3690   0.0970   0.9390   0.1510   0.2150      0
41890    841.894000 939.150000  21.3840   0.1040   0.8450   0.1460   0.2150      0
46910    877.437000 1102.927000  21.8380   0.1160   0.2720   0.1580   0.2150      0
63131    804.097000 923.650000  21.2170   0.1350   0.7960   0.1580   0.2150      0
64193    800.014000 973.924000  20.0650   0.0330   1.8240   0.0900   0.2140      0
41387    727.222000 1001.908000  21.1490   0.0710   0.7570   0.0950   0.2140      0
35157    764.118000 1060.340000  21.2290   0.0840   0.5350   0.1070   0.2140      0
64789    770.984000 1001.333000  21.4440   0.1640   0.3030   0.2180   0.2140      0
63752    752.390000 953.699000  21.4520   0.0830   1.0730   0.1510   0.2130      0
38862    721.046000 974.902000  21.3810   0.0840   0.6510   0.1250   0.2130      0
65442    836.288000 1032.071000  21.1390   0.0840   0.7860   0.1460   0.2130      0
38951    909.648000 1060.967000  21.3430   0.0860   0.5240   0.1080   0.2130      0
63132    849.508000 923.920000  21.1380   0.0890   0.9270   0.1530   0.2130      0
43113    868.905000 1078.034000  21.4350   0.0900   0.9850   0.1450   0.2130      0
29324    775.365000 955.431000  21.3180   0.1180   0.5800   0.1510   0.2130      0
37854    928.434000 1015.099000  20.9790   0.0620   0.8130   0.0930   0.2120      0
23204    760.629000 920.944000  21.1710   0.0660   0.4530   0.0960   0.2120      0
64212    774.656000 975.508000  21.0960   0.0670   0.8510   0.1030   0.2120      0
66676    777.152000 1100.179000  21.1890   0.0710   0.5090   0.0910   0.2120      0
64404    895.131000 983.931000  20.9990   0.0760   0.8800   0.1450   0.2120      0
44928    918.907000 1013.406000  21.4360   0.0840   1.1230   0.1380   0.2110      0
44273    789.428000 913.794000  21.4240   0.0950   0.7880   0.1320   0.2110      0
64194    868.010000 974.008000  21.1250   0.1040   0.8450   0.1750   0.2110      0
64273    797.475000 978.485000  21.3660   0.1120   0.5090   0.1560   0.2110      0
63707    789.055000 950.618000  20.4590   0.0410   1.9150   0.1930   0.2100      0
26256    888.973000 941.823000  20.5360   0.0480   0.5770   0.0620   0.2100      0
43499    810.835000 1095.211000  21.4410   0.0880   0.8240   0.1300   0.2100      0
35380    846.418000 1090.340000  21.4020   0.0970   0.6490   0.1140   0.2100      0
39903    874.326000 1100.907000  21.4160   0.0970   0.7200   0.1470   0.2100      0
65716    781.701000 1047.961000  21.0530   0.1030   0.8100   0.1290   0.2100      0
66922    833.246000 1114.876000  21.6150   0.1600   0.2850   0.1810   0.2100      0
31557    802.134000 940.744000  20.8430   0.1760   0.8140   0.1930   0.2100      0
21872    718.141000 1005.411000  21.0780   0.0700   0.8530   0.1190   0.2090      0
41367    794.786000 951.176000  21.1660   0.0730   1.0240   0.1280   0.2090      0
63011    814.266000 918.199000  21.4090   0.0820   0.6100   0.1080   0.2090      0
41622    770.041000 1062.846000  21.5450   0.0860   1.2320   0.1770   0.2090      0
39066    852.215000 902.997000  21.4500   0.0920   0.8560   0.1310   0.2090      0
65695    849.889000 1047.436000  21.6100   0.1210   1.4370   0.2450   0.2090      0
44929    843.308000 1106.748000  22.1820   0.1960   0.4240   0.2200   0.2090      0
30764    739.500000 1018.626000  21.1600   0.0690   0.5280   0.0890   0.2080      0
33759    810.744000 976.707000  20.8060   0.0720   0.7720   0.0910   0.2080      0
80465    862.459000 962.716000  21.1840   0.0750   1.0320   0.1270   0.2080      0
65100    884.716000 1013.642000  21.3890   0.0880   0.4530   0.1090   0.2080      0
64428    904.199000 983.931000  21.5670   0.1040   1.2590   0.1820   0.2080      0
33577    775.927000 942.379000  21.4050   0.1150   0.4120   0.1350   0.2080      0
41549    727.514000 991.672000  21.0720   0.0650   0.7580   0.0910   0.2070      0
65122    860.115000 1015.240000  20.6940   0.0750   0.8020   0.1070   0.2070      0
41122    731.913000 1022.012000  21.1620   0.0770   0.5950   0.0990   0.2070      0
34772    753.324000 993.978000  21.3260   0.0800   1.0330   0.2280   0.2070      0
43697    840.402000 911.817000  21.4950   0.1010   1.2230   0.1770   0.2070      0
63710    869.644000 950.241000  21.4260   0.1090   0.7190   0.1440   0.2070      0
38322    850.265000 1097.353000  21.0260   0.0660   0.7910   0.1000   0.2060      0
65857    850.750000 1056.052000  21.1290   0.0680   0.5680   0.1650   0.2060      0
65986    867.921000 1062.209000  21.0720   0.0720   0.8400   0.1870   0.2060      0
18253    935.214000 1011.050000  21.0820   0.0750   0.8200   0.2080   0.2060      0
64018    831.740000 964.799000  21.1030   0.1030   0.7060   0.1530   0.2060      0
75865    848.847000 965.027000  21.4380   0.1650   0.3980   0.1850   0.2060      0
15860    717.257000 1001.382000  20.8690   0.0610   0.7360   0.0910   0.2050      0
38043    790.681000 1083.121000  21.4700   0.0770   0.7970   0.1820   0.2050      0
65427    764.046000 1033.227000  21.2650   0.1370   1.0600   0.2040   0.2050      0
66372    760.259000 1084.197000  20.8870   0.0740   0.7410   0.1000   0.2040      0
65856    825.467000 1056.549000  21.0880   0.1180   0.6930   0.1450   0.2040      0
63153    903.638000 925.008000  21.4410   0.1460   0.5580   0.2360   0.2040      0
63862    854.371000 959.269000  20.8590   0.1120   0.7660   0.1370   0.2020      0
65732    812.368000 1047.368000  21.4800   0.1470   0.8960   0.2060   0.2020      0
46935    779.401000 1077.300000  21.4080   0.0710   1.2270   0.1820   0.2010      0
46849    732.332000 1057.062000  21.6900   0.0950   1.2300   0.2010   0.2010      0
65343    733.180000 1028.663000  21.4520   0.0980   0.5830   0.1310   0.2010      0
46961    859.793000 977.286000  21.1390   0.0720   1.1120   0.1240   0.2000      0
63782    762.591000 954.001000  21.1130   0.0750   0.2860   0.1000   0.2000      0
27317    864.527000 1101.992000  21.0480   0.0480   0.6630   0.0750   0.1990      0
33380    730.750000 979.169000  21.0530   0.0550   0.6700   0.0790   0.1990      0
46942    820.139000 1098.318000  21.2580   0.0990   1.0980   0.1560   0.1990      0
65950    745.816000 1060.622000  22.0940   0.1700   0.5020   0.2060   0.1990      0
64447    778.354000 986.258000  20.6670   0.0640   0.7300   0.0950   0.1980      0
46989    871.916000 959.817000  21.5450   0.0730   0.3850   0.1200   0.1980      0
65694    836.781000 1046.818000  21.1030   0.0940   1.1670   0.1480   0.1980      0
66268    795.895000 1078.920000  21.5640   0.1070   1.0080   0.1590   0.1980      0
64145    899.625000 972.214000  21.5350   0.1380   0.9510   0.1800   0.1980      0
65155    801.654000 1018.448000  21.9340   0.1790   0.3540   0.2140   0.1980      0
63035    783.708000 918.737000  22.0420   0.1850   0.4330   0.2380   0.1970      0
36911    924.759000 1013.428000  21.5980   0.1970   0.3850   0.2080   0.1970      0
9150     836.407000 942.748000  18.9080   0.0190   1.5720   0.0280   0.1960      0
63355    845.039000 933.820000  21.0030   0.0680   0.7050   0.1140   0.1960      0
34097    902.302000 1033.756000  21.2430   0.0720   1.0850   0.1240   0.1960      0
12670    805.201000 921.473000  20.6730   0.1010   0.6170   0.2180   0.1960      0
11717    928.231000 1046.783000  20.1820   0.0330   0.0170   0.0380   0.1950      0
63269    856.997000 930.852000  21.1020   0.0790   0.3450   0.1120   0.1950      0
65565    815.873000 1040.039000  21.0230   0.0850   0.6750   0.1150   0.1950      0
64351    859.399000 983.892000  21.3750   0.1190   1.2450   0.2420   0.1950      0
30728    773.933000 1057.376000  20.9030   0.0670   0.3440   0.0870   0.1940      0
28363    903.887000 945.241000  21.4940   0.0920   0.6620   0.1330   0.1940      0
46872    763.552000 1044.094000  21.6220   0.0890   0.3780   0.1240   0.1930      0
66433    896.640000 1087.719000  21.4960   0.0890   0.6510   0.1350   0.1930      0
24927    864.756000 1082.851000  22.0730   0.1210   1.0160   0.2430   0.1930      0
46870    902.202000 1043.738000  22.1020   0.1360   0.8590   0.2210   0.1930      0
37655    862.011000 1034.537000  20.7050   0.0500   0.7850   0.0740   0.1920      0
66677    828.270000 1101.640000  21.0610   0.0650   1.2460   0.1070   0.1920      0
65304    825.511000 1024.697000  20.9920   0.0890   0.6820   0.1220   0.1920      0
64103    914.777000 969.334000  21.4980   0.0990   0.6180   0.1300   0.1920      0
27849    860.046000 1086.789000  20.3780   0.0420   0.3840   0.0480   0.1910      0
66140    821.690000 1072.818000  20.8470   0.0670   0.7100   0.0940   0.1910      0
46944    798.378000 1096.827000  22.0300   0.1490   0.5720   0.2450   0.1910      0
63860    783.071000 956.505000  21.5700   0.1010   0.9170   0.1650   0.1900      0
40560    765.502000 999.424000  21.5300   0.1160   0.7580   0.1530   0.1900      0
64759    822.616000 1001.204000  20.4560   0.0640   0.4460   0.0910   0.1890      0
66772    790.447000 1105.606000  21.0760   0.0640   0.4250   0.0910   0.1890      0
64502    929.175000 990.167000  21.0750   0.0730   0.4990   0.0940   0.1890      0
65176    893.753000 1018.206000  21.5530   0.0970   0.8530   0.1550   0.1890      0
66221    896.143000 1076.217000  21.7320   0.1420   1.1400   0.2300   0.1890      0
34048    843.840000 1089.707000  21.1120   0.0750   1.2540   0.1840   0.1880      0
39918    931.565000 1021.754000  21.5170   0.0890   0.6080   0.1430   0.1880      0
63960    918.751000 962.877000  21.1380   0.1100   1.2150   0.1440   0.1870      0
63783    787.331000 953.962000  21.5720   0.1360   0.4730   0.1900   0.1870      0
65051    743.748000 1012.855000  20.9370   0.0660   0.6830   0.0890   0.1860      0
64590    864.212000 992.877000  20.6340   0.0730   0.6230   0.0930   0.1860      0
65036    841.882000 1010.836000  20.5490   0.0790   0.5090   0.0930   0.1840      0
31836    885.523000 1048.421000  21.5300   0.0950   0.6220   0.1200   0.1840      0
42272    894.956000 1043.238000  21.9470   0.1260   1.0760   0.2140   0.1840      0
65480    834.137000 1037.824000  21.0340   0.0790   0.5840   0.0930   0.1830      0
25529    750.677000 1026.168000  20.9000   0.1020   0.6740   0.1280   0.1830      0
64402    750.385000 983.379000  21.9140   0.2030   0.4820   0.2340   0.1830      0
13880    800.194000 983.250000  20.5710   0.0870   0.4590   0.1030   0.1820      0
39682    732.561000 954.716000  21.7060   0.1070   0.3880   0.2090   0.1820      0
66179    754.441000 1074.383000  20.8470   0.0530   0.4230   0.1020   0.1810      0
39823    760.281000 996.627000  21.5950   0.0820   0.8860   0.1320   0.1810      0
64986    753.957000 1010.602000  21.2450   0.0920   1.2680   0.2120   0.1800      0
44806    726.778000 1032.864000  21.9760   0.1500   0.5910   0.2050   0.1800      0
66827    869.754000 1107.163000  20.6540   0.0620   0.4250   0.0800   0.1790      0
64912    876.330000 1007.350000  21.0040   0.0730   1.6760   0.1980   0.1790      0
64159    719.246000 971.615000  21.9280   0.1160   0.5220   0.1840   0.1790      0
63270    899.121000 929.579000  21.6940   0.0970   0.9880   0.1640   0.1770      0
27406    893.893000 1025.471000  21.7950   0.1070   1.0260   0.1830   0.1770      0
66156    781.206000 1072.538000  21.8550   0.1210   0.9920   0.1990   0.1750      0
18137    891.275000 1004.447000  20.7530   0.0520   0.7090   0.0690   0.1740      0
25035    801.717000 978.624000  20.6200   0.0530   0.5540   0.0760   0.1740      0
65789    901.176000 1051.514000  21.5840   0.0670   0.7930   0.1110   0.1740      0
64588    745.469000 991.979000  21.6340   0.1360   0.5190   0.1790   0.1740      0
45161    769.030000 911.223000  21.9390   0.1750   0.6280   0.2190   0.1730      0
39321    926.202000 1019.375000  21.6590   0.1030   0.8790   0.1560   0.1710      0
11043    831.304000 988.234000  20.9900   0.0960   0.4770   0.1150   0.1690      0
33648    848.351000 965.790000  20.7240   0.0880   0.6010   0.1380   0.1680      0
65584    843.809000 1039.784000  21.7460   0.0990   0.9510   0.1910   0.1680      0
41151    886.445000 1089.270000  21.9230   0.1280   0.7890   0.1730   0.1680      0
44599    779.995000 1019.859000  21.9000   0.1410   0.8360   0.1860   0.1680      0
66806    850.662000 1107.744000  19.9740   0.0330   1.5300   0.0570   0.1670      0
65641    806.572000 1043.038000  20.6420   0.0480   0.5680   0.0750   0.1670      0
62964    800.828000 916.069000  21.6660   0.1120   0.4970   0.1410   0.1660      0
66696    787.470000 1101.026000  21.8940   0.1220   0.5680   0.1560   0.1660      0
40689    724.983000 978.061000  21.7540   0.1390   0.8480   0.1950   0.1660      0
47012    761.761000 957.770000  20.9990   0.0700   0.3490   0.0920   0.1650      0
46937    816.785000 1077.613000  20.7360   0.0530   0.6800   0.0740   0.1630      0
27830    745.424000 954.243000  20.9960   0.0600   0.5200   0.0760   0.1620      0
44360    838.555000 1102.970000  21.8590   0.1310   0.6920   0.1720   0.1580      0
28266    924.375000 992.932000  21.1800   0.0650   1.6940   0.1620   0.1530      0
31533    764.025000 937.508000  20.7940   0.0640   0.4950   0.0960   0.1520      0
19153    903.470000 1012.364000  20.9220   0.0530   0.4400   0.0870   0.1510      0
39803    904.282000 1067.721000  21.7450   0.1070   0.6990   0.1490   0.1480      0
65441    828.267000 1032.495000  20.8090   0.0500   0.6230   0.0670   0.1470      0
