#mag    e_mag    col1   e_col1    m_ini
22.1532    0.1061   0.6911   0.1377   2.1532
22.1941    0.1057   0.8011   0.1371   2.1567
22.2655    0.1046   0.7490   0.1357   2.1650
22.2737    0.1053   0.8266   0.1366   2.1595
22.1165    0.1046   1.0380   0.1357   2.1650
23.1410    0.1437   0.8033   0.1831   1.1154
21.8995    0.0943   0.7229   0.1231   2.2432
22.0791    0.0970   0.7688   0.1264   2.2219
22.6460    0.1223   0.8572   0.1574   1.1831
22.8965    0.1460   0.6884   0.1858   1.1090
21.7827    0.0847   0.8811   0.1111   2.3447
22.6928    0.1307   0.4057   0.1675   1.1544
22.0709    0.0961   0.7336   0.1253   2.2288
22.5432    0.1223   0.6126   0.1574   1.1831
22.3765    0.1244   0.4762   0.1599   1.1760
22.0229    0.0943   0.7903   0.1231   2.2432
22.1794    0.0979   0.6018   0.1275   2.2155
22.0285    0.0952   0.7882   0.1242   2.2360
22.0417    0.0917   0.6882   0.1198   2.2647
22.7008    0.1285   0.9137   0.1649   1.1616
21.9815    0.0996   0.6607   0.1296   2.2027
22.1385    0.0970   0.6837   0.1264   2.2219
22.6151    0.1264   1.0062   0.1624   1.1688
21.9361    0.0898   0.8167   0.1175   2.2906
22.2952    0.1148   0.4856   0.1482   1.2118
22.2606    0.1048   0.5778   0.1360   1.2548
21.5694    0.0762   0.5233   0.1003   2.4451
22.3193    0.1148   0.7012   0.1482   1.2118
21.3736    0.0696   0.8041   0.0919   2.5384
22.0251    0.1048   0.5509   0.1360   1.2548
22.0578    0.1004   0.6648   0.1307   1.2764
21.8363    0.0781   0.6529   0.1028   2.4164
22.4428    0.1130   0.5442   0.1461   1.2190
21.6631    0.0848   0.7696   0.1112   2.3221
21.5934    0.0790   0.5837   0.1039   2.4093
21.8644    0.0841   0.8728   0.1103   2.3366
21.7772    0.0874   0.5042   0.1144   2.3005
21.9713    0.0977   0.6877   0.1272   1.2907
21.6956    0.0840   0.6732   0.1102   2.3292
21.7797    0.0990   0.6099   0.1289   1.2835
22.2453    0.0990   0.5721   0.1289   1.2835
21.6530    0.0840   0.6942   0.1102   2.3292
21.6064    0.0761   0.4383   0.1003   2.4380
21.6225    0.0815   0.6453   0.1071   2.3695
22.0498    0.1033   0.5476   0.1342   1.2620
22.3090    0.1004   0.6431   0.1307   1.2764
21.3413    0.0714   0.5741   0.0943   2.4987
21.4513    0.0706   0.4824   0.0933   2.4698
21.9238    0.0950   0.5827   0.1239   1.3053
21.5327    0.0738   0.6849   0.0973   2.4297
21.2535    0.0663   0.6121   0.0876   2.5829
21.9626    0.0920   0.4515   0.1202   1.3227
21.4587    0.0711   0.5065   0.0939   2.4798
21.9483    0.0936   0.6209   0.1222   1.3132
21.1901    0.0636   0.5865   0.0842   2.6265
21.2636    0.0692   0.8365   0.0914   2.5255
21.3246    0.0654   0.6311   0.0865   2.6062
21.5321    0.0714   0.4726   0.0942   2.4947
21.4223    0.0686   0.5167   0.0906   2.5355
21.4129    0.0730   0.4979   0.0963   2.4388
21.5905    0.0847   0.5935   0.1111   1.3701
21.7829    0.0831   0.3595   0.1090   1.3816
21.1975    0.0623   0.4234   0.0825   2.6623
21.0442    0.0586   0.5586   0.0777   2.7367
21.6071    0.0807   0.5930   0.1061   1.3989
21.7100    0.0831   0.5682   0.1090   1.3816
21.4174    0.0699   0.4153   0.0923   2.5055
21.1894    0.0616   0.5168   0.0816   2.6767
21.1556    0.0594   0.5035   0.0787   2.7037
20.7937    0.0540   0.4777   0.0716   2.8376
21.4000    0.0695   0.4722   0.0918   1.4979
21.2048    0.0606   0.4765   0.0803   2.6805
21.7803    0.0799   0.3114   0.1050   1.4055
21.2563    0.0651   0.5712   0.0862   2.5342
20.7647    0.0521   0.3806   0.0691   2.8979
21.3438    0.0647   0.3793   0.0856   2.5395
21.5985    0.0750   0.4412   0.0988   1.4465
21.5384    0.0741   0.5189   0.0976   1.4546
21.0969    0.0564   0.5196   0.0748   2.7872
20.8636    0.0555   0.3472   0.0736   2.8060
21.1398    0.0623   0.5134   0.0825   2.6453
21.3647    0.0689   0.6378   0.0910   2.4868
21.6050    0.0750   0.3377   0.0988   1.4465
21.2942    0.0701   0.2947   0.0925   1.4922
21.6113    0.0746   0.4090   0.0983   1.4500
21.2056    0.0668   0.4762   0.0883   2.5406
21.8518    0.0782   0.5070   0.1029   1.4192
21.4139    0.0679   0.6418   0.0898   2.5043
21.4528    0.0723   0.3209   0.0954   1.4703
21.2152    0.0643   0.5731   0.0851   2.5447
20.5456    0.0485   0.4075   0.0643   2.9952
21.3117    0.0688   0.3089   0.0909   1.5045
20.8903    0.0577   0.5039   0.0765   2.6718
21.0739    0.0597   0.5380   0.0791   2.6219
20.7064    0.0506   0.4098   0.0672   2.8981
20.7891    0.0513   0.3961   0.0680   2.9103
21.3951    0.0684   0.3365   0.0903   1.5093
21.3007    0.0639   0.3222   0.0845   1.5595
21.3556    0.0639   0.3895   0.0845   1.5595
21.0401    0.0619   0.3993   0.0820   1.5836
20.5831    0.0472   0.4387   0.0626   3.0450
20.9345    0.0574   0.5205   0.0760   2.7306
20.5028    0.0455   0.3441   0.0604   3.1026
20.8108    0.0545   0.4648   0.0723   2.8096
20.7456    0.0529   0.4856   0.0701   2.8431
20.8537    0.0526   0.3315   0.0698   2.8479
20.7915    0.0515   0.3732   0.0683   2.8669
21.2578    0.0675   0.3680   0.0892   1.5189
21.2001    0.0647   0.3212   0.0856   1.5500
20.6178    0.0485   0.2874   0.0643   2.8890
20.7262    0.0536   0.3745   0.0711   2.7670
21.0114    0.0581   0.2340   0.0771   1.6314
20.9765    0.0551   0.2135   0.0731   1.6732
20.6226    0.0472   0.3714   0.0626   2.9756
20.8738    0.0558   0.2351   0.0740   1.6632
20.2594    0.0415   0.2405   0.0549   3.2515
20.4839    0.0448   0.3207   0.0594   3.1014
20.8589    0.0567   0.2446   0.0752   1.6502
21.0544    0.0569   0.2121   0.0754   1.6482
21.0443    0.0556   0.0987   0.0738   1.6657
20.9558    0.0541   0.2384   0.0718   1.6869
20.8441    0.0535   0.2344   0.0710   1.6961
20.8516    0.0539   0.3787   0.0715   2.7453
20.7337    0.0507   0.4338   0.0672   2.8489
21.0098    0.0570   0.2291   0.0756   1.6462
20.4388    0.0444   0.2600   0.0588   3.0497
20.7344    0.0530   0.2114   0.0704   1.7030
20.7076    0.0498   0.2182   0.0661   1.7524
20.0412    0.0380   0.1505   0.0500   3.3828
20.3605    0.0449   0.4407   0.0595   3.0507
20.1979    0.0407   0.2964   0.0538   3.2329
20.0040    0.0368   0.1811   0.0485   3.4686
20.5981    0.0475   0.1555   0.0629   1.7897
20.7207    0.0488   0.1935   0.0647   1.7689
20.5786    0.0464   0.1780   0.0614   2.9842
20.5083    0.0444   0.1489   0.0589   3.0712
20.8621    0.0527   0.1756   0.0699   1.7079
20.7141    0.0485   0.3084   0.0643   1.7731
20.8204    0.0524   0.1016   0.0695   1.7128
20.3279    0.0426   0.2421   0.0564   1.8697
20.0553    0.0385   0.2493   0.0508   3.3301
19.8625    0.0350   0.1758   0.0459   3.5535
20.2528    0.0423   0.1657   0.0560   1.8742
19.9982    0.0380   0.1475   0.0501   3.3476
19.8865    0.0353   0.1625   0.0464   3.4966
20.3275    0.0429   0.0250   0.0567   1.8652
20.4203    0.0446   0.1923   0.0591   1.8362
19.8081    0.0349   0.2077   0.0458   3.5283
20.3692    0.0434   0.1875   0.0575   1.8562
19.8337    0.0353   0.1807   0.0463   3.5148
20.5584    0.0468   0.1539   0.0620   1.8011
19.7858    0.0346   0.2486   0.0454   3.4877
19.9866    0.0385   0.1900   0.0508   1.9394
19.9145    0.0360   0.2129   0.0473   1.9830
20.0068    0.0375   0.2088   0.0495   1.9561
19.6612    0.0329   0.1778   0.0430   3.4593
20.1769    0.0403   0.1700   0.0532   1.9089
20.1542    0.0402   0.1182   0.0531   1.9105
19.8743    0.0357   0.1949   0.0468   3.4052
19.9061    0.0355   0.2171   0.0466   1.9920
19.6747    0.0324   0.1420   0.0423   3.6562
19.5878    0.0324   0.1917   0.0424   3.6494
19.6793    0.0323   0.1708   0.0422   2.0468
19.7825    0.0336   0.1923   0.0440   2.0246
19.7483    0.0330   0.2099   0.0432   2.0348
19.6765    0.0326   0.1789   0.0426   2.0420
19.4305    0.0295   0.2181   0.0382   3.6578
19.8193    0.0344   0.1630   0.0451   2.0100
19.7309    0.0330   0.2923   0.0432   2.0348
19.8103    0.0336   0.1732   0.0440   2.0246
19.4805    0.0300   0.2223   0.0390   3.5012
18.7293    0.0237   0.2683   0.0298   4.1516
19.2846    0.0285   0.3510   0.0368   2.1159
18.9907    0.0256   1.5459   0.0325   2.1901
19.1782    0.0271   1.5807   0.0347   2.1558
18.8903    0.0248   1.7540   0.0314   2.1462
19.2860    0.0283   0.3884   0.0365   2.1206
19.0463    0.0259   1.6380   0.0330   2.1477
19.0372    0.0260   1.5253   0.0332   2.1801
18.9624    0.0254   1.6047   0.0323   2.1934
18.9653    0.0254   1.6305   0.0323   2.1934
18.3335    0.0210   1.7369   0.0258   2.3000
18.4905    0.0218   1.0125   0.0270   4.1953
18.0642    0.0196   1.5691   0.0237   4.4206
18.4504    0.0217   0.9378   0.0268   4.2321
18.3992    0.0212   1.7329   0.0261   2.2961
18.4350    0.0216   1.6673   0.0267   2.2877
18.6068    0.0225   1.5746   0.0280   2.2612
18.6130    0.0225   1.6050   0.0280   2.2612
17.3118    0.0166   1.9050   0.0190   4.1824
