#ID x y mag e_mag col1 e_col1 memb_prob sel
22329    1521.390000 1025.118000  17.6650   0.0080  -0.5940   0.0140   0.9850      1
21216    1497.953000 979.555000  16.3860   0.0560  -0.2990   0.0570   0.9830      1
21993    1501.484000 1012.009000  17.6620   0.0410  -0.7950   0.0410   0.9810      1
19507    1500.972000 910.948000  17.6880   0.0090  -0.6090   0.0110   0.9750      1
21419    1527.759000 987.536000  15.7050   0.0590  -0.4520   0.0600   0.9500      1
21531    1470.296000 992.614000  17.0840   0.0220  -0.3240   0.0470   0.9370      1
21130    1507.935000 976.089000  16.2580   0.0330  -0.4010   0.0440   0.9340      1
21966    1511.935000 1010.973000  18.8250   0.0600  -0.7880   0.0640   0.9230      1
23023    1538.536000 1054.190000  16.3960   0.0060  -0.5950   0.0100   0.9210      1
23366    1501.451000 1068.059000  16.3840   0.0080  -0.5910   0.0080   0.9210      1
20516    1480.026000 951.041000  20.3200   0.0600  -1.6020   0.0800   0.9200      1
21284    1505.000000 982.024000  17.7100   0.0620  -0.7020   0.0750   0.9200      1
21450    1464.538000 988.967000  19.0020   0.0530  -1.0260   0.0600   0.9170      1
22028    1521.985000 1013.679000  18.9280   0.0290  -0.6940   0.0300   0.9120      1
21987    1516.128000 1011.816000  20.5410   0.0950  -1.1370   0.1030   0.9100      1
21263    1432.441000 981.312000  17.5850   0.0130  -0.5490   0.0150   0.9090      1
21895    1515.639000 1007.898000  18.9010   0.0160  -0.6700   0.0280   0.9090      1
22305    1481.548000 1024.026000  17.5480   0.0170  -0.2570   0.0420   0.9090      1
21900    1545.887000 1008.082000  20.4860   0.0600  -0.7920   0.0650   0.9050      1
20973    1521.309000 969.898000  17.5180   0.0330  -0.3330   0.0390   0.9000      1
21680    1471.113000 999.223000  17.7650   0.0200  -0.6850   0.0290   0.8990      1
21746    1510.037000 1001.871000  16.6000   0.0300  -0.3880   0.0360   0.8950      1
21280    1472.258000 981.777000  16.0620   0.0320  -0.3220   0.0340   0.8950      1
19157    1526.839000 896.853000  20.9220   0.0840  -1.6130   0.1190   0.8950      1
20935    1558.222000 968.639000  17.5950   0.0160  -0.5710   0.0330   0.8940      1
20863    1498.751000 965.395000  15.8120   0.0390  -0.5420   0.0400   0.8930      1
20471    1498.632000 948.923000  17.6390   0.0150  -0.3050   0.0330   0.8920      1
20813    1553.672000 963.291000  20.5930   0.0510  -0.8480   0.0620   0.8890      1
22532    1522.924000 1032.858000  16.7980   0.0140  -0.5790   0.0140   0.8880      1
21667    1476.688000 998.777000  16.1010   0.0190  -0.4500   0.0280   0.8850      1
22123    1516.393000 1017.734000  20.9540   0.1080  -1.2370   0.1190   0.8830      1
21212    1443.250000 979.232000  20.4220   0.0510  -0.7470   0.0690   0.8800      1
21254    1437.615000 981.097000  17.7470   0.0260  -0.6260   0.0310   0.8780      1
22436    1436.959000 1029.255000  19.5010   0.0320  -0.6860   0.0430   0.8780      1
22773    1501.351000 1043.355000  19.3750   0.0230  -0.5600   0.0280   0.8760      1
21887    1506.977000 1007.419000  19.1110   0.0740  -1.1900   0.0780   0.8730      1
20784    1461.493000 961.863000  20.9870   0.1280  -1.3210   0.1870   0.8720      1
20007    1560.107000 930.668000  18.8520   0.0110  -0.5270   0.0130   0.8710      1
20859    1540.193000 965.330000  20.5950   0.0380  -0.7490   0.0730   0.8600      1
21596    1454.020000 995.617000  16.7320   0.0090  -0.5980   0.0100   0.8570      1
20407    1492.345000 946.004000  19.2920   0.0520  -0.9420   0.0610   0.8570      1
20663    1503.018000 957.039000  15.9430   0.0180  -0.3540   0.0220   0.8560      1
21587    1472.152000 995.321000  17.5140   0.0320  -0.9750   0.0430   0.8550      1
21200    1471.152000 978.896000  16.3900   0.0350  -0.6450   0.0450   0.8540      1
21748    1477.632000 1001.936000  17.6690   0.0320  -0.9850   0.0370   0.8520      1
21649    1411.597000 998.026000  19.7580   0.0350  -0.4790   0.0440   0.8480      1
21475    1423.947000 990.146000  19.1700   0.0710   0.3010   0.0740   0.8470      1
21726    1530.083000 1001.274000  19.1500   0.0510  -1.0380   0.1220   0.8450      1
21958    1527.251000 1010.712000  16.6240   0.0260  -0.2040   0.0270   0.8430      1
22195    1568.247000 1020.152000  17.9030   0.0180  -0.5040   0.0190   0.8410      1
21607    1528.436000 995.956000  19.3830   0.0660  -0.7910   0.1050   0.8410      1
20397    1453.192000 945.576000  17.9070   0.0120  -0.4770   0.0150   0.8400      1
20102    1548.286000 933.956000  19.6390   0.0190  -0.4180   0.0220   0.8400      1
21486    1477.732000 990.673000  16.6840   0.0200  -0.5540   0.0420   0.8400      1
21852    1440.791000 1006.070000  18.6500   0.0140  -0.4730   0.0180   0.8380      1
22334    1527.291000 1025.256000  19.6620   0.0260  -0.4630   0.0300   0.8370      1
21754    1517.213000 1002.258000  18.9670   0.0710  -0.7310   0.0860   0.8360      1
20081    1418.259000 933.389000  18.6390   0.0110  -0.4670   0.0130   0.8330      1
21381    1533.911000 985.974000  17.1730   0.0150  -0.5150   0.0170   0.8330      1
20204    1551.739000 937.863000  19.3210   0.0180  -0.5120   0.0210   0.8330      1
22891    1484.779000 1048.180000  19.7260   0.0270  -0.4290   0.0300   0.8320      1
21496    1449.496000 991.216000  19.8720   0.0330  -0.9270   0.0370   0.8310      1
22242    1531.734000 1021.626000  19.8520   0.0640  -0.6820   0.0680   0.8280      1
20176    1487.480000 936.701000  19.5430   0.0340  -0.5460   0.0440   0.8260      1
20639    1523.923000 955.791000  19.3340   0.0380  -0.5430   0.0450   0.8260      1
20280    1428.172000 941.064000  19.6420   0.0250  -0.4100   0.0280   0.8250      1
22918    1550.297000 1049.351000  19.6610   0.0190  -0.5500   0.0230   0.8210      1
22215    1461.766000 1020.638000  16.6380   0.0140  -0.6480   0.0150   0.8200      1
20580    1472.496000 953.556000  17.9300   0.0130  -0.4800   0.0180   0.8170      1
23176    1533.144000 1060.598000  20.3540   0.0770  -0.7310   0.0890   0.8170      1
21490    1505.549000 991.080000  17.1860   0.0230  -0.4810   0.0320   0.8140      1
19887    1440.466000 925.811000  15.1640   0.0090  -0.6600   0.0100   0.8100      1
21225    1513.136000 979.903000  15.1700   0.0110  -0.7170   0.0180   0.8100      1
20786    1564.060000 961.952000  18.8730   0.0180  -0.5010   0.0220   0.8100      1
20851    1489.024000 964.922000  15.4040   0.0590  -0.5670   0.0620   0.8090      1
21991    1577.059000 1011.905000  19.8710   0.0330  -0.5910   0.0350   0.8080      1
19232    1526.202000 900.277000  18.7600   0.0210  -0.6490   0.0300   0.8060      1
20556    1577.600000 952.594000  19.0170   0.0150  -0.5330   0.0170   0.8050      1
21363    1565.205000 985.202000  18.7770   0.0140  -0.3240   0.0160   0.8040      1
20381    1503.529000 944.670000  18.8790   0.0270   0.2810   0.0470   0.8020      1
21721    1539.508000 1001.137000  18.3960   0.0550   0.1860   0.0890   0.8010      1
22312    1535.478000 1024.210000  19.6050   0.0270  -0.4320   0.0340   0.7970      1
21285    1552.647000 982.035000  19.8000   0.0450  -0.5490   0.0500   0.7940      1
20596    1590.749000 954.096000  18.6740   0.0160  -0.4930   0.0180   0.7920      1
21735    1552.155000 1001.586000  18.1270   0.0110   0.9060   0.0260   0.7910      1
22577    1553.663000 1034.465000  18.8830   0.0160  -0.4860   0.0190   0.7870      1
22199    1481.829000 1020.214000  18.9330   0.0420  -0.6070   0.0630   0.7840      1
21516    1560.075000 992.037000  18.1630   0.0180   0.2640   0.0250   0.7830      1
22275    1484.249000 1022.808000  16.9220   0.0210  -0.3480   0.0300   0.7760      1
19770    1499.939000 921.162000  15.9190   0.0080  -0.1760   0.0090   0.7730      1
21120    1504.486000 975.775000  15.3850   0.0450  -0.6690   0.0470   0.7710      1
20656    1507.241000 956.662000  16.0000   0.0140  -0.5410   0.0150   0.7700      1
22511    1432.759000 1032.199000  19.6300   0.0230  -0.3640   0.0260   0.7700      1
22245    1545.662000 1021.727000  19.6790   0.0220  -0.3940   0.0310   0.7670      1
21976    1538.229000 1011.352000  19.0150   0.0220  -0.3870   0.0310   0.7630      1
21389    1503.404000 986.192000  17.6690   0.0540  -0.3940   0.0600   0.7590      1
21659    1535.073000 998.485000  15.1070   0.0100  -0.5690   0.0110   0.7580      1
22115    1478.699000 1017.112000  17.3250   0.0100  -0.5560   0.0120   0.7560      1
21131    1526.029000 976.153000  16.5850   0.0540  -0.7610   0.0620   0.7550      1
21656    1524.889000 998.387000  16.8590   0.0440  -0.4360   0.0460   0.7520      1
21293    1540.569000 982.512000  17.7070   0.0290  -0.4670   0.0320   0.7490      1
19493    1452.594000 910.016000  18.4080   0.0100   0.8410   0.0140   0.7480      1
21393    1542.698000 986.316000  17.2810   0.0230  -0.4720   0.0250   0.7470      1
22297    1459.102000 1023.809000  19.8650   0.0820  -1.5800   0.0880   0.7470      1
20744    1527.759000 959.916000  19.8050   0.0450  -0.4410   0.0540   0.7460      1
20991    1459.858000 970.627000  20.7810   0.0890  -0.8020   0.1130   0.7440      1
20762    1516.743000 960.851000  18.2650   0.0260   0.9830   0.0470   0.7390      1
22290    1472.679000 1023.468000  19.7110   0.0980  -0.4820   0.0990   0.7380      1
21936    1491.882000 1009.701000  19.0150   0.0700   0.1480   0.0900   0.7360      1
22006    1440.166000 1012.540000  20.5380   0.0540  -0.5960   0.0630   0.7350      1
21168    1424.272000 977.618000  19.7390   0.0900  -0.5040   0.1120   0.7320      1
22533    1577.375000 1032.875000  18.4940   0.0230  -0.6530   0.0240   0.7290      1
20106    1575.540000 934.139000  18.1250   0.0120  -0.3190   0.0130   0.7280      1
20748    1512.307000 960.007000  17.2000   0.0180  -0.6030   0.0210   0.7250      1
20419    1483.258000 946.615000  18.8630   0.0180  -0.3310   0.0220   0.7250      1
21488    1553.053000 990.895000  17.8940   0.0130  -0.6070   0.0170   0.7240      1
20492    1466.366000 950.062000  20.6940   0.0500  -0.6480   0.0620   0.7240      1
21779    1498.372000 1003.266000  17.4330   0.0290  -0.6090   0.0360   0.7230      1
20197    1463.782000 937.556000  21.4990   0.1240  -0.9000   0.1300   0.7230      1
20424    1554.474000 946.795000  19.3780   0.0220  -0.0520   0.0270   0.7220      1
21104    1456.310000 975.298000  19.7720   0.0380  -0.4180   0.0650   0.7220      1
21997    1475.729000 1012.206000  19.9250   0.0430  -0.5180   0.0500   0.7130      1
20357    1448.453000 943.784000  18.8990   0.0160  -0.4510   0.0190   0.7100      1
22414    1521.626000 1028.623000  18.8120   0.0210  -0.3860   0.0330   0.7100      1
21646    1553.426000 997.666000  19.4300   0.0420  -0.5000   0.0540   0.7090      1
20268    1515.572000 940.768000  20.6810   0.0940  -0.6500   0.1000   0.7070      1
20891    1514.739000 966.432000  17.9070   0.0390  -0.4630   0.0540   0.7060      1
21920    1445.708000 1008.973000  19.4390   0.0270  -0.1920   0.0310   0.7050      1
19281    1489.144000 902.180000  18.8280   0.0300  -0.3520   0.0460   0.7030      1
22563    1427.972000 1033.934000  19.8410   0.0950  -0.5040   0.0960   0.7020      1
22048    1484.863000 1014.690000  18.0960   0.0180  -0.4530   0.0230   0.7000      1
21846    1549.976000 1005.864000  18.6890   0.0390  -0.5740   0.0400   0.6980      1
20622    1566.855000 955.257000  18.0670   0.0080  -0.5660   0.0100   0.6960      1
18795    1492.126000 882.504000  18.6840   0.0100  -0.4520   0.0220   0.6950      1
20515    1509.313000 951.036000  18.7510   0.0240  -0.2880   0.0330   0.6940      1
23144    1490.620000 1059.481000  19.0590   0.0120  -0.3900   0.0140   0.6900      1
20670    1521.804000 957.344000  19.2330   0.0850  -0.6660   0.0970   0.6890      1
20598    1481.859000 954.106000  16.9700   0.0130  -0.5660   0.0510   0.6860      1
19708    1531.668000 918.826000  19.7570   0.0260  -0.3750   0.0290   0.6840      1
19692    1539.215000 918.195000  18.3550   0.0620   0.9210   0.1040   0.6840      1
22351    1495.212000 1026.105000  20.4770   0.0720  -0.5690   0.0760   0.6830      1
20300    1457.399000 941.806000  19.5400   0.0210  -0.2280   0.0270   0.6800      1
19698    1481.868000 918.353000  18.2100   0.0110  -0.3860   0.0120   0.6790      1
22566    1543.181000 1034.006000  19.4950   0.0410  -0.1540   0.0460   0.6790      1
21175    1540.141000 977.862000  19.8150   0.0520  -0.4250   0.0700   0.6730      1
20029    1463.741000 931.641000  21.3540   0.1130  -0.7600   0.1180   0.6730      1
20946    1544.225000 969.045000  18.6100   0.0180   0.9870   0.0350   0.6720      1
20555    1500.300000 952.586000  17.1180   0.0230  -0.6420   0.0320   0.6710      1
22134    1500.182000 1018.107000  19.4930   0.0230  -0.2710   0.0350   0.6710      1
18950    1481.934000 889.081000  19.5100   0.0250  -0.2870   0.0390   0.6690      1
21353    1516.548000 984.797000  17.1420   0.0260  -1.1640   0.0470   0.6670      1
21663    1480.180000 998.687000  17.0250   0.0300  -1.0900   0.0480   0.6670      1
22118    1420.571000 1017.396000  18.5420   0.0210   0.4550   0.0400   0.6650      1
21520    1515.133000 992.185000  18.8270   0.0600  -0.4770   0.0690   0.6640      1
18823    1547.835000 883.687000  18.4950   0.0100   1.5840   0.0350   0.6630      1
20887    1464.700000 966.284000  15.2440   0.0060  -0.3400   0.0080   0.6600      1
22808    1495.442000 1045.057000  20.0630   0.0320  -0.5860   0.0470   0.6540      1
19705    1432.368000 918.701000  21.5610   0.0800  -0.6670   0.0920   0.6540      1
21893    1470.271000 1007.781000  18.5240   0.0140  -0.5570   0.0170   0.6510      1
20227    1540.416000 938.922000  18.7240   0.0160  -0.5120   0.0230   0.6510      1
18791    1479.877000 882.189000  18.5290   0.0150   1.5670   0.0250   0.6490      1
21825    1433.780000 1004.839000  18.9980   0.0160   1.6840   0.0390   0.6480      1
21589    1446.513000 995.362000  20.0090   0.1200  -0.6130   0.1230   0.6460      1
20821    1593.043000 963.849000  19.4670   0.0670  -0.4680   0.0820   0.6450      1
21837    1459.777000 1005.402000  19.5240   0.0290  -0.3830   0.0320   0.6440      1
23046    1547.890000 1055.086000  18.5450   0.0110   1.5820   0.0200   0.6430      1
20033    1509.297000 931.740000  19.5060   0.0470  -0.4100   0.0500   0.6430      1
19082    1554.634000 894.203000  19.0160   0.0440  -0.5250   0.0460   0.6370      1
19092    1444.782000 894.518000  19.1080   0.0140   1.7030   0.0300   0.6360      1
20676    1553.662000 957.530000  18.1980   0.0100  -0.4840   0.0150   0.6330      1
21561    1542.757000 994.027000  18.9660   0.0330  -0.3740   0.0400   0.6320      1
22907    1515.667000 1048.828000  19.1980   0.0160  -0.4560   0.0270   0.6290      1
22726    1524.587000 1041.111000  19.4020   0.0340  -0.0550   0.0790   0.6290      1
22243    1521.601000 1021.680000  19.5090   0.0370  -0.1230   0.0980   0.6280      1
20865    1519.388000 965.472000  19.5810   0.0790  -0.3740   0.1670   0.6270      1
20416    1530.084000 946.429000  18.0160   0.0380   0.9300   0.0420   0.6250      1
20845    1454.292000 964.691000  18.6310   0.0300  -0.4380   0.0310   0.6240      1
20141    1515.739000 935.242000  19.8520   0.0270  -0.3890   0.0300   0.6230      1
20008    1501.312000 930.673000  19.5510   0.0320  -0.2760   0.0350   0.6230      1
19167    1518.901000 897.472000  18.9870   0.0390  -0.3570   0.0410   0.6230      1
21885    1540.216000 1007.395000  19.4970   0.0340  -0.3580   0.0410   0.6220      1
20563    1423.342000 952.859000  19.5620   0.0260  -0.2630   0.0310   0.6190      1
21379    1467.400000 985.809000  19.7390   0.0680  -0.3650   0.0930   0.6190      1
22113    1544.690000 1017.024000  18.9720   0.0710  -0.4460   0.0720   0.6140      1
19987    1490.816000 929.875000  17.9870   0.0080  -0.5880   0.0110   0.6080      1
21580    1551.929000 995.007000  19.2490   0.0430   0.4910   0.0970   0.6080      1
20279    1492.714000 941.052000  19.2570   0.0380  -0.0820   0.0450   0.6050      1
20393    1576.282000 945.519000  20.5130   0.0620  -0.5170   0.0760   0.6000      1
22192    1561.505000 1020.105000  21.4020   0.1000  -0.6140   0.1110   0.6000      1
20750    1473.058000 960.174000  19.2280   0.0450  -0.5110   0.0630   0.5980      1
19391    1565.913000 906.244000  19.6040   0.0220   0.1250   0.0300   0.5940      1
20037    1456.327000 931.827000  19.7350   0.0400  -0.3420   0.0420   0.5900      1
21297    1413.396000 982.646000  19.7910   0.0580  -0.3620   0.0600   0.5890      1
20976    1512.468000 970.124000  18.2570   0.0590  -0.2180   0.0840   0.5890      1
19249    1566.659000 900.944000  19.4610   0.0190  -0.3610   0.0300   0.5880      1
21201    1402.973000 978.978000  20.0850   0.0220  -0.4310   0.0270   0.5860      1
20247    1483.938000 939.626000  20.6400   0.0710  -0.6550   0.2010   0.5860      1
20123    1557.229000 934.783000  19.0160   0.0110   1.8420   0.0330   0.5850      1
21458    1536.258000 989.416000  18.9350   0.0400  -0.3980   0.0740   0.5840      1
21595    1423.737000 995.553000  20.2840   0.0900  -0.5980   0.0950   0.5830      1
19075    1470.149000 893.977000  19.1590   0.0170  -0.4530   0.0240   0.5770      1
20461    1443.057000 948.467000  18.5280   0.0120  -0.3020   0.0320   0.5760      1
20225    1529.576000 938.825000  20.4920   0.0530  -0.4850   0.0620   0.5680      1
22046    1489.369000 1014.612000  19.1670   0.0570  -0.0270   0.1140   0.5680      1
21619    1443.685000 996.610000  20.7840   0.0760  -0.5790   0.0830   0.5670      1
22850    1443.391000 1046.745000  19.7650   0.0590   0.6020   0.0640   0.5650      1
21275    1462.081000 981.638000  19.4680   0.0730   0.0440   0.0790   0.5620      1
21501    1444.494000 991.411000  21.6140   0.1370  -0.6910   0.1660   0.5580      1
22264    1437.251000 1022.508000  19.4250   0.0150  -0.2870   0.0190   0.5560      1
21864    1533.562000 1006.501000  19.6130   0.0570   0.3250   0.1020   0.5560      1
22099    1550.351000 1016.457000  19.4190   0.0190  -0.2760   0.0640   0.5550      1
20651    1467.335000 956.258000  19.5850   0.0350  -0.2520   0.0460   0.5550      1
19506    1514.344000 910.778000  19.0750   0.0160   1.6860   0.0380   0.5480      1
19246    1546.109000 900.809000  18.7940   0.0100   1.9540   0.0270   0.5470      1
20806    1509.137000 962.921000  18.2790   0.0560  -0.2390   0.0740   0.5460      1
20498    1556.365000 950.268000  18.4840   0.0110  -0.5020   0.0140   0.5440      1
20867    1531.030000 965.493000  19.3040   0.0970  -0.0320   0.1100   0.5440      1
20428    1437.042000 946.873000  19.1230   0.0130   1.6850   0.0550   0.5430      1
21217    1458.083000 979.604000  19.8520   0.0400   0.5850   0.0980   0.5420      1
22560    1557.608000 1033.870000  18.4510   0.0120  -0.4350   0.0130   0.5400      1
20999    1403.784000 971.126000  20.6240   0.1520  -0.5630   0.1530   0.5390      1
22799    1439.974000 1044.676000  19.5040   0.0480   2.6760   0.1610   0.5370      1
22309    1466.541000 1024.106000  19.8380   0.0340  -0.3580   0.0690   0.5330      1
20412    1487.997000 946.188000  19.3030   0.0420  -2.1230   0.0670   0.5320      1
20450    1572.742000 947.927000  20.4270   0.0690  -0.4780   0.0980   0.5310      1
21425    1415.214000 987.862000  19.6060   0.0260  -0.1750   0.0370   0.5290      1
21084    1438.695000 974.807000  19.3970   0.0500  -0.2030   0.0530   0.5280      1
20964    1485.446000 969.652000  12.6490   0.0250   0.4470   0.0260   0.5250      1
21250    1522.792000 980.921000  13.3050   0.0400  -0.2030   0.0410   0.5250      1
19795    1465.084000 922.019000  20.1240   0.0470  -0.4520   0.0550   0.5250      1
22739    1449.701000 1041.634000  12.7220   0.0220   3.6610   0.0230   0.5240      1
19746    1545.426000 920.263000  15.5860   0.0060   0.6460   0.0060   0.5230      1
22693    1521.828000 1039.391000  17.2730   0.0080  -0.1640   0.0100   0.5230      1
22481    1467.768000 1030.862000  18.9170   0.0280  -1.8890   0.0600   0.5230      1
22260    1506.114000 1022.269000  16.2360   0.0070   0.3900   0.0080   0.5220      1
18836    1534.021000 884.129000  14.9910   0.0080  -0.5380   0.0090   0.5210      1
22377    1567.685000 1027.503000  16.9890   0.0100  -0.0370   0.0100   0.5210      1
19755    1586.709000 920.490000  13.4510   0.0160   3.1710   0.0160   0.5210      1
21462    1520.020000 989.662000  18.2870   0.0570  -1.6770   0.0730   0.5210      1
21002    1501.423000 971.213000  13.0540   0.0170   3.1780   0.0220   0.5180      1
21672    1505.267000 998.926000  14.9040   0.0080  -0.3600   0.0110   0.5170      1
21697    1488.908000 1000.121000  12.3760   0.0390   1.3360   0.0400   0.5140      1
22723    1557.618000 1040.935000  20.3610   0.0420  -0.3630   0.0500   0.5140      1
22462    1465.694000 1030.347000  17.3560   0.0170   0.1760   0.0570   0.5120      1
21357    1493.982000 984.924000  12.7210   0.0210   3.1070   0.0220   0.5120      1
21919    1503.977000 1008.761000  18.4730   0.0340  -0.5320   0.0660   0.5120      1
20264    1511.323000 940.528000  21.3870   0.1200  -0.5480   0.1410   0.5070      1
23050    1517.058000 1055.323000  21.0910   0.0920  -0.5710   0.0960   0.5060      1
22673    1478.733000 1038.678000  21.5030   0.1270  -0.5520   0.1360   0.5060      1
19709    1539.218000 918.832000  17.7690   0.0340   0.2070   0.0450   0.5030      1
19251    1574.193000 900.997000  20.3420   0.0350  -0.2940   0.0460   0.5030      1
20853    1475.380000 964.989000  19.3580   0.0960  -0.3450   0.1540   0.5030      1
20449    1489.336000 947.919000  17.7440   0.0110   0.6760   0.0230   0.5000      1
22474    1503.742000 1030.686000  20.3000   0.0430  -0.3580   0.0510   0.4970      1
20854    1524.801000 965.079000  19.6680   0.0620  -0.2300   0.0780   0.4960      1
19355    1461.368000 905.041000  21.2750   0.0940  -0.5410   0.1280   0.4960      1
20755    1540.886000 960.389000  20.0240   0.0590  -0.4070   0.0730   0.4930      1
22246    1489.044000 1021.732000  20.1730   0.1100  -0.5120   0.1200   0.4900      1
21904    1579.487000 1008.176000  17.1420   0.0070   2.2000   0.0140   0.4880      1
20253    1502.362000 939.918000  17.0640   0.0100   1.3350   0.0170   0.4820      1
21932    1586.357000 1009.564000  18.2310   0.0180  -0.5060   0.0190   0.4790      1
21227    1414.227000 980.168000  19.7030   0.0400  -0.2120   0.0740   0.4790      1
20260    1450.770000 940.301000  19.7430   0.0350   1.7430   0.1830   0.4780      1
21749    1436.256000 1001.938000  19.0460   0.0640  -0.3450   0.0650   0.4780      1
22657    1518.885000 1037.962000  18.5560   0.0240   2.3400   0.0780   0.4770      1
22053    1561.724000 1014.827000  19.6730   0.0280  -0.2350   0.0420   0.4770      1
21404    1560.065000 986.673000  20.3140   0.0630  -0.4190   0.0710   0.4740      1
19534    1493.546000 911.571000  19.7230   0.0380  -0.2260   0.0470   0.4680      1
22238    1498.756000 1021.435000  21.0050   0.1180  -0.5690   0.1270   0.4660      1
21222    1573.981000 979.774000  17.2930   0.0090   2.0280   0.0210   0.4650      1
22068    1463.472000 1015.307000  19.2960   0.0240  -0.3410   0.0290   0.4650      1
20237    1484.670000 939.238000  19.3340   0.0440  -0.1700   0.0890   0.4650      1
21208    1556.188000 979.116000  20.1830   0.0660  -0.4560   0.0710   0.4630      1
20932    1495.976000 968.453000  16.5890   0.0560   1.0350   0.0740   0.4620      1
19414    1434.226000 907.011000  19.7360   0.0230   1.4230   0.0500   0.4600      1
20739    1562.382000 959.759000  19.7840   0.0360  -0.2380   0.0900   0.4600      1
20068    1422.311000 933.072000  19.9590   0.0230   0.0640   0.0440   0.4570      1
19161    1552.255000 897.026000  21.9180   0.2190  -0.8260   0.2280   0.4530      1
19422    1504.724000 907.474000  18.7800   0.0140   1.5100   0.0410   0.4520      1
20317    1453.514000 942.172000  18.2720   0.0100   1.7340   0.0330   0.4510      1
22704    1512.772000 1039.912000  19.7830   0.0690   0.3300   0.0770   0.4510      1
21554    1427.472000 993.630000  20.3390   0.0520  -0.2730   0.0730   0.4490      1
21597    1463.545000 995.638000  20.0180   0.0570  -0.3730   0.0760   0.4450      1
22294    1550.604000 1023.771000  19.9770   0.0320  -0.3280   0.0360   0.4420      1
22084    1430.771000 1016.037000  20.2580   0.0320  -0.3340   0.0370   0.4420      1
22338    1449.755000 1025.473000  19.6170   0.0540   0.0920   0.0880   0.4400      1
20874    1591.810000 965.714000  19.8390   0.1080  -0.2880   0.1100   0.4400      1
19576    1570.603000 913.316000  18.8490   0.0120   1.3460   0.0310   0.4390      1
22556    1539.750000 1033.776000  18.9450   0.0170   1.1750   0.0280   0.4370      1
22544    1485.849000 1033.357000  21.0090   0.0820  -0.5290   0.1330   0.4360      1
19788    1420.354000 921.756000  18.6090   0.0120   1.7710   0.0220   0.4310      1
19744    1558.707000 920.199000  19.8230   0.0240  -0.1010   0.0290   0.4300      1
20082    1542.891000 933.412000  21.1960   0.0690  -0.4160   0.0820   0.4300      1
19323    1452.233000 904.059000  21.2810   0.0720  -0.4060   0.0830   0.4280      1
21184    1448.986000 978.203000  20.4220   0.0420  -0.3050   0.0640   0.4260      1
22618    1549.283000 1036.521000  20.3910   0.0380  -0.2160   0.0490   0.4240      1
20774    1543.591000 961.492000  18.6340   0.0420  -0.3210   0.0570   0.4230      1
20727    1588.816000 959.399000  19.1640   0.0250   1.6630   0.0440   0.4220      1
20112    1474.839000 934.443000  19.1710   0.0230  -0.2800   0.0260   0.4180      1
20113    1427.159000 934.465000  21.0850   0.0800  -0.4150   0.0910   0.4140      1
19416    1427.815000 907.216000  20.1310   0.0350   0.4080   0.0450   0.4130      1
22477    1518.790000 1030.787000  20.1400   0.0600  -0.3890   0.1020   0.4100      1
20262    1464.096000 940.423000  18.9840   0.0140   1.5290   0.0690   0.4090      1
20483    1430.806000 949.422000  19.9900   0.0340   0.5410   0.0650   0.4090      1
20644    1475.224000 956.095000  19.2700   0.0390  -0.3130   0.0590   0.4090      1
18821    1522.599000 883.661000  21.9570   0.1210  -0.6580   0.1410   0.4080      1
22793    1542.122000 1044.411000  19.6660   0.0240  -0.0440   0.0300   0.4070      1
19177    1561.214000 897.988000  20.3690   0.0370  -0.1920   0.0770   0.4070      1
20016    1435.316000 931.067000  18.0740   0.0150   1.5960   0.0270   0.4040      1
20616    1414.260000 954.920000  20.1310   0.0250  -0.1430   0.0350   0.4040      1
20080    1480.550000 933.375000  20.4980   0.0470  -0.3840   0.0630   0.4040      1
20107    1502.855000 934.228000  18.8830   0.0160   1.2500   0.0520   0.4030      1
20864    1401.962000 965.427000  21.7990   0.1350  -0.5490   0.1430   0.4010      1
20758    1449.976000 960.711000  20.3870   0.0480  -0.2140   0.0750   0.4000      1
19898    1574.176000 926.198000  20.7370   0.1290   2.2030   0.2350   0.4000      1
19851    1533.441000 924.492000  21.4290   0.0890  -0.3880   0.1090   0.3980      1
20193    1581.974000 937.329000  20.0300   0.0320   0.1280   0.0370   0.3950      1
19691    1495.625000 918.182000  18.1770   0.0140  -0.6220   0.0170   0.3920      1
21867    1414.513000 1006.647000  20.6620   0.0470  -0.4140   0.0510   0.3910      1
19668    1569.379000 917.300000  20.1020   0.0290  -0.2040   0.0340   0.3880      1
19984    1535.214000 929.761000  20.1270   0.0290  -0.1280   0.0370   0.3880      1
20819    1458.061000 963.661000  18.1710   0.0210   1.8070   0.0400   0.3830      1
19556    1546.337000 912.358000  20.1680   0.0460   0.4340   0.0660   0.3780      1
22531    1508.312000 1032.850000  19.1730   0.0190   1.2400   0.0340   0.3770      1
19049    1564.886000 892.947000  20.2810   0.0310   0.0260   0.0380   0.3690      1
20731    1545.635000 959.463000  19.2230   0.1000  -0.2760   0.1020   0.3690      1
20769    1410.062000 961.414000  20.3530   0.0410  -0.1530   0.0440   0.3680      1
22990    1479.300000 1052.756000  21.2420   0.0820  -0.3630   0.0910   0.3660      1
21800    1564.539000 1003.859000  20.7270   0.0560  -0.3820   0.0610   0.3650      1
20001    1552.832000 930.445000  19.1610   0.0140   1.2780   0.0280   0.3640      1
20798    1573.093000 962.445000  19.9120   0.0230  -0.2890   0.0280   0.3640      1
20695    1452.322000 958.227000  20.1050   0.0440  -0.1720   0.0510   0.3640      1
23095    1478.945000 1057.168000  18.9110   0.0130   1.3450   0.0260   0.3580      1
22846    1503.094000 1046.537000  20.1490   0.0430  -0.3230   0.0650   0.3520      1
21623    1459.369000 996.884000  19.7320   0.0550  -0.0420   0.0640   0.3500      1
21629    1562.300000 997.352000  21.0340   0.1280  -0.4240   0.1480   0.3500      1
21577    1416.709000 994.774000  20.1490   0.0310  -0.3260   0.0510   0.3480      1
21967    1429.850000 1011.037000  18.5480   0.0330   1.3880   0.0370   0.3460      1
20662    1417.954000 956.962000  20.2430   0.0380   0.0530   0.0470   0.3440      1
22502    1496.753000 1031.752000  19.8720   0.0370  -0.0770   0.0410   0.3430      1
23055    1500.682000 1055.410000  21.5880   0.1040  -0.3890   0.1170   0.3410      1
21694    1561.192000 999.780000  20.8550   0.0760   1.6640   0.2010   0.3370      1
21621    1547.142000 996.785000  20.1980   0.0740  -0.2190   0.0860   0.3330      1
22191    1421.891000 1020.046000  19.9390   0.0800   0.1760   0.1350   0.3310      1
19687    1512.824000 918.024000  21.4180   0.0840  -0.2980   0.1030   0.3300      1
20633    1404.850000 955.547000  20.6270   0.0470   0.0270   0.0550   0.3290      1
20514    1519.971000 950.992000  18.6460   0.0230   1.1870   0.0700   0.3270      1
19589    1443.208000 913.682000  20.0230   0.0270  -0.2250   0.0320   0.3270      1
19857    1527.791000 924.709000  20.3240   0.0520   0.2240   0.0590   0.3260      1
22651    1436.826000 1037.699000  19.7360   0.0720   1.4970   0.1340   0.3260      1
19511    1474.657000 911.047000  20.2930   0.0380   0.2010   0.0490   0.3250      1
21093    1557.018000 975.024000  21.0590   0.0730  -0.3450   0.1100   0.3250      1
23172    1497.744000 1060.499000  19.0430   0.0150   1.3530   0.0370   0.3230      1
22142    1467.319000 1018.287000  20.0120   0.0450   0.0180   0.0600   0.3200      1
20267    1560.182000 940.660000  20.6830   0.0400  -0.0260   0.0520   0.3190      1
19590    1434.787000 913.723000  20.3970   0.0410   0.2140   0.0540   0.3190      1
19601    1576.449000 914.213000  19.0110   0.0250   1.4130   0.0340   0.3150      1
23113    1522.938000 1058.238000  20.7060   0.0550  -0.2780   0.0670   0.3130      1
20284    1408.898000 941.159000  20.5870   0.0410   0.0950   0.0490   0.3100      1
20877    1544.260000 965.870000  20.2040   0.0580  -0.1580   0.0980   0.3090      1
19644    1549.885000 915.797000  20.4670   0.0590   1.0790   0.1010   0.3080      1
21757    1585.009000 1002.353000  21.0300   0.0750  -0.3210   0.0830   0.3080      1
18949    1452.065000 889.047000  21.3280   0.0740  -0.2830   0.0900   0.3060      1
21119    1549.595000 975.729000  20.4360   0.1140  -0.1860   0.1250   0.3060      1
20833    1556.285000 964.274000  20.0860   0.0470   0.5250   0.1730   0.3050      1
21138    1454.199000 976.338000  18.9590   0.0310   1.5580   0.1320   0.3040      1
20647    1582.831000 956.141000  19.6720   0.0220   1.0120   0.0610   0.3030      1
21364    1556.663000 985.216000  20.6280   0.0690   0.0220   0.0850   0.3010      1
19826    1486.130000 923.438000  20.4600   0.0560  -0.2170   0.1160   0.2990      1
18711    1481.333000 878.944000  20.6990   0.0590  -0.0550   0.1070   0.2980      1
18557    1502.870000 872.282000  19.1310   0.0270   1.0030   0.0350   0.2970      1
18642    1518.377000 875.832000  20.7160   0.0460  -0.1620   0.0520   0.2950      1
21182    1582.221000 978.097000  20.6430   0.0530  -0.1970   0.0830   0.2920      1
21260    1558.869000 981.266000  20.2670   0.0390  -0.1210   0.0700   0.2910      1
22150    1451.421000 1018.558000  19.9520   0.0480  -0.2200   0.0540   0.2910      1
19163    1471.961000 897.226000  20.6520   0.0560   0.1270   0.0770   0.2900      1
21793    1448.991000 1003.601000  20.2150   0.0420  -0.0870   0.0480   0.2880      1
21708    1579.704000 1000.472000  21.4130   0.0930  -0.2510   0.1070   0.2880      1
21511    1579.128000 991.837000  19.3330   0.0170   1.5070   0.0360   0.2860      1
21406    1432.330000 986.710000  20.8450   0.0680  -0.3760   0.0860   0.2860      1
22220    1495.664000 1020.840000  20.4400   0.0460   0.9240   0.0920   0.2850      1
20500    1462.960000 950.331000  20.7360   0.0710  -0.0150   0.1050   0.2830      1
18994    1479.412000 890.609000  20.6360   0.0690  -0.1280   0.1080   0.2820      1
20158    1526.527000 935.873000  20.5120   0.0530   1.2870   0.0970   0.2790      1
19893    1478.867000 926.092000  20.5370   0.0560  -0.2910   0.0640   0.2790      1
23133    1502.016000 1059.000000  20.2580   0.0370   0.4120   0.0690   0.2780      1
21732    1426.406000 1001.458000  20.1360   0.0410   1.0080   0.0590   0.2760      1
22812    1514.235000 1045.378000  20.7700   0.0650   0.0830   0.0840   0.2760      1
20814    1434.254000 963.308000  20.7200   0.0540   0.1780   0.1130   0.2740      1
19776    1519.397000 921.302000  19.2540   0.0200   1.4140   0.0350   0.2720      1
18911    1507.980000 887.476000  20.1360   0.0350   0.1030   0.0400   0.2720      1
22253    1447.054000 1021.936000  18.8340   0.0550   1.2000   0.0760   0.2720      1
22002    1468.551000 1012.492000  20.6860   0.1030  -0.1380   0.1100   0.2720      1
22854    1477.522000 1046.904000  20.8280   0.0570   0.0910   0.0660   0.2710      1
22333    1532.415000 1025.251000  20.5740   0.0700   0.0380   0.1110   0.2700      1
19999    1485.402000 930.389000  21.3370   0.0910  -0.2540   0.1210   0.2700      1
22080    1537.881000 1015.851000  20.7580   0.1100   0.0350   0.1190   0.2700      1
21326    1444.012000 983.641000  20.1010   0.0420  -0.0040   0.0630   0.2690      1
20549    1563.820000 952.376000  20.3540   0.0650   0.0180   0.0900   0.2680      1
20245    1473.141000 939.533000  21.8280   0.1400  -0.3180   0.1690   0.2680      1
22981    1452.276000 1052.213000  19.8510   0.0550   1.1060   0.0680   0.2670      1
21898    1463.956000 1008.001000  20.9140   0.0880  -0.3180   0.1070   0.2660      1
21489    1417.125000 991.031000  20.3660   0.0560  -0.0550   0.0610   0.2650      1
21484    1452.620000 990.596000  19.9850   0.0620  -0.0690   0.1070   0.2650      1
19182    1515.188000 898.177000  20.6190   0.0790  -0.1580   0.0920   0.2650      1
23034    1465.965000 1054.500000  20.5100   0.0540   0.0780   0.0620   0.2630      1
20618    1549.854000 954.940000  20.8230   0.0620   0.1060   0.0940   0.2630      1
21683    1575.902000 999.352000  20.4190   0.0460   0.1400   0.0880   0.2620      1
19541    1521.895000 911.773000  20.7870   0.0580  -0.0220   0.0650   0.2610      1
19874    1524.247000 925.246000  20.7830   0.0880   1.4060   0.1280   0.2590      1
19294    1559.296000 902.763000  21.7800   0.1320  -0.2860   0.1440   0.2580      1
20523    1534.242000 951.352000  20.5650   0.0540  -0.0250   0.0770   0.2570      1
20388    1545.411000 945.188000  20.7000   0.0540   0.3040   0.0670   0.2560      1
19381    1533.083000 905.880000  20.6450   0.0600   0.2770   0.1210   0.2540      1
18665    1478.479000 876.861000  20.8480   0.0600   0.0410   0.0960   0.2530      1
22872    1528.925000 1047.602000  20.6570   0.0670   0.2250   0.0790   0.2530      1
21281    1581.899000 981.780000  20.4090   0.0470   0.3080   0.1350   0.2520      1
19823    1550.837000 923.319000  20.6280   0.0670   1.2780   0.1290   0.2500      1
22444    1533.795000 1029.624000  18.7850   0.0660   1.4590   0.0730   0.2490      1
20630    1462.730000 955.532000  20.8340   0.1020  -0.2240   0.1150   0.2460      1
19793    1468.853000 921.903000  20.8080   0.0920  -0.1390   0.0980   0.2450      1
22217    1575.276000 1020.707000  20.6630   0.0600   0.4210   0.0720   0.2420      1
18982    1504.368000 890.237000  20.8480   0.0620   0.2100   0.0780   0.2420      1
21420    1419.035000 987.563000  20.8880   0.0670   0.1860   0.0960   0.2420      1
19741    1461.781000 920.003000  21.7880   0.1410  -0.2280   0.2030   0.2390      1
20983    1567.984000 970.356000  20.9920   0.0710   0.1570   0.0830   0.2380      1
19195    1499.537000 898.784000  20.9670   0.0600   0.0490   0.0740   0.2370      1
22156    1536.049000 1018.624000  20.4610   0.0470   0.0640   0.0770   0.2350      1
22692    1494.679000 1039.333000  20.9730   0.0720   0.1430   0.1030   0.2350      1
20376    1509.950000 944.609000  20.9750   0.0720   0.0590   0.1110   0.2320      1
19115    1440.254000 895.605000  21.9640   0.1480  -0.1430   0.1690   0.2320      1
19845    1473.774000 924.234000  21.0210   0.0780   0.1010   0.0890   0.2300      1
19602    1428.231000 914.267000  21.0460   0.0510   0.1570   0.0750   0.2290      1
22495    1483.061000 1031.594000  20.5980   0.0610   0.3890   0.0800   0.2290      1
20140    1507.302000 935.238000  21.0240   0.0650  -0.2090   0.0820   0.2270      1
22415    1543.386000 1028.628000  20.9740   0.0750   0.1600   0.1160   0.2270      1
21176    1591.365000 977.863000  22.0990   0.1480  -0.1650   0.1690   0.2250      1
19861    1542.134000 924.907000  19.4150   0.0300   1.1310   0.0750   0.2240      1
19663    1439.395000 917.122000  21.9220   0.1600  -0.1100   0.2060   0.2230      1
21108    1552.313000 975.451000  20.9340   0.0750   0.2120   0.1190   0.2220      1
19508    1552.228000 910.955000  20.6020   0.1060   0.3890   0.1830   0.2210      1
21142    1423.994000 976.615000  20.7790   0.0980   0.3050   0.1200   0.2190      1
21242    1597.513000 980.594000  20.8570   0.0530  -0.1500   0.0630   0.2160      1
20444    1548.267000 947.574000  21.0210   0.0910   0.1590   0.1160   0.2150      1
19773    1457.735000 921.254000  21.9690   0.1540  -0.0220   0.1730   0.2140      1
19242    1456.830000 900.688000  21.0390   0.1060   0.0700   0.1160   0.2130      1
21129    1575.719000 976.083000  21.5170   0.1090  -0.1380   0.2010   0.2130      1
20110    1414.071000 934.375000  21.4980   0.1160  -0.1280   0.1420   0.2120      1
22660    1564.381000 1038.105000  20.9370   0.0580   0.2620   0.0770   0.2090      1
21998    1451.424000 1012.264000  20.4540   0.0680   0.3580   0.0760   0.2090      1
19311    1470.824000 903.567000  20.9450   0.0550  -0.1270   0.0660   0.2080      1
20342    1593.219000 943.390000  21.7830   0.1420  -0.0710   0.1630   0.2080      1
20303    1478.806000 941.916000  20.4890   0.0470   0.2820   0.0610   0.2040      1
19306    1534.593000 903.383000  19.0140   0.0310   1.2910   0.0680   0.2020      1
21995    1412.420000 1012.134000  20.5680   0.0520   0.5610   0.0710   0.2010      1
19473    1460.798000 908.988000  21.7100   0.1730  -0.0710   0.1980   0.2000      1
21081    1599.258000 974.710000  21.9430   0.1110   0.1430   0.1380   0.1990      1
19846    1515.984000 924.332000  21.4080   0.1200  -0.1130   0.1390   0.1990      1
20338    1435.332000 943.206000  21.1180   0.0700   0.1320   0.0860   0.1970      1
21296    1410.863000 982.626000  21.0920   0.0990  -0.0670   0.1680   0.1970      1
20385    1419.352000 944.905000  20.7310   0.0490   0.4850   0.0690   0.1930      1
23189    1515.033000 1060.980000  21.8280   0.1240   0.1150   0.1740   0.1900      1
19143    1569.818000 896.462000  21.6910   0.1080   0.9720   0.1920   0.1890      1
21877    1592.794000 1007.027000  21.4330   0.1140  -0.0750   0.1300   0.1890      1
19949    1589.280000 928.284000  20.5350   0.1180   0.5280   0.1270   0.1890      1
21127    1561.351000 976.024000  21.0960   0.0810  -0.0360   0.1130   0.1870      1
20399    1581.056000 945.670000  21.1330   0.0930  -0.1620   0.1010   0.1860      1
20938    1586.668000 968.710000  21.8580   0.1510   0.1480   0.2190   0.1840      1
19956    1505.928000 928.752000  21.3760   0.1010  -0.0690   0.1350   0.1810      1
18739    1495.540000 880.293000  21.6490   0.1220   1.0050   0.2400   0.1800      1
23051    1508.220000 1055.334000  21.5730   0.0960   0.9640   0.1780   0.1790      1
19291    1502.552000 902.630000  21.7680   0.1320   0.1380   0.1630   0.1760      1
19750    1430.554000 920.370000  20.8440   0.0530   0.3820   0.1390   0.1740      1
20231    1566.092000 939.151000  21.1750   0.0770   0.1400   0.0980   0.1740      1
22026    1424.194000 1013.523000  21.4260   0.0840   0.8980   0.1290   0.1740      1
22980    1511.380000 1052.123000  21.6640   0.1250   0.0400   0.1610   0.1740      1
19566    1564.946000 913.035000  21.1800   0.0770   0.1610   0.0940   0.1720      1
20914    1433.416000 967.632000  21.0080   0.1120   0.3090   0.1290   0.1720      1
22198    1542.176000 1020.187000  21.4760   0.1340  -0.0020   0.1510   0.1710      1
21262    1548.916000 981.288000  20.4230   0.0900   0.6740   0.1160   0.1670      1
23180    1518.845000 1060.678000  21.4780   0.0940   0.0170   0.1080   0.1670      1
19624    1449.543000 915.236000  21.6630   0.1150   0.8490   0.1930   0.1670      1
18853    1469.685000 884.688000  21.7480   0.1270   0.1820   0.1490   0.1670      1
22600    1515.596000 1035.593000  20.8510   0.0980   1.3070   0.2330   0.1660      1
19173    1468.069000 897.829000  21.4000   0.0990  -0.0010   0.1340   0.1660      1
21886    1455.179000 1007.400000  21.2050   0.1040   0.0730   0.1230   0.1660      1
20092    1567.324000 933.697000  20.9260   0.0640   0.3500   0.0820   0.1640      1
22038    1556.507000 1014.113000  21.3890   0.0640   0.7390   0.1310   0.1630      1
22254    1580.201000 1021.951000  21.7700   0.1800   0.8330   0.2370   0.1610      1
20986    1589.986000 970.514000  21.2030   0.0860  -0.0070   0.0990   0.1590      1
20344    1597.873000 943.406000  21.8690   0.1270   0.4180   0.1810   0.1590      1
22640    1571.309000 1037.491000  21.3410   0.0970   0.8390   0.1540   0.1580      1
20605    1454.439000 954.455000  21.8810   0.1160   0.7270   0.2280   0.1560      1
20569    1406.991000 952.987000  21.1380   0.0890   0.2990   0.1310   0.1520      1
21443    1594.688000 988.752000  22.0110   0.1530   0.5140   0.1970   0.1520      1
19838    1509.516000 923.983000  21.2820   0.0880   0.1880   0.1230   0.1510      1
21835    1420.515000 1005.307000  21.4500   0.1190   0.0990   0.1320   0.1510      1
18731    1510.522000 879.785000  21.3340   0.0840   0.2600   0.1050   0.1490      1
18645    1467.896000 875.936000  22.1830   0.1800   0.4940   0.2280   0.1490      1
19724    1450.520000 919.374000  21.2240   0.1140   0.3020   0.1400   0.1480      1
19411    1543.878000 906.989000  21.7910   0.1680   0.4720   0.1980   0.1480      1
20249    1571.686000 939.648000  21.3550   0.0750   0.3500   0.1290   0.1470      1
18527    1500.620000 871.545000  20.2110   0.1060   0.9560   0.1990   0.1470      1
21157    1408.461000 977.291000  21.3740   0.0790   0.2830   0.1100   0.1460      1
20460    1413.567000 948.354000  21.1790   0.0930   0.3180   0.1080   0.1450      1
18700    1501.584000 878.702000  21.3550   0.0710   0.4730   0.1030   0.1440      1
21323    1587.162000 983.554000  21.2450   0.0910   0.3280   0.1330   0.1440      1
19858    1562.950000 924.764000  21.7330   0.1260   0.4230   0.1630   0.1440      1
20780    1402.203000 961.805000  21.2940   0.0700   0.4530   0.1520   0.1420      1
21036    1417.987000 972.930000  21.4760   0.0820   0.6220   0.1260   0.1420      1
19808    1571.130000 922.333000  21.4640   0.1110   0.6010   0.1750   0.1420      1
23240    1487.069000 1063.135000  21.7200   0.1320   0.4800   0.1680   0.1420      1
21533    1587.723000 992.638000  21.4160   0.1010   0.2540   0.1260   0.1400      1
22882    1469.547000 1047.876000  21.5220   0.1260   0.5220   0.2460   0.1400      1
19581    1508.612000 913.344000  21.2340   0.0770   0.7830   0.1190   0.1380      1
22109    1423.805000 1016.978000  20.9600   0.2000   0.6040   0.2460   0.1380      1
22576    1535.949000 1034.441000  21.5760   0.1050   0.5310   0.1680   0.1330      1
20144    1519.720000 935.466000  21.0350   0.0680   0.4290   0.1240   0.1300      1
20315    1415.373000 942.148000  21.5740   0.1010   0.3290   0.1420   0.1300      1
20717    1599.314000 959.165000  20.9010   0.0510   0.6100   0.0900   0.1240      1
19427    1569.945000 907.599000  21.2220   0.0880   0.6760   0.1200   0.1240      1
22833    1466.656000 1046.032000  20.6970   0.0890   0.9240   0.1040   0.1140      1
22653    1472.461000 1037.759000  21.0500   0.0830   0.4970   0.1040   0.1120      1
20213    1417.471000 938.181000  20.9810   0.0820   0.6860   0.1400   0.1070      1
19247    1536.180000 900.839000  21.0820   0.1670   0.8400   0.2030   0.1070      1
