#
# Age1: log(age)_H03
# Age2: log(age)_P12
#
# Mass1: Mass_H03
# Mass2: Mass_P12
#
#GAL   RA        DEC         Age1   e_age  Age2   e_age   Mass1   e_m1  Mass2    e_m2     NAMES
LMC    73.50417  -69.99667   6.60   0.15   6.86   0.26      308  -1     1275     1500     KMHK237
LMC    76.56250  -70.49333   6.76   0.15   6.61   0.03      586  -1     1000      750     BSDL635
LMC    79.54533  -69.28131   6.53   0.15   6.67   0.05      398  -1      500      475     H88-266
LMC    73.15417  -68.02333   6.36   0.15   6.68   0.07       90  -1      250       50     BSDL137
LMC    79.22521  -69.58231   6.92   0.15   6.71   0.15     3837  -1     2700     3300     BSDL1109
LMC    74.17083  -69.46500   6.61   0.15   6.88   0.22      256  -1     1250     1250     BSDL295
LMC    80.37517  -69.43183   6.61   0.15   6.80   0.24      151  -1      825      475     BCD1
LMC    77.19079  -68.76072   7.36   0.15   6.74   0.04    21281  -1     7500     1000     NGC1850, SL261
LMC    85.58333  -69.48833   6.62   0.15   6.76   0.01      773  -1      800      200     NGC2102, SL665
LMC    77.37662  -69.12928   8.35   1.06   7.56   0.77    72404  -1    49750    47250     NGC1856, SL271
LMC    79.65779  -69.40636   9.48   0.09   6.82   0.08   353183  -1     2000     1100     NGC1916, SL361
LMC    76.27937  -69.40397   9.70   0.09   6.83   0.01  1393157  -1     1700      350     NGC1835, SL215
LMC    79.34329  -69.33783   7.64   0.54   6.84   0.06    23550  -1     6500     1000     NGC1903, SL356
LMC    85.72917  -69.46333   6.58   0.15   6.84   0.01      203  -1      350      150     BSDL2883
LMC    77.33375  -68.84800   7.19   0.15   7.35   0.48     5248  -1    18750    14250     NGC1854, SL265
LMC    74.78250  -67.74528   9.70   0.09   6.86   0.01  1306171  -1     2000      350     NGC1786, SL149
LMC    73.77917  -67.48333   6.71   0.15   7.29   0.41       48  -1      650      600     H88-24, KMHK263
LMC    82.83750  -69.26500   6.60   0.15   6.89   0.09      115  -1     1000      225     BSDL2137
LMC    85.53333  -69.21167   7.03   0.15   6.95   0.15    12359  -1    15000     7500     NGC2100, SL662
LMC    84.98333  -69.27333   6.62   0.15   6.96   0.10      261  -1      450      575     BSDL2725
LMC    83.02917  -69.24167   6.61   0.15   6.85   0.15      325  -1     1000      550     SL557, BRHT15A, KMK88-71
LMC    84.20417  -69.43000   6.60   0.15   6.98   0.04      189  -1      700      375     BSDL2583
LMC    84.35833  -69.36333   6.60   0.15   7.00   0.07      120  -1      400      400     BSDL2614
LMC    84.88333  -69.43167   6.57   0.15   7.00   0.03       84  -1      250       50     BSDL2704
LMC    84.96250  -69.27667   6.69   0.15   7.03   0.08      209  -1      450      450     BSDL2720
LMC    74.59167  -69.60333   6.67   0.15   7.10   0.10      167  -1      350     1000     BSDL349
LMC    83.15000  -69.41167   6.59   0.15   7.21   0.12      181  -1     1050      650     SL563
LMC    82.71200  -69.42764   6.70   0.13   7.23   0.16      384  -1     2650     2250     BSDL2083
LMC    82.28333  -68.75500   6.45   0.15   7.14   0.27      535  -1     4500     2175     BSDL1924
LMC    80.36175  -69.94972   9.24   0.24   7.17   0.14    67529  -1     1200      475     NGC1939, SL414
LMC    79.43262  -69.56836   7.67   0.54   7.15   0.08     4786  -1     5500      750     SL362
LMC    79.20650  -69.49739   6.61   0.15   7.15   0.10      254  -1     2500     1100     H88-250
LMC    83.37917  -69.38000   6.62   0.15   7.29   0.17      137  -1     1550     1000     KMK88-75
LMC    84.22500  -69.19333   7.20   0.15   7.17   0.04     1406  -1     5000      750     BSDL2586
LMC    82.74583  -69.18500   7.11   0.15   7.24   0.17     3733  -1     7333     4150     NGC2009, SL534
LMC    80.68750  -69.84500   9.48   0.09   8.14   0.96    72444  -1    26350    25650     HS259
LMC    83.99546  -69.19647   6.76   0.15   7.18   0.09      773  -1     8000     2000     HDE269828, SK-69O209A
LMC    78.96671  -69.46894   7.18   0.15   7.19   0.07     2443  -1     5000      750     NGC1894, SL344
LMC    73.57083  -70.44167   9.60   0.09   7.19   0.03   267917  -1     1100      300     NGC1754, SL91
LMC    79.17917  -69.51333   6.62   0.15   7.20   0.05      138  -1     1600      675     H88-246
LMC    83.69583  -69.52333   6.61   0.15   7.20   0.15       61  -1      300      400     BSDL2448
LMC    85.20417  -69.38000   7.13   0.15   7.20   0.02     1770  -1     3500      350     M-OB4, H88-308
LMC    83.85833  -69.26833   6.69   0.15   7.20   0.07      109  -1      350      750     BSDL2487
LMC    79.17183  -69.65678   9.60   0.09   7.21   0.10   469894  -1     1900      600     NGC1898, SL350
LMC    85.92917  -69.22333   6.63   0.15   7.21   0.11      127  -1     1100      800     H88-329, KMHK1297
LMC    81.23333  -68.46500   6.62   0.15   7.22   0.16       23  -1      350       50     BSDL1577
LMC    85.88333  -69.25333   6.67   0.15   7.23   0.03       76  -1      550      175     BSDL2898
LMC    72.87500  -67.45500   6.66   0.15   7.32   0.16       98  -1      725      750     HS41, KMHK158
LMC    79.95633  -69.44903   7.12   0.15   7.25   0.06     1472  -1     3200      350     SL393, ESO56SC103
LMC    83.90000  -68.98333   6.69   0.15   7.25   0.03       95  -1     1500      100     KMK88-82
LMC    72.65417  -69.98500   7.46   0.54   7.46   0.25    15730  -1    27500    10250     NGC1711, SL55
LMC    74.95833  -70.15667   6.71   0.15   7.31   0.08       34  -1      800      150     BSDL394
LMC    78.29533  -69.11747   7.20   0.15   7.32   0.05     1570  -1     3700      400     NGC1870, SL317
LMC    80.24054  -69.47783   9.00   0.09   7.33   0.08    21478  -1     1200      350     NGC1928, SL405, HS243
LMC    83.63750  -68.84000   8.99   0.09   7.33   0.07    21878  -1      850      325     SL585, KMHK1099, BRHT39A
LMC    85.57083  -68.45833   6.92   0.15   7.34   0.11      863  -1     3500      900     NGC2096, SL664
LMC    80.62362  -70.15472   7.19   0.15   7.34   0.01     1271  -1     2700      250     NGC1943, SL430
LMC    79.95725  -69.50100   7.38   0.15   7.35   0.07     3981  -1     6500     1500     NGC1922, SL391
LMC    77.52942  -69.08756   9.00   0.09   8.26   0.90    95499  -1     9125     8875     OGLE-LMC0169
LMC    74.59167  -69.80333   6.88   0.15   7.37   0.13      334  -1     1450      525     KMHK378
LMC    78.26667  -70.44833   9.00   0.09   7.37   0.10    95499  -1      250       75     BSDL917
LMC    77.68333  -69.38500   7.23   0.15   7.38   0.06      147  -1     1100      100     H88-186
LMC    83.77083  -69.33000   6.51   0.15   7.38   0.17      128  -1     2500     1250     KMK88-78
LMC    73.28750  -68.21167   7.01   0.19   7.46   0.27      614  -1     3200     2350     SL76, KMHK206
LMC    83.07083  -69.25000   6.97   0.15   7.45   0.11      497  -1     2600     1050     BRHT15B
LMC    82.47917  -69.01333   6.54   0.15   7.39   0.06       63  -1      800      250     KMK88-60
LMC    74.80833  -70.25667   7.02   0.26   7.29   0.28     1062  -1     2250     2900     SL158, KMHK397
LMC    85.98333  -69.18000   8.97   0.09   7.41   0.14    15996  -1      700      275     NGC2108, SL686
LMC    83.41667  -69.11667   6.82   0.15   7.53   0.11      247  -1     5500     1000     BSDL2320
LMC    81.39583  -69.22500   7.20   0.15   7.41   0.10      879  -1     1500      650     BSDL1634
LMC    76.08096  -68.92750   7.15   0.15   7.41   0.04     1614  -1     2500      650     NGC1825, SL202
LMC    73.90417  -69.75500   6.49   0.15   7.42   0.23       34  -1      250      300     BSDL256
LMC    74.18750  -69.43833   6.53   0.15   7.47   0.12       88  -1     1600      800     H88-43, H80F1-32
LMC    74.25833  -68.24833   6.68   0.15   7.43   0.20      170  -1      450     1000     ESO56SC32, NGC1768, SL127
LMC    78.00412  -69.20122   7.18   0.15   7.45   0.08      817  -1     2000      350     SL304
LMC    81.70833  -68.42833   6.56   0.15   7.47   0.05       33  -1      350      125     BSDL1748
LMC    74.53333  -70.40333   6.69   0.15   7.44   0.36      157  -1     2350     2100     KMHK376
LMC    74.19583  -70.84333   6.63   0.15   7.50   0.16       39  -1      525      300     BSDL309
LMC    76.15000  -70.16667   6.79   0.15   7.48   0.08       27  -1      800      100     KMHK514
LMC    78.77896  -68.97872   8.19   0.15   7.48   0.18     9036  -1     3700     2250     NGC1885, SL338
LMC    83.07500  -68.87500   7.19   0.15   7.74   0.27      724  -1     4100     2550     KMHK1047
LMC    80.14746  -69.52525   7.78   0.54   7.49   0.32    14191  -1     7000     5500     NGC1926, SL403
LMC    74.22083  -69.55667   7.00   0.15   7.42   0.20     1961  -1     9750     5250     NGC1772, SL128
LMC    72.74167  -67.61000   6.71   0.15   7.50   0.09       32  -1      225      125     BSDL87
LMC    77.32917  -70.45667   9.48   0.09   7.51   0.01    23550  -1      300      100     KMHK600
LMC    75.23750  -67.74500   7.17   0.15   7.52   0.07      565  -1     1050      375     H88-89, KMHK433
LMC    76.16287  -69.34058   7.86   1.06   7.51   0.07     2014  -1      800      225     NGC1830, SL207
LMC    76.30054  -69.20736   7.18   0.15   7.51   0.24     1138  -1     4000     3100     NGC1834, ESO56SC60
LMC    80.45596  -69.65167   7.98   0.17   7.52   0.18     2911  -1     1700      850     SL418
LMC    77.66667  -70.06333   9.00   0.09   8.28   0.75     8710  -1     8600     8400     SL294, KMHK627
LMC    72.57083  -68.63833   6.53   0.15   7.53   0.14       51  -1      750      600     BSDL73
LMC    75.92500  -70.70333   6.70   0.13   7.54   0.13       20  -1      200      125     BSDL499
LMC    80.14262  -69.63839   7.74   0.54   7.54   0.11     1690  -1     3000      650     HS241
LMC    73.49583  -70.18333   8.98   0.09   7.54   0.01     9550  -1      800      175     BSDL191
LMC    74.21250  -70.45500   6.72   0.15   7.55   0.17       12  -1      450      200     BSDL310
LMC    79.57808  -69.53744   7.16   0.15   7.55   0.10     1854  -1     7500     1500     NGC1913, SL373
LMC    79.68092  -69.29136   9.00   0.09   7.55   0.11     9550  -1      750      375     OGLE-LMC0339
LMC    77.22729  -68.75386   7.37   0.15   7.55   0.09     2535  -1     8000     1750     BRHT5, H88-159
LMC    75.93750  -70.41000   7.28   0.15   7.56   0.12      283  -1     1500      700     BSDL500
LMC    80.61367  -69.74528   6.79   0.15   7.57   0.04      167  -1     4000      500     BRHT50
LMC    79.52683  -69.52956   7.16   0.15   7.57   0.07      225  -1      900      200     BSDL1160
LMC    85.53333  -69.36667   7.28   0.15   7.57   0.09      125  -1      750      325     H88-321
LMC    72.75000  -70.02333   7.18   0.15   7.86   0.29      592  -1     3125     2375     KMHK156
LMC    76.02083  -71.11000   7.12   0.15   7.58   0.06       79  -1      600      250     BSDL524
LMC    81.65833  -67.65500   6.36   0.15   7.58   0.04       43  -1      850      350     HS299, KMHK905
LMC    77.77571  -69.17208   6.56   0.15   7.58   0.13       54  -1      700      500     KMK88-34, H88-191
LMC    80.35187  -69.94097   8.01   0.85   7.66   0.15     3770  -1     1050      400     NGC1938, SL413
LMC    72.31667  -69.87500   6.52   0.15   7.77   0.22       43  -1      725      600     HS33, KMHK119
LMC    77.66279  -69.04194   7.28   0.15   7.61   0.06     1731  -1     5750     1000     SL288
LMC    79.59167  -69.48833   7.50   0.54   7.60   0.10     1107  -1     1300      450     BSDL1181
LMC    83.53333  -67.42667   7.28   0.15   7.60   0.07      134  -1      800      350     BSDL2351
LMC    82.78333  -67.33667   6.54   0.15   7.60   0.10       35  -1      450      250     BSDL2085
LMC    74.37500  -68.36333   7.50   0.31   7.57   0.14     1590  -1     5350     2500     SL134, KMHK349
LMC    74.11667  -67.69500   7.18   0.15   7.74   0.17      578  -1     3850     1400     NGC1764, SL115
LMC    77.83958  -69.31044   7.72   0.54   7.61   0.04     1076  -1     2200      300     KMK88-33, H88-194
LMC    77.66612  -68.75361   7.24   0.15   7.80   0.27      611  -1     2650     2050     NGC1860, SL284
LMC    76.97917  -70.05667   7.20   0.15   7.73   0.18      431  -1     2850     1650     SL255, BRHT30A, KMHK573
LMC    75.43912  -67.56686   6.54   0.15   7.66   0.12       35  -1      500      225     KMHK451
LMC    82.72917  -69.36667   7.28   0.15   7.62   0.12      261  -1     1400      575     BSDL2093
LMC    74.62917  -69.16500   7.04   0.15   7.63   0.12      191  -1      950      400     H88-61, H80F1-41, KMHK379
LMC    77.93333  -70.06500   9.00   0.09   7.63   0.03     7311  -1      400      150     SL302, KMHK646
LMC    74.56250  -68.04833   7.28   0.15   7.64   0.09      105  -1      650      150     BSDL341
LMC    77.56758  -69.34136   6.95   0.15   7.85   0.23      325  -1     2750     1350     SL280
LMC    78.90492  -69.47347   7.18   0.15   7.68   0.09      319  -1     1500      300     SL341, BRHT8
LMC    80.49583  -68.74667   7.00   0.13   7.75   0.10      201  -1     1700      450     H88-291
LMC    75.31667  -68.14833   6.97   0.15   7.73   0.17      102  -1      975      600     BSDL433
LMC    79.45758  -69.69431   7.18   0.15   7.70   0.04      191  -1     1350      150     BSDL1142
LMC    77.58429  -68.87711   7.39   0.32   7.88   0.19      631  -1     1900     1025     KMK88-32, H88-178, BRHT48
LMC    79.48400  -69.58119   7.38   0.15   7.70   0.06      661  -1     2700      250     HS213
LMC    79.18596  -69.46192   7.43   0.15   7.70   0.09     1318  -1     4500      750     H88-247
LMC    79.38925  -69.51478   7.16   0.15   7.71   0.21      488  -1     1300      650     SL358
LMC    79.71354  -69.37058   9.00   0.09   7.71   0.08     4613  -1      500      150     HS223A
LMC    84.26667  -68.72167   9.48   0.09   7.71   0.15     9550  -1      500      175     SL615, KMHK1143
LMC    72.47917  -69.75500   7.19   0.15   7.58   0.24     1614  -1     6500     4000     NGC1704, SL50
LMC    75.77479  -69.03747   6.85   0.15   7.71   0.26      325  -1     5000     3150     SL191
LMC    75.62500  -70.63500   6.78   0.15   7.72   0.12      172  -1     4000      750     BSDL470
LMC    80.77500  -69.66833   7.01   0.15   7.72   0.04      161  -1     1300      150     BSDL1480
LMC    79.05133  -69.28453   9.48   0.09   8.60   0.88    10471  -1     4150     4150     H88-243
LMC    79.60300  -69.48494   7.18   0.15   7.73   0.12      299  -1     1800      600     H88-268
LMC    84.43750  -69.33500   8.02   0.15   7.73   0.33     2938  -1     2500     3100     HS371, BRHT54A
LMC    80.59583  -68.16000   7.89   1.06   7.73   0.10     1038  -1      650      175     SL424, KMHK831
LMC    80.60417  -68.78500   6.87   0.15   7.85   0.20      220  -1     3700     1650     SL425
LMC    77.65000  -70.48667   8.06   0.54   8.20   0.45     1215  -1     2800     1400     SL290, KMHK628
LMC    79.63750  -69.68667   7.48   0.54   7.75   0.09      453  -1     1600      500     BSDL1194
LMC    78.71308  -69.42967   9.48   0.09   7.75   0.03     6855  -1      400      100     HS191
LMC    78.12917  -69.75500   9.24   0.24   8.52   0.75     9417  -1    10750    10250     HS174
LMC    79.36533  -69.35619   7.60   0.54   7.77   0.14      895  -1     2500      650     H88-255
LMC    77.18162  -69.18294   6.89   0.15   7.77   0.05       46  -1      700       75     HS128
LMC    79.85000  -68.88167   9.48   0.09   8.61   0.83     5552  -1      900     1700     HS228
LMC    77.54646  -69.08750   7.23   0.15   7.81   0.26      337  -1     2100     1350     HS147, H88-174
LMC    76.39912  -68.62847   8.27   0.15   7.77   0.13     6668  -1     1600      450     BRHT4, NGC1836, SL223
LMC    80.51346  -70.04564   8.80   0.09   7.77   0.14     2858  -1      400      150     HS253
LMC    82.09583  -67.64167   7.37   0.15   7.78   0.10      429  -1      700      225     SL497, KMHK940
LMC    73.73333  -68.18833   7.25   0.71   7.84   0.28      949  -1     2400     2450     NGC1749, SL93
LMC    77.61612  -68.69856   7.23   0.15   7.78   0.23      198  -1     1200     1000     HS152
LMC    80.56112  -69.51131   7.64   0.54   7.79   0.17     1528  -1     4000     1150     SL423
LMC    79.53304  -69.31539   9.30   0.09   7.79   0.21     6368  -1      600      350     HS216
LMC    78.94375  -69.24422   7.64   0.54   7.79   0.15      879  -1     2200      800     H88-238
LMC    73.68750  -69.82333   7.31   0.15   7.82   0.07      157  -1      850      275     KMHK258
LMC    80.20062  -69.41533   6.88   0.15   7.81   0.17       42  -1      750      400     H88-284
LMC    74.46250  -69.39333   7.68   0.54   7.41   0.39    10487  -1    13750     8250     NGC1782, SL140
LMC    76.12679  -69.15606   9.00   0.09   7.80   0.10     5012  -1      650      175     KMK88-8, H88-106
LMC    76.48067  -68.95133   7.37   0.15   7.80   0.06      286  -1     1300      150     KMK88-14, H88-126
LMC    80.09821  -69.58419   7.73   0.54   7.81   0.17     2249  -1     4500     1250     SL402
LMC    77.42883  -68.80181   7.56   0.81   7.91   0.14      715  -1     1750      950     KMK88-29, H88-171, BRHT47
LMC    80.05000  -68.90500   7.30   0.15   7.71   0.20     1323  -1     6000     2750     SL397
LMC    74.58750  -67.48000   6.60   0.15   7.80   0.17      121  -1     1600     1325     H88-54, KMHK369
LMC    73.79583  -67.49833   6.54   0.15   7.92   0.18       25  -1      475      450     HS61, KMHK266
LMC    79.82912  -69.71419   7.96   0.17   7.94   0.18      817  -1     1400      775     KMK88-45
LMC    78.88896  -69.53236   7.18   0.15   7.84   0.08      111  -1      650      150     BSDL1047
LMC    78.26500  -69.04989   9.40   0.09   7.84   0.15     5297  -1      350      200     HS177
LMC    78.50646  -68.94975   7.20   0.15   7.84   0.28      129  -1      850      900     HS182
LMC    74.69167  -68.63833   7.21   0.15   7.95   0.17      172  -1      775      550     H88-69, H80F1-42, KMHK381W
LMC    72.35833  -69.85167   7.27   0.52   7.83   0.23      555  -1     2950     1350     NGC1702, SL46
LMC    77.22083  -69.00333   8.14   0.15   8.00   0.19     1019  -1     1325      725     KMK88-27
LMC    78.03662  -69.27903   7.39   0.15   7.85   0.12      360  -1     1800      500     HS169
LMC    78.11500  -69.55606   7.00   0.13   7.85   0.07      113  -1     1200      300     BSDL880
LMC    76.29050  -68.95661   7.27   0.15   7.85   0.11      147  -1      800      225     H88-119
LMC    80.12104  -69.74986   7.18   0.15   7.88   0.11      138  -1      925      150     BSDL1299
LMC    80.10762  -69.57019   7.19   0.15   7.86   0.17      185  -1     1600      650     H88-283
LMC    78.08817  -69.41147   6.88   0.15   7.86   0.09       33  -1      550      125     H88-210
LMC    77.57725  -69.07958   7.18   0.15   7.88   0.07      109  -1      925      150     KMK88-31, H88-179
LMC    82.10417  -68.20500   6.61   0.15   7.87   0.11       29  -1      425      225     HS313, KMHK942
LMC    75.92554  -68.96842   7.19   0.15   7.86   0.11      189  -1     1600      350     KMK88-2
LMC    79.60417  -69.87500   8.13   0.15   7.98   0.22     1500  -1     1850      900     HS220
LMC    79.11217  -69.67414   7.18   0.15   7.87   0.12      104  -1      700      300     BSDL1096
LMC    80.00854  -69.26100   7.18   0.15   7.97   0.17      117  -1     1100      450     H88-279
LMC    77.30567  -69.11444   8.62   0.09   8.26   0.39     1528  -1     1675     1325     KMK88-28, H88-164
LMC    73.80833  -68.20500   7.21   0.15   7.26   0.61     7112  -1    28000    24000     NGC1755, SL99
LMC    80.74075  -69.62519   7.34   0.15   7.88   0.07      387  -1     2200      300     HS261
LMC    74.55833  -67.76833   8.49   0.09   7.92   0.11     1169  -1      325      225     H88-55, KMHK367
LMC    79.91250  -69.77333   9.48   0.09   7.91   0.22     4406  -1      375      225     BSDL1263
LMC    80.48750  -69.61083   7.19   0.15   7.89   0.15      167  -1     1300      400     OGLE-LMC0402
LMC    79.83333  -69.78833   7.80   0.54   8.07   0.17     1437  -1     4250     1250     NGC1921, SL381
LMC    74.14583  -70.42500   9.48   0.09   8.68   0.77     4529  -1      675      325     KMHK327
LMC    80.14608  -69.68872   6.87   0.15   7.98   0.10       34  -1      850      200     KMK88-48
LMC    79.17917  -69.59667   7.18   0.15   7.91   0.08      106  -1      900      150     BSDL1104
LMC    79.54379  -69.54078   7.20   0.15   7.91   0.12      356  -1     3000      650     BRHT10, H88-264
LMC    80.43333  -69.57167   6.86   0.15   7.92   0.12       97  -1     2200      650     HS251
LMC    83.04883  -69.49475   8.00   0.17   7.92   0.21     1419  -1     1800      950     SL558
LMC    85.37500  -69.18500   7.20   0.15   7.92   0.12       90  -1      950      125     HS390, KMHK1239
LMC    82.98750  -67.87833   6.53   0.15   7.92   0.06       13  -1      200       75     KMHK1029
LMC    75.34358  -67.29478   8.83   0.09   7.92   0.27     2051  -1      450      550     SL173, KMHK440
LMC    74.47083  -68.57667   7.00   0.15   8.23   0.34      124  -1     1600     1500     H88-51, H80F1-34, KMHK359
LMC    78.15854  -69.29250   7.59   0.54   7.93   0.18      387  -1     1600      650     KMK88-41, H88-212
LMC    84.31250  -69.48667   7.19   0.15   7.93   0.08      151  -1     1400      200     HS369
LMC    85.33750  -69.06333   7.19   0.15   7.93   0.09       85  -1      800      275     H88-313
LMC    77.41746  -69.21094   8.99   0.09   8.00   0.33     2291  -1      425      600     HS136
LMC    76.18704  -68.98439   8.98   0.09   7.93   0.10     2208  -1      250      100     H88-112
LMC    77.13333  -70.44833   7.19   0.15   8.05   0.16      146  -1     1300      650     KMHK587
LMC    79.45300  -69.41006   6.97   0.15   7.94   0.26      211  -1     1300      675     H88-263
LMC    78.66583  -68.96339   7.18   0.15   7.94   0.15       87  -1      750      275     BSDL991
LMC    77.86783  -68.85100   8.66   0.09   7.94   0.07     1445  -1      750      150     H88-199
LMC    85.42917  -69.00333   7.66   0.54   7.94   0.05      319  -1     1200      150     BSDL2824
LMC    74.23542  -70.42750   7.16   0.15   8.06   0.22      158  -1     1400      675     BRHT2B, KMHK340
LMC    81.69583  -69.00833   7.54   0.54   7.95   0.04      437  -1     2000      200     BSDL1750
LMC    80.08712  -70.76839   6.83   0.15   7.95   0.10       63  -1     1000      225     SL399, KMHK799
LMC    79.05417  -70.50278   8.00   0.17   7.95   0.10     1117  -1     1900      500     KMHK707E
LMC    76.17229  -69.24739   8.82   0.09   7.96   0.04     1542  -1      250      100     KMK88-9, H88-110
LMC    77.28750  -70.61333   7.20   0.15   8.02   0.14      138  -1      600      400     SL270, KMHK596
LMC    80.68823  -69.90159   8.97   0.09   7.97   0.24     3467  -1      700      600     OGLE-LMC0414
LMC    78.57350  -69.10025   8.12   0.15   7.97   0.10      560  -1      700      175     H88-227
LMC    78.56667  -69.03667   8.94   0.09   7.97   0.20     2805  -1      950      375     H88-226
LMC    79.98896  -69.69100   7.89   1.06   7.97   0.12      637  -1     1100      400     KMK88-47
LMC    79.52125  -69.17161   7.69   0.54   7.98   0.09      433  -1     1500      250     H88-265
LMC    78.05500  -68.95125   8.19   0.15   7.98   0.14      625  -1      700      350     HS166
LMC    73.40000  -67.87167   6.79   0.15   8.00   0.26       41  -1     1650      850     HS56, KMHK218
LMC    75.80833  -70.09167   8.94   0.09   7.99   0.16     1786  -1      400      150     HS99, KMHK483
LMC    77.01667  -70.02833   7.16   0.15   7.99   0.07       72  -1      500      100     BSDL691
LMC    73.13333  -69.39000   7.28   0.15   7.99   0.16      105  -1      800      400     HS49
LMC    80.34487  -69.90931   8.21   0.15   8.14   0.28      631  -1      900      875     KMK88-50
LMC    76.99583  -69.87500   8.20   0.18   8.04   0.26     1921  -1     2675     1825     SL251, KMHK574
LMC    77.48254  -69.33064   7.86   1.06   8.07   0.09      254  -1      850      225     H88-172
LMC    74.04583  -68.88833   7.23   0.15   8.00   0.20      128  -1     1400      700     BSDL274
LMC    82.99542  -67.97056   7.21   0.15   8.00   0.12      129  -1     1400      400     BRHT38B, KMHK1032
LMC    75.46250  -69.92000   7.70   0.54   8.01   0.10      172  -1      600      100     KMHK461
LMC    78.47487  -69.40525   8.10   0.15   8.01   0.09      520  -1      750      225     BSDL948
LMC    83.89167  -69.39667   7.18   0.15   8.01   0.13       93  -1      950      475     SESG1
LMC    82.82917  -68.81667   7.20   0.15   8.01   0.10      126  -1     1400      325     KMK88-63, SL541
LMC    74.80833  -67.90833   8.56   0.09   8.29   0.35     1459  -1     1775     1400     SL154, H88-73, KMHK390
LMC    74.56667  -68.82167   8.58   0.09   8.29   0.28      759  -1      800      600     H88-59, H80F1-37, KMHK371
LMC    79.11100  -69.08028   8.93   0.09   8.02   0.22     1803  -1      550      500     H88-245
LMC    73.91250  -67.82167   7.66   0.54   8.25   0.23      142  -1      625      375     H88-34, KMHK285
LMC    82.73333  -69.10667   7.63   0.54   8.11   0.11      146  -1      725      175     HS336
LMC    79.98950  -69.41744   6.83   0.15   8.20   0.17       41  -1     1650     1050     H88-278
LMC    81.45417  -68.82500   7.90   1.06   8.03   0.08      281  -1      800      175     BSDL1650
LMC    82.56667  -68.45833   7.20   0.15   8.02   0.21      143  -1     1650     1175     KMHK985
LMC    77.66712  -69.27403   7.82   0.15   8.05   0.18      325  -1      850      500     H88-184
LMC    77.41667  -70.35667   8.09   0.15   8.10   0.15      581  -1      925      550     HS140, KMHK608
LMC    80.43750  -68.91667   7.94   0.15   8.08   0.20      394  -1      650      600     HS247
LMC    75.85417  -69.73833   7.88   1.06   8.04   0.18      483  -1      950      475     HS100, KMHK485
LMC    77.73296  -68.94342   8.34   0.09   8.09   0.17      871  -1      750      275     KMK88-35, H88-187
LMC    75.85067  -68.85825   7.21   0.15   8.04   0.10      149  -1     1200      275     OGLE-LMC0038
LMC    79.57083  -69.34667   8.97   0.09   8.05   0.17     1368  -1      400      250     BSDL1169
LMC    77.14579  -69.17669   9.00   0.09   8.30   0.27     2228  -1      900      400     HS127
LMC    82.87917  -69.48500   7.20   0.15   8.05   0.09       64  -1      800      250     BSDL2164
LMC    80.12500  -69.31333   8.30   0.15   8.05   0.07      570  -1      550      150     H88-282
LMC    80.27279  -70.04592   7.21   0.15   8.05   0.07       86  -1     1100      125     BSDL1335
LMC    76.04912  -69.30289   8.06   0.15   8.06   0.26     1294  -1     2200     1450     KMK88-5, H88-105
LMC    79.05833  -69.82500   8.07   0.15   8.16   0.18      619  -1      975      600     HS203
LMC    79.36079  -69.37550   9.00   0.09   8.07   0.47    17219  -1     3200     4400     SL357, BRHT9
LMC    78.25833  -70.67167   7.28   0.15   8.07   0.19      101  -1      550      375     BSDL918
LMC    80.14462  -70.01472   7.20   0.15   8.07   0.03      268  -1     3200      250     HS242
LMC    76.15000  -70.40000   7.18   0.15   8.08   0.12       69  -1      800      250     BSDL551
LMC    74.22500  -70.43000   8.21   0.15   8.17   0.24     2491  -1     4000     2250     NGC1775, SL129
LMC    74.86250  -70.41667   8.38   0.09   8.04   0.20     1600  -1     1025      700     SL160, KMHK402
LMC    78.39896  -68.82453   8.81   0.09   8.10   0.28     1690  -1      600      725     HS179
LMC    76.82917  -68.98500   6.95   0.15   8.10   0.15       65  -1     1000      225     KMK88-21, H88-140
LMC    83.30833  -68.71667   8.51   0.09   8.11   0.08      560  -1      300       75     KMK88-72
LMC    73.52917  -69.94000   7.21   0.15   8.11   0.11       38  -1      650      250     BSDL201
LMC    74.95000  -68.31500   8.30   0.09   8.41   0.29      328  -1      850      675     KMHK403
LMC    73.62083  -69.92000   8.19   0.15   8.15   0.20      540  -1      700      300     SL90, KMHK250
LMC    80.79304  -69.86706   7.97   0.17   8.13   0.25     1837  -1     4500     1950     HS263
LMC    73.92083  -67.78333   7.22   0.15   8.13   0.06       68  -1      900      150     H88-33, KMHK286
LMC    81.86250  -68.88833   7.80   0.15   8.13   0.12      661  -1     2200      650     BSDL1796
LMC    80.29554  -69.94356   8.32   0.09   8.26   0.18      847  -1     1200      500     KMK88-49
LMC    78.84167  -69.04167   8.03   0.15   8.14   0.10      283  -1      750      200     H88-232
LMC    76.08912  -69.38783   7.76   0.54   8.14   0.03     2679  -1     8500      750     NGC1828, SL203
LMC    83.89583  -69.46000   7.87   1.06   8.15   0.15      240  -1      800      400     BSDL2503
LMC    73.93750  -68.28167   7.20   0.15   8.14   0.12       95  -1     1400      325     SL107, KMHK291
LMC    73.23750  -68.27167   8.32   0.09   8.30   0.22      268  -1      450      275     BSDL149
LMC    76.08042  -69.35644   8.24   0.15   8.15   0.21      377  -1      500      350     KMK88-4, H88-104
LMC    75.72825  -68.77111   6.83   0.15   8.15   0.06       30  -1     1400      200     HS95
LMC    73.91250  -70.75833   7.16   0.15   8.16   0.14       89  -1      900      275     BSDL267
LMC    80.37462  -69.82861   7.65   0.55   8.20   0.26     1252  -1     3250     1500     SL412
LMC    83.01250  -69.37000   8.23   0.15   8.22   0.38     3169  -1     5500     3050     HS346
LMC    74.89583  -68.87500   7.05   0.15   8.17   0.07      110  -1     1100      250     HS78, KMHK400
LMC    80.51375  -69.25497   8.27   0.15   8.27   0.32     4466  -1     8250     3600     SL419
LMC    79.97917  -68.80167   8.79   0.09   8.18   0.21      794  -1      400      325     H88-276
LMC    83.59583  -69.41500   9.00   0.09   8.19   0.28     1318  -1      350      350     BSDL2405
LMC    79.40942  -68.97264   7.16   0.15   8.20   0.12      187  -1     1600      500     HS211
LMC    77.93225  -68.78581   7.97   0.17   8.20   0.11      325  -1     1000      225     KMK88-37, H88-203
LMC    84.56250  -68.89333   8.46   0.09   8.21   0.20      308  -1      250      175     KMK88-92, H88-299
LMC    83.37083  -69.29167   8.83   0.09   8.21   0.23     1138  -1      500      325     BSDL2311
LMC    72.67917  -69.08833   7.00   0.13   8.21   0.09       76  -1     1200      175     KMHK144
LMC    82.18333  -67.06000   8.05   0.15   8.21   0.08      515  -1     1300      250     HS318, KMHK948
LMC    77.57829  -69.27258   8.61   0.09   8.38   0.29      724  -1      875      550     HS155
LMC    83.57917  -68.99000   8.21   0.15   8.22   0.08      817  -1     1400      250     KMK88-76
LMC    72.97917  -69.56167   7.20   0.15   8.22   0.07       59  -1      950      150     KMHK176
LMC    79.93750  -69.66833   8.19   0.15   8.23   0.35     1820  -1     3500     2050     KMK88-46
LMC    84.07917  -68.86500   8.27   0.15   8.24   0.13      350  -1      550      150     KMK88-84, KMHK1133
LMC    76.55333  -68.84833   7.64   0.54   8.24   0.11      182  -1     1000      250     KMK88-17
LMC    77.01612  -69.30103   8.83   0.09   8.25   0.16      991  -1      450      300     KMK88-22
LMC    74.77500  -70.16833   7.64   0.64   8.26   0.35     1002  -1     2700     1725     ESO56SC41, NGC1791, SL155
LMC    79.89117  -69.54219   8.64   0.17   8.29   0.26     9597  -1     8750     7000     SL387, BRHT35
LMC    78.29854  -69.31250   8.77   0.09   8.27   0.15    44463  -1    33000    13000     NGC1872, SL318
LMC    73.53750  -69.45333   7.46   0.15   8.27   0.12       83  -1      650      250     BSDL196
LMC    79.60650  -69.32506   8.29   0.15   8.29   0.43     2249  -1     4000     2925     HS218
LMC    81.25471  -69.43419   8.27   0.15   8.29   0.14     7870  -1    15000     6250     SL453
LMC    80.15417  -70.96436   8.94   0.09   8.29   0.13      904  -1      350      125     HS232, KMHK805
LMC    75.95833  -70.37167   8.25   0.15   8.30   0.21      673  -1     1300      475     KMHK494
LMC    75.37167  -68.71217   6.92   0.15   8.30   0.09      122  -1     4000      900     KMHK448, SL176
LMC    76.39912  -68.62847   8.27   0.15   8.30   0.18     6668  -1    13000     4250     NGC1836, SL223
LMC    82.73750  -69.34333   8.82   0.09   8.48   0.17     1614  -1     1400      550     HS335
LMC    79.97654  -68.96464   8.93   0.09   8.55   0.43     8241  -1     7750     4000     SL390
LMC    82.20000  -68.98500   7.92   0.15   8.32   0.40     1754  -1     6500     3400     HS319, BRHT52A
LMC    74.61667  -67.37667   9.00   0.09   8.32   0.15     1837  -1      800      250     HS77, KMHK373
LMC    75.55417  -70.83667   8.41   0.09   8.34   0.19      698  -1     1100      500     KMHK471
LMC    72.33333  -68.19333   7.00   0.13   8.34   0.12       73  -1     1300      325     KMHK116
LMC    78.91858  -69.33839   7.15   0.15   8.35   0.24      177  -1     2000     1000     H88-234
LMC    80.51667  -68.15333   8.94   0.09   8.36   0.04     4446  -1     2500      250     KMHK823
LMC    78.88333  -70.33500   8.41   0.09   8.36   0.15     1690  -1     2700     1100     SL342, KMHK701
LMC    78.10421  -68.77194   8.77   0.09   8.38   0.20    12589  -1    12000     6000     NGC1865, SL307
LMC    74.21250  -70.10000   8.18   0.15   8.39   0.06      205  -1      700      100     KMHK335
LMC    79.67212  -69.07947   8.39   0.09   8.40   0.36     1486  -1     2700     1825     H88-269
LMC    73.60833  -68.24833   8.99   0.09   8.41   0.32     3695  -1     1950     1125     SL92, KMHK240
LMC    81.07500  -68.85833   8.44   0.09   8.42   0.29     1294  -1     2200     1325     HS273
LMC    78.67500  -68.95000   9.40   0.09   8.43   0.20     4446  -1     1000      550     BSDL993
LMC    85.70833  -68.79000   8.99   0.09   8.43   0.06     1854  -1      900      150     H88-323, KMHK1279
LMC    74.57083  -70.08000   8.90   0.09   8.43   0.18     2630  -1     2350     1050     SL146, KMHK377
LMC    73.76250  -67.96500   8.36   0.09   8.44   0.15      244  -1      600      200     H88-26
LMC    72.79583  -67.53500   8.35   0.09   8.45   0.32      840  -1     1650     1150     HS38, KMHK148
LMC    81.50000  -67.25667   7.92   0.15   8.45   0.27      520  -1     2500     1125     HS288, KMHK885
LMC    75.14167  -69.61333   8.48   0.09   8.45   0.11     9817  -1    18000     4000     NGC1801, SL170
LMC    76.10000  -69.46833   8.51   0.09   8.46   0.17      586  -1      900      400     BSDL528
LMC    77.19167  -68.68667   8.40   0.09   8.46   0.03     1570  -1     3200      350     SL260
LMC    79.17917  -69.20333   7.85   1.06   8.47   0.26      360  -1     1900      800     H88-252
LMC    80.31250  -68.44500   8.77   0.09   8.47   0.35     2559  -1     2700     1375     SL407, KMHK810
LMC    76.95833  -70.39167   8.56   0.09   8.50   0.35     1722  -1     2600     1950     SL252, KMHK570
LMC    77.89312  -69.10947   8.81   0.09   8.48   0.11     1675  -1     1800      550     HS161
LMC    78.44167  -69.08167   9.00   0.09   8.49   0.21     2168  -1     1400      600     HS180
LMC    80.25862  -70.87336   9.00   0.09   8.49   0.19     2679  -1     1700      950     SL406, KMHK814
LMC    76.42500  -70.32500   8.48   0.09   8.50   0.41     2679  -1     5500     3000     SL224, KMHK534
LMC    77.30000  -70.79667   7.37   0.15   8.50   0.28       85  -1     1000      500     BSDL749
LMC    76.11667  -70.17000   8.55   0.09   8.51   0.27      619  -1     1100      500     BSDL542
LMC    77.43333  -70.30833   8.83   0.09   8.51   0.26     4613  -1     5000     2750     BSDL767
LMC    78.85750  -69.05075   8.85   0.09   8.51   0.17     1343  -1     1400      600     HS198
LMC    74.27917  -67.83000   8.00   0.20   8.52   0.07      288  -1     1300      225     KMHK333, H88-48
LMC    76.60221  -68.70522   8.48   0.09   8.52   0.08     1854  -1     3200      650     HS117
LMC    77.62083  -70.91000   8.87   0.09   8.72   0.18     5546  -1     7750     2250     SL291, KMHK626
LMC    77.49896  -69.35400   8.76   0.14   8.58   0.31     8188  -1    10500     7750     SL276
LMC    78.20417  -70.47167   8.55   0.09   8.54   0.03     4742  -1     9000      500     NGC1878, SL316
LMC    78.94387  -69.19189   8.55   0.09   8.55   0.05      794  -1     1600      250     H88-235
LMC    74.12083  -67.62333   8.96   0.09   8.71   0.17     1977  -1     2850      650     H88-40, KMHK310
LMC    73.84583  -70.31833   8.56   0.09   8.55   0.03      492  -1      950      125     KMHK288
LMC    75.67083  -69.52692   8.89   0.09   8.55   0.27     1528  -1     1500     1175     BSDL471
LMC    82.24583  -68.41833   7.00   0.13   8.56   0.41      233  -1     5500     2875     SL503, KMHK952
LMC    75.46537  -69.21431   8.81   0.09   8.56   0.03     3436  -1     4000      500     SL181
LMC    76.74654  -69.31992   8.54   0.09   8.57   0.02     1247  -1     2700      250     HS119, H88-137
LMC    73.27500  -69.04333   8.98   0.09   8.58   0.28    11482  -1     9000     4600     KMHK208
LMC    76.89583  -70.74833   8.28   0.15   8.38   0.26     3262  -1     8000     3000     SL249, KMHK562
LMC    74.12917  -69.98167   8.98   0.09   8.78   0.21     6117  -1     8000     3500     SL124E, KMHK324E
LMC    79.76896  -69.81064   8.95   0.09   8.61   0.54     4365  -1     4500     3575     HS227
LMC    84.13333  -68.81167   8.95   0.09   8.59   0.07     6730  -1     5500     1250     SL607, KMHK1137
LMC    78.20000  -70.61333   8.99   0.09   8.60   0.07      938  -1      600      175     KMHK662
LMC    73.03333  -68.45000   8.57   0.09   8.61   0.29      488  -1     1100      600     HS48, KMHK177
LMC    79.16667  -70.54000   8.66   0.09   8.61   0.03     4742  -1     8000      500     SL352, KMHK715
LMC    72.80000  -69.97167   8.57   0.09   8.41   0.23      887  -1     1225      775     HS40, KMHK159
LMC    74.54167  -69.06167   8.61   0.09   8.72   0.09     1127  -1     2700      500     HS76, KMHK370
LMC    77.73258  -69.55931   8.79   0.11   8.66   0.26     6324  -1     9500     4750     SL296
LMC    75.57883  -69.53494   8.77   0.09   8.66   0.12      946  -1     1300      300     BSDL463
LMC    84.75417  -69.36833   8.88   0.09   8.67   0.14     1294  -1     1400      650     H88-302
LMC    83.66250  -68.30500   8.66   0.12   8.70   0.15     3540  -1     7000     2500     SL588, KMHK1101
LMC    77.27500  -69.71667   8.74   0.09   8.71   0.10     2033  -1     3500      750     SL266, KMHK592
LMC    79.45271  -69.64458   9.00   0.09   8.69   0.21    26546  -1    25000    15500     H2, SL363
LMC    80.85000  -69.02167   8.66   0.09   8.70   0.20     2399  -1     5000     2000     SL434
LMC    76.12737  -69.35508   8.70   0.09   8.70   0.03     2780  -1     5500      500     KMK88-7, H88-108, BRHT3
LMC    77.89583  -70.04333   8.91   0.09   8.79   0.17      759  -1     1000      475     KMHK643
LMC    77.45512  -69.08444   9.30   0.09   8.89   0.23     8954  -1     6350     2650     HS141
LMC    75.40396  -69.03822   8.86   0.09   8.72   0.07     5058  -1     7000     1000     SL180
LMC    74.54167  -68.06000   8.95   0.09   8.73   0.07     2168  -1     2500      750     H88-52, KMHK365
LMC    73.22500  -69.77833   8.75   0.09   8.73   0.13     1123  -1     2200      700     KMHK203
LMC    82.93333  -67.18500   8.80   0.09   8.73   0.01     1556  -1     2500      250     HS338, KMHK1015
LMC    82.07500  -68.68167   8.76   0.09   8.73   0.08      991  -1     1700      400     KMHK941
LMC    75.34912  -68.87292   8.83   0.09   8.74   0.11     1614  -1     2500      750     H88-96
LMC    77.58750  -70.77667   8.94   0.09   8.79   0.18     9023  -1    12500     6000     NGC1861, SL286
LMC    74.35833  -67.68500   9.00   0.09   8.79   0.36     2128  -1     1800     1000     SL132, KMHK348
LMC    74.48333  -68.20000   8.88   0.09   8.80   0.36     1931  -1     3250     1250     SL139, KMHK358
LMC    74.72500  -67.84667   8.97   0.09   8.84   0.07     1019  -1     1200      200     H88-67
LMC    74.82917  -68.84333   7.18   0.15   8.79   0.01      417  -1    13000     1000     BRHT61A
LMC    73.55833  -68.30667   8.98   0.09   8.80   0.13      780  -1      850      375     BSDL189
LMC    76.10392  -69.34992   8.91   0.09   8.80   0.13     1282  -1     1800      650     H88-107
LMC    77.54167  -70.37667   8.96   0.09   9.13   0.32     2655  -1     2600     1500     SL282, KMHK619
LMC    75.12067  -68.64097   8.99   0.09   8.81   0.34     1770  -1     1800      450     KMHK423
LMC    75.89037  -67.62608   8.98   0.09   8.81   0.03     3664  -1     4500      500     SL197, KMHK482
LMC    74.54583  -68.58167   8.99   0.09   8.82   0.04     1247  -1     1200      150     H88-58, H80F1-36
LMC    73.63750  -68.99500   8.92   0.09   8.82   0.10      698  -1     1000      250     H88-21, H80F1-18
LMC    76.60058  -69.56836   8.83   0.09   8.82   0.06     1368  -1     2700      350     BSDL634
LMC    74.15000  -68.16500   8.95   0.09   8.86   0.12    10756  -1    14000     4750     SL119, KMHK316
LMC    77.31146  -69.58817   9.00   0.09   8.93   0.10    26182  -1    39500    10500     SL268
LMC    76.96262  -69.43639   8.94   0.09   8.83   0.14     7727  -1    12000     3500     SL250
LMC    80.77917  -69.01167   8.96   0.09   8.84   0.04     1225  -1     1600      250     H88-296
LMC    78.89167  -70.75167   8.99   0.09   8.84   0.02     2249  -1     3000      250     KMHK704
LMC    74.75417  -69.04167   8.94   0.09   8.85   0.03     1548  -1     2450      250     H88-68, H80F1-44, KMHK389
LMC    75.91096  -69.38622   8.91   0.09   8.85   0.01     2754  -1     5000      500     HS102
LMC    83.09583  -67.99667   8.99   0.09   8.86   0.04      667  -1      750      150     KMHK1045
LMC    73.22917  -67.45000   8.93   0.09   8.46   0.41     2606  -1     2550     1950     SL71, KMHK194
LMC    76.26246  -68.91039   8.97   0.09   8.87   0.14     7656  -1    12000     3750     KMK88-11, H88-117
LMC    77.44167  -68.58500   8.88   0.09   8.87   0.07     1472  -1     3000      500     HS138, BRHT46A
LMC    74.70417  -68.63639   8.88   0.09   8.88   0.06      879  -1     1800      200     KMHK381E
LMC    73.75417  -67.71500   8.95   0.09   8.87   0.03     2148  -1     3000      500     SL96, H88-25, KMHK256
LMC    76.88750  -69.49833   8.84   0.09   8.88   0.14     1086  -1     2500      750     H88-146
LMC    78.54167  -70.68500   9.30   0.09   8.89   0.11     4169  -1     2700      750     HS184, KMHK681
LMC    74.70833  -67.82667   8.96   0.09   8.90   0.06      847  -1     1600      250     H88-66
LMC    71.69167  -69.74333   9.00   0.09   9.05   0.18      863  -1     2000     1250     KMHK87
LMC    74.37500  -69.05167   8.98   0.09   9.19   0.28     7516  -1    23500    11500     SL136, KMHK352
LMC    82.94167  -68.23500   9.48   0.09   8.91   0.22     2051  -1      700      450     KMHK1023
LMC    74.97083  -67.92333   9.00   0.09   8.46   0.48     3133  -1     3350     2150     SL162, H88-79, KMHK406
LMC    76.38750  -69.11667   9.00   0.09   8.95   0.04     5702  -1     9000     1000     HS112
LMC    75.21250  -67.80333   9.00   0.09   9.02   0.07     3062  -1     6000     1000     HS85, KMHK428
LMC    76.47083  -70.37167   8.96   0.09   8.97   0.25     3802  -1     7500     3250     HS115, KMHK537
LMC    72.38750  -69.72833   9.00   0.09   9.00   0.32     4018  -1     7000     3750     HS35, KMHK124
LMC    73.87500  -68.88333   9.00   0.09   8.97   0.09     8710  -1     6500     1250     HS65, H88-31, H80F1-25
LMC    76.43517  -68.50683   9.30   0.09   8.99   0.14     4093  -1     3700     1000     HS111
LMC    83.68333  -69.39000   9.00   0.09   9.02   0.04     9817  -1    19000     1500     HS359
LMC    74.71250  -69.95833   9.42   0.09   9.19   0.20    15183  -1    14000     6500     SL151, KMHK388
LMC    75.54583  -67.98833   8.85   0.15   9.03   0.02    43081  -1   100000     2500     NGC1806, SL184
LMC    76.09167  -69.46500   9.48   0.09   9.03   0.30     4742  -1     3200     3050     BSDL525
LMC    75.29583  -67.81833   9.00   0.09   9.04   0.12     8630  -1    19000     8000     SL174, KMHK439
LMC    75.17137  -69.34136   9.30   0.09   9.04   0.16     4786  -1     5000     2650     HS87
LMC    75.61667  -70.29167   9.00   0.09   9.05   0.19     2270  -1     5000     2750     HS94, KMHK468
LMC    73.55000  -69.80667   9.48   0.09   9.06   0.01    97275  -1    65000    10000     NGC1751, SL89
LMC    85.29167  -69.17833   9.30   0.09   9.07   0.23    11482  -1    14000     6000     BSDL2794
LMC    85.77083  -68.72500   9.00   0.09   9.08   0.17     1127  -1     2700     1600     BM10
LMC    83.33333  -68.15167   8.85   0.09   9.08   0.01     6546  -1    18000     1000     SL569, KMHK1065, H3
LMC    75.57500  -68.54500   9.48   0.09   9.22   0.14     3722  -1     4750     2750     HS92, KMHK467
LMC    74.33750  -70.48333   9.48   0.09   9.27   0.18     3698  -1     1950     1100     KMHK355
LMC    81.59583  -68.04667   9.00   0.09   9.12   0.03    48753  -1     6000     1500     KMHK898
LMC    78.48750  -68.71333   9.48   0.09   9.13   0.06    18880  -1    15000     3500     BSDL946
LMC    74.74583  -69.21667   9.00   0.09   9.29   0.17     4093  -1     7000     4625     SL150, KMHK386
LMC    78.03942  -68.91231   9.81   0.09   9.15   0.14    11482  -1     4000     3250     KMK88-38, H88-206
LMC    76.66250  -69.36833   9.48   0.09   9.16   0.20     4325  -1     3200     2050     H88-135
LMC    84.59167  -68.40667   9.00   0.09   9.20   0.17      773  -1     2700     1250     KMHK1167
LMC    77.33750  -69.38167   8.97   0.09   9.22   0.15      560  -1     2200      950     H88-167
LMC    72.97917  -70.39000   9.48   0.09   9.23   0.15    15996  -1    20000     3500     SL66, KMHK180
LMC    84.62917  -68.14000   9.48   0.09   9.24   0.11     3802  -1     5000     2000     BSDL2652
LMC    84.58750  -68.78167   9.48   0.09   9.31   0.02     6138  -1    10000      750     SL629, KMHK1169
LMC    75.26250  -68.08167   9.48   0.09   9.39   0.27     7244  -1     7350     5650     HS88, KMHK436
LMC    83.81250  -68.87000   9.48   0.09   9.38   0.11     3251  -1     6000     1500     KMHK1112
LMC    76.90417  -68.54167   9.48   0.09   9.43   0.01    28576  -1    35000     4000     SL244
LMC    78.70329  -69.45678   9.48   0.09   9.44   0.35    15276  -1    19000     8000     HS190
LMC    79.75875  -69.00106   9.48   0.09   9.46   0.08    59156  -1   100000     5000     NGC1917, SL379
LMC    83.32917  -68.89167   9.00   0.09   9.47   0.03     8710  -1    35000    14000     BSDL2300
LMC    77.30396  -69.28333   9.48   0.09   9.48   0.23     4406  -1     3500     3750     BSDL734
LMC    82.50304  -69.52697   9.70   0.09   9.48   0.06     7943  -1    12000     2000     OGLE-LMC0531
LMC    84.87500  -68.32167   9.48   0.09   9.48   0.02     4365  -1     3500     1300     KMHK1188
LMC    74.27083  -68.41333   6.61   0.15   6.63   0.15     1028  -1      600     1750     BSDL305
LMC    81.96667  -68.98667   6.52   0.15   6.69   0.13      413  -1      400      900     BSDL1834
LMC    79.56667  -69.25167   6.92   0.15   6.72   0.15     6427  -1    15000     9000     H88-267
LMC    84.04167  -68.92833   9.00   0.09   6.81   0.03   107647  -1     3200      750     BRHT16B, KMHK1131
LMC    76.23747  -70.71584   6.61   0.15   6.81   0.12      738  -1      200     1150     NGC1837, SL217
LMC    83.61250  -69.42833   6.60   0.15   6.89   0.17      120  -1     1400      800     KMK88-77
LMC    81.93333  -68.98500   7.30   0.52   6.95   0.09    11066  -1     9000     4000     SL492, ESO56SC133
LMC    84.95833  -69.38667   6.79   0.15   6.98   0.21      143  -1      600     1475     BSDL2721
LMC    73.57500  -69.31167   6.61   0.15   7.01   0.04      169  -1     1500      100     H88-18, H80F1-17, KMHK242
LMC    76.24167  -70.51833   6.60   0.15   7.03   0.22      116  -1      200      500     BSDL579
LMC    83.91250  -68.86167   6.45   0.15   7.12   0.23      273  -1     1800     1500     KMK88-81
LMC    81.91667  -69.13500   6.62   0.15   7.13   0.21     2679  -1    12000     7250     NGC1984, SL488
LMC    83.20417  -67.34333   6.69   0.15   7.14   0.11      441  -1     1000     1250     SL564, KMHK1054
LMC    84.04583  -69.19667   7.20   0.15   7.15   0.06     2168  -1     6500     1250     LT-DELTA, BRHT17A, KMK88-88
LMC    82.11250  -68.98167   6.62   0.15   7.15   0.18      619  -1     1600     2800     HS314
LMC    83.07917  -67.52167   6.69   0.15   7.16   0.18     1406  -1    10000     5000     NGC2011, SL559
LMC    82.66667  -67.28667   7.28   0.15   7.18   0.12    20512  -1    30000     8000     NGC2004, SL523
LMC    85.05417  -69.40167   6.92   0.15   7.19   0.04      759  -1     2700      350     BSDL2747
LMC    75.85000  -70.33667   6.45   0.15   7.20   0.21      453  -1     3200     2050     NGC1823, SL198
LMC    82.65417  -67.18667   6.70   0.13   7.20   0.23      313  -1      900     2400     SL522, KMHK988
LMC    81.67917  -69.10167   7.30   0.52   7.22   0.05     4406  -1     9500     1500     NGC1967, SL478
LMC    73.89583  -69.44833   6.81   0.15   7.24   0.02      592  -1     7000      500     KMHK292
LMC    85.62500  -68.27472   7.00   0.13   7.24   0.14     2377  -1     7500     4500     NGC2098, SL667
LMC    85.40833  -69.31333   6.62   0.15   7.26   0.12      142  -1     1500      850     H88-315
LMC    83.05833  -67.68000   6.62   0.15   7.27   0.11      133  -1     1000      750     BSDL2213
LMC    81.60000  -69.21000   6.63   0.15   7.27   0.10      133  -1      950      800     BSDL1715
LMC    85.41250  -69.23000   7.21   0.15   7.27   0.23      110  -1      950      800     H88-316
LMC    74.11250  -69.40333   7.00   0.13   7.28   0.16     3499  -1    10000     4750     NGC1767, SL120
LMC    85.34167  -69.22333   6.70   0.13   7.30   0.02      350  -1     2500      350     NGC2092, ESO57SC22
LMC    81.62083  -67.70000   6.61   0.15   7.31   0.19       55  -1      250      350     KMHK900
LMC    73.24583  -69.36667   6.45   0.15   7.32   0.11      158  -1     1700      900     KMHK205
LMC    84.04167  -68.91167   6.85   0.15   7.33   0.01      373  -1     4000      400     SL601, BRHT16A, KMHK1130
LMC    72.84583  -69.58500   6.63   0.15   7.33   0.16       90  -1      800      650     KMHK164
LMC    82.05000  -67.12167   6.67   0.15   7.33   0.09       71  -1     1000      550     KMHK930
LMC    82.94167  -68.55833   6.62   0.15   7.33   0.34      149  -1     1700     1500     BCDSP7
LMC    72.79167  -69.39500   6.49   0.15   7.33   0.23      219  -1     2500     1650     BSDL104
LMC    78.14346  -69.28714   7.01   0.15   7.34   0.08     1009  -1     3500     1000     KMK88-40, H88-211
LMC    85.23750  -69.46500   6.70   0.13   7.34   0.03       62  -1     1200      100     BSDL2786
LMC    74.02917  -69.24667   7.32   0.15   7.35   0.10     2355  -1     6500     1000     SL114, KMHK305
LMC    84.56667  -69.06667   6.98   0.15   7.35   0.10     2399  -1     9500     2500     M-OB1, H88-301
LMC    81.90833  -69.14167   6.63   0.15   7.38   0.11      608  -1     5500     1750     BSDL1818
LMC    75.93750  -70.35333   6.59   0.15   7.38   0.13       93  -1     1300      750     KMHK493
LMC    76.74308  -69.14736   7.18   0.15   7.39   0.17      973  -1     3000     2900     SL237
LMC    82.78333  -67.48333   6.69   0.15   7.39   0.16       89  -1      900      750     KMHK1002
LMC    73.88333  -69.49667   6.53   0.15   7.41   0.28      247  -1     3500     2400     SL109, KMHK290
LMC    85.52500  -68.36333   6.69   0.15   7.42   0.18      179  -1     2500     1325     KMHK1251
LMC    85.24167  -69.43667   7.15   0.15   7.43   0.26     1706  -1     5500     3925     NGC2091, SL653
LMC    83.37500  -67.45333   6.69   0.15   7.43   0.24      353  -1     4500     2425     NGC2021, SL570
LMC    84.97917  -69.40667   6.57   0.15   7.44   0.25       64  -1     2500     1625     BSDL2726
LMC    82.14167  -67.22500   7.28   0.15   7.45   0.12     2291  -1     6500     2000     SL498, KMHK943
LMC    77.91725  -68.72664   7.76   0.54   7.45   0.20     8017  -1     9500     5250     NGC1863, SL299
LMC    83.62083  -67.45333   6.58   0.15   7.45   0.16       53  -1     1100      650     BRHT63A
LMC    83.60833  -67.44667   6.71   0.15   7.45   0.15       50  -1      750      700     BRHT63B
LMC    74.13750  -69.37000   6.70   0.13   7.45   0.28      182  -1     2700     1900     SL123, KMHK320
LMC    73.77083  -69.05833   7.02   0.15   7.46   0.07      501  -1     2200      250     KMHK270
LMC    81.96250  -69.22167   6.69   0.15   7.47   0.28      200  -1     3000     1900     BSDL1837
LMC    83.08333  -67.52833   7.04   0.15   7.48   0.02      759  -1     3000      400     BRHT14B, KMHK1040
LMC    85.45417  -68.92167   7.00   0.13   7.48   0.15     1271  -1     6500     2650     NGC2093, SL657
LMC    74.11250  -67.93333   7.19   0.15   7.49   0.07      575  -1      750       75     BRHT60A, KMHK309N
LMC    73.67500  -69.06000   6.49   0.15   7.50   0.21      196  -1     2700     1300     KMHK251
LMC    72.26667  -69.11500   7.19   0.15   7.50   0.27     1754  -1     5500     4300     NGC1698, SL45
LMC    73.96667  -69.70667   6.81   0.15   7.51   0.16      201  -1     1900      500     BSDL268
LMC    84.68333  -68.44500   6.70   0.13   7.51   0.35       42  -1      850      800     KMHK1174
LMC    72.63333  -70.07500   7.62   0.54   7.52   0.17     2291  -1     3200     1400     SL56, KMHK142
LMC    73.67500  -70.35833   6.95   0.15   7.52   0.07      525  -1     2200      550     BH27C2, KMHK264
LMC    73.73333  -70.60333   6.54   0.15   7.53   0.05       72  -1     1300      200     SL102, HS62, BRHT44A
LMC    83.60000  -69.10333   7.18   0.15   7.54   0.09      625  -1     2200      350     BSDL2402
LMC    75.47500  -70.52333   7.16   0.15   7.54   0.14      380  -1     1600      750     KMHK464
LMC    75.66667  -70.31833   7.00   0.15   7.54   0.22      492  -1     2500     1350     NGC1813, SL190
LMC    73.75000  -70.90333   6.54   0.15   7.55   0.03       77  -1     1500      300     HS63, KMHK278
LMC    73.83750  -69.94167   6.71   0.15   7.56   0.14       37  -1      450      400     HS66, KMHK284
LMC    72.54167  -68.99833   7.00   0.13   7.57   0.05      597  -1     3500      600     SL49
LMC    76.78558  -68.97297   7.20   0.15   7.58   0.26     2443  -1    15000     8500     NGC1847, SL240
LMC    76.30058  -68.55283   7.22   0.15   7.60   0.14      679  -1     3000     1150     SL212
LMC    85.30000  -68.86500   6.71   0.15   7.60   0.20      215  -1     4500     1950     H88-309, KMHK1230
LMC    74.21667  -68.00500   7.00   0.13   7.62   0.25      231  -1     2200     1600     BRHT45B
LMC    73.76667  -69.46167   6.71   0.15   7.62   0.27      100  -1     2200     1400     KMHK271
LMC    78.20408  -68.86428   7.19   0.15   7.62   0.25      449  -1     2700     2000     KMK88-42, H88-216
LMC    75.61250  -70.62167   7.25   0.15   7.63   0.16     1294  -1     4500     2150     NGC1815, SL189
LMC    82.01250  -68.81167   7.29   0.15   7.63   0.14     2270  -1     8000     2250     SL495, KMHK933
LMC    74.22500  -68.00167   6.73   0.15   7.65   0.12       35  -1      900      550     HS72, BRHT45A, KMHK326
LMC    76.58500  -70.47972   7.38   0.15   7.65   0.12     1472  -1     4000     1400     SL232, KMHK545
LMC    75.12500  -68.45667   7.25   0.15   7.66   0.05      625  -1     3500      350     KMHK424
LMC    76.54200  -70.01450   6.93   0.15   7.66   0.14      160  -1     1000      550     KMHK540
LMC    83.67083  -67.50333   7.28   0.15   7.66   0.16     2148  -1     6500     2250     KMHK1098
LMC    76.23846  -70.01900   7.28   0.15   7.67   0.23      887  -1     4000     2150     SL216, KMHK521
LMC    76.97917  -70.03333   7.19   0.15   7.67   0.19      283  -1     2500     1600     KMHK572
LMC    73.12083  -68.82833   6.54   0.15   7.67   0.21       81  -1     1700      900     H88-12, H80F1-11, KMHK189
LMC    74.10000  -68.80333   7.63   0.54   7.68   0.03     2559  -1     3500      500     SL116, KMHK315
LMC    73.61250  -68.51667   7.51   0.54   7.69   0.11      685  -1      900      325     H88-20, H80F1-16, KMHK244
LMC    75.26875  -69.08425   7.28   0.15   7.70   0.03     1159  -1     4500      500     NGC1804, SL172
LMC    85.76667  -68.74833   6.90   0.15   7.70   0.24       90  -1     1100      650     BSDL2884
LMC    83.56250  -68.54333   6.99   0.15   7.70   0.20      319  -1     2500     1400     SL583, KMHK1088
LMC    84.13333  -68.74333   6.72   0.15   7.71   0.24       30  -1     1000      700     KMK88-86
LMC    84.57083  -67.09500   7.30   0.52   7.72   0.11      110  -1      400      150     HS373, KMHK1164
LMC    73.58333  -67.10000   7.28   0.15   7.72   0.22     5248  -1    12000     5750     NGC1735, SL86
LMC    73.77500  -69.67333   7.57   0.54   7.72   0.27     4920  -1     8500     5150     SL106, KMHK276
LMC    76.35294  -68.50114   7.22   0.15   7.73   0.09      488  -1     2700      750     SL218
LMC    73.86250  -70.89333   6.53   0.15   7.73   0.20       40  -1     1000      650     HS67, KMHK296
LMC    74.25833  -68.24833   6.68   0.15   7.74   0.03      170  -1     2200      400     NGC1768, SL127
LMC    74.52500  -67.24167   7.64   0.54   7.74   0.17     9120  -1    20000     5500     NGC1774, SL141
LMC    80.27083  -69.07167   7.66   0.38   7.75   0.03      333  -1     1700      150     SL408A
LMC    83.55417  -67.85667   7.57   0.54   7.75   0.07     1028  -1     3000      650     SL579, KMHK1085
LMC    85.24583  -68.46500   7.00   0.13   7.75   0.09      631  -1     4500     1250     NGC2088, SL652
LMC    73.68750  -68.96333   7.30   0.15   7.75   0.21     1343  -1     5000     1900     BRHT43B
LMC    78.06212  -68.93114   6.89   0.15   7.76   0.12       70  -1     1100      250     KMK88-39, H88-205
LMC    74.67083  -70.52833   6.53   0.15   7.76   0.41      126  -1     2700     2150     BSDL365
LMC    71.90833  -69.34333   7.18   0.15   7.77   0.03      466  -1     3500      250     NGC1693, SL39, LMC-S66
LMC    76.72729  -68.71883   6.60   0.15   7.77   0.18      258  -1     3000     1600     SL234
LMC    72.75417  -69.38667   7.31   0.15   7.78   0.03      179  -1      900      175     BSDL96
LMC    76.95292  -70.04417   7.19   0.15   7.79   0.04      136  -1     1100      150     BRHT30B, KMHK567
LMC    74.90833  -69.55667   7.18   0.15   7.79   0.20      766  -1     6500     2500     NGC1793, SL163
LMC    74.27083  -67.41333   6.56   0.15   7.80   0.21       48  -1     1000      750     HS73, KMHK330
LMC    84.80417  -68.50000   7.29   0.15   7.80   0.18       91  -1      750      400     HS378, KMHK1183
LMC    73.93333  -69.15667   8.27   0.15   7.81   0.23     1675  -1      650      500     SL110, KMHK294
LMC    73.52083  -69.68167   7.29   0.15   7.83   0.35       60  -1      450      350     BSDL192
LMC    81.85000  -68.93833   7.56   0.54   7.84   0.04      879  -1     3000      350     BSDL1793
LMC    73.29583  -68.65000   7.21   0.15   7.84   0.17      745  -1     5500     2250     NGC1732, SL77
LMC    84.13750  -68.56500   6.81   0.15   7.85   0.06       70  -1     1700      200     SL606, KMHK1136
LMC    73.68333  -68.98167   6.56   0.15   7.85   0.08       36  -1     1000      375     HS60, BRHT43A, KMHK252
LMC    72.01667  -68.79167   7.29   0.15   7.86   0.23      142  -1      900      650     HS28, KMHK104
LMC    85.38333  -68.83833   7.29   0.15   7.86   0.14      150  -1      800      400     H88-312, KMHK1238
LMC    76.51204  -68.62822   7.21   0.15   7.87   0.27     1107  -1     8000     3400     NGC1839, SL226
LMC    82.97500  -68.76833   6.53   0.15   7.87   0.20       17  -1      400      350     KMK88-68, KMHK1033
LMC    71.49167  -69.05333   8.08   0.15   7.88   0.25     1459  -1     1400     1475     KMHK74
LMC    82.99583  -67.36833   6.56   0.15   7.88   0.22       79  -1     2200     1025     HS341, KMHK1028
LMC    73.60833  -68.46167   6.88   0.15   7.89   0.05       77  -1     1400      100     KMHK245
LMC    72.33333  -69.12667   7.23   0.15   7.89   0.17      221  -1     2000      700     KMHK118
LMC    83.62917  -68.69667   6.76   0.15   7.90   0.23       20  -1      900      500     HS357, KMHK1097
LMC    73.80417  -70.19167   7.30   0.15   7.90   0.14      236  -1     1700      550     HS64, KMHK281
LMC    84.15000  -67.28667   7.28   0.15   7.91   0.09      121  -1      950       75     KMHK1134
LMC    76.03750  -71.07667   7.18   0.15   7.93   0.14       86  -1      600      275     KMHK508
LMC    73.25000  -69.62333   7.90   0.15   7.94   0.19     1009  -1     1700     1000     KMHK207
LMC    76.91096  -68.79608   7.23   0.15   7.94   0.04      247  -1     2500      250     HS122
LMC    75.63771  -68.82267   6.96   0.15   7.94   0.29      391  -1     3000     2000     SL188
LMC    73.68750  -70.38167   6.54   0.15   7.94   0.09       53  -1     1500      400     SL100, BH27C1, KMHK265
LMC    76.00833  -70.62667   7.28   0.15   7.94   0.28      263  -1     1600      900     HS104, KMHK499
LMC    75.01750  -67.80000   6.81   0.15   7.95   0.06       49  -1     1700      200     BRHT62A, H88-84, KMHK412
LMC    82.96250  -67.99167   7.20   0.15   7.95   0.10      225  -1     1800      550     SL551, BRHT38A, KMHK1027
LMC    85.16250  -69.25833   6.79   0.15   7.95   0.22       33  -1     1200      600     BSDL2768
LMC    72.38750  -70.04833   7.82   0.15   7.96   0.11      973  -1     2200      700     HS36, KMHK126
LMC    81.74583  -68.45167   7.72   0.54   7.97   0.11      787  -1     2500      600     KMHK914
LMC    73.93750  -68.55000   6.78   0.15   7.98   0.07       13  -1      700       50     H88-36, H80F1-28, KMHK293
LMC    73.65833  -70.81000   7.39   0.15   7.98   0.28      100  -1      700      450     KMHK262
LMC    84.57083  -68.56667   7.19   0.15   7.99   0.05       78  -1      750       75     HS374, KMHK1165
LMC    72.37917  -69.64500   7.28   0.15   7.99   0.20      198  -1     1500      675     BSDL58
LMC    78.23833  -68.94250   7.58   0.54   7.99   0.26      344  -1     1900      875     SL311
LMC    76.40392  -68.71844   7.21   0.15   8.00   0.23      402  -1     2500     1575     HS109
LMC    80.55833  -68.76500   7.56   0.54   8.00   0.17      194  -1      650      350     BSDL1400
LMC    85.87083  -69.16167   8.96   0.09   8.00   0.27     1690  -1      500      450     H88-326
LMC    79.88750  -68.27333   7.30   0.52   8.01   0.03      597  -1     3200      250     SL383, KMHK775
LMC    72.11250  -69.36833   7.56   0.54   8.01   0.17      384  -1     1600      775     HS30, KMHK109
LMC    75.09167  -70.94500   7.29   0.15   8.01   0.28      207  -1     1200      700     SL169, BRHT26A, KMHK430
LMC    85.49167  -69.04667   7.52   0.54   8.02   0.04      194  -1     1200      100     H88-320, KMHK1248
LMC    75.11187  -68.77283   8.05   0.15   8.02   0.21      565  -1      800      475     HS83, KMHK421
LMC    83.92500  -68.66833   6.80   0.15   8.03   0.29       33  -1     1700      900     SL596, KMHK1123
LMC    74.55833  -68.94167   7.53   0.54   8.04   0.04      161  -1      850      100     H88-57, H80F1-39
LMC    72.91667  -68.76667   6.82   0.15   8.05   0.10       33  -1     1000      275     HS43, H88-6, H80F1-5
LMC    82.82917  -68.81667   7.20   0.15   8.05   0.12      126  -1     1400      350     SL541, KMK88-63
LMC    73.22500  -69.25500   6.81   0.15   8.05   0.08       23  -1      600      125     H88-13, H80F1-12
LMC    72.76250  -70.01167   7.27   0.15   8.05   0.22       72  -1      350      375     BSDL103
LMC    74.48333  -70.33167   7.76   0.54   8.06   0.06      258  -1      850      100     KMHK368
LMC    83.92083  -67.70167   7.19   0.15   8.07   0.16      136  -1      950      450     BSDL2489
LMC    81.26250  -68.73333   8.31   0.09   8.08   0.19      982  -1     1500      850     KMHK876
LMC    84.27083  -67.87000   7.68   0.54   8.08   0.24      511  -1     1900      950     HS366, KMHK1142
LMC    75.43946  -67.09553   6.81   0.15   8.08   0.21       22  -1      500      450     SL179, KMHK449
LMC    84.41667  -67.41333   7.48   0.54   8.09   0.27     1585  -1     6500     3250     NGC2053, SL623
LMC    73.65417  -68.96000   9.48   0.09   8.09   0.36    31333  -1     2500     2250     BSDL210
LMC    82.97083  -68.78500   8.28   0.15   8.10   0.21     1127  -1     1200      750     KMK88-69
LMC    75.20833  -71.05444   7.23   0.15   8.10   0.17      113  -1     1200      525     SL175
LMC    74.16250  -68.66667   7.44   0.15   8.11   0.06      294  -1     1600      200     H88-45, H80F1-30, KMHK321
LMC    71.93333  -69.37333   8.16   0.15   8.12   0.20     5495  -1    10000     4000     NGC1695, SL40
LMC    73.17500  -68.78167   6.82   0.15   8.12   0.28       35  -1      750     1000     HS52, KMHK193
LMC    72.20417  -69.39833   7.21   0.15   8.13   0.12       37  -1      650      225     BSDL44
LMC    73.85000  -68.54167   7.68   0.54   8.14   0.05     2729  -1    10000     1000     SL105, KMHK280
LMC    72.73750  -69.12333   8.99   0.09   8.14   0.20     4875  -1      950      650     BSDL94
LMC    74.77500  -70.16833   7.64   0.64   8.15   0.22     1002  -1     4000     1500     NGC1791, SL155
LMC    76.11250  -70.66500   7.20   0.15   8.16   0.22      302  -1     3000     1300     BSDL547
LMC    75.37167  -68.71217   6.92   0.15   8.17   0.05      122  -1     2500      350     SL176, KMHK448
LMC    71.86250  -69.44333   7.28   0.15   8.17   0.19      117  -1     1000      500     HS27, KMHK99
LMC    72.23333  -68.90333   7.20   0.15   8.18   0.16       64  -1     1100      400     HS31, KMHK113
LMC    82.54583  -67.67500   7.21   0.15   8.19   0.06       44  -1      700      100     KMHK980
LMC    73.78750  -68.69667   8.08   0.15   8.19   0.11      655  -1     1000      350     H88-28, H80F1-22
LMC    73.22500  -68.91833   7.19   0.15   8.20   0.30      592  -1     8000     3900     SL75, KMHK199
LMC    83.02500  -67.19333   7.38   0.15   8.22   0.07      122  -1     1000      150     HS344
LMC    75.25417  -67.91667   7.73   0.54   8.27   0.14      211  -1     1000      275     HS86, KMHK435
LMC    83.85417  -68.69167   8.94   0.09   8.27   0.18     2535  -1     1400      550     SL594, KMHK1117
LMC    84.62500  -67.33167   6.95   0.15   8.30   0.15      363  -1     8000     3250     SL628, KMHK1166
LMC    81.36250  -68.83833   8.40   0.09   8.30   0.21     9817  -1    16000     8250     NGC1953, SL459
LMC    73.38750  -68.76833   7.60   0.54   8.33   0.17      643  -1     3000     1050     NGC1734, SL83
LMC    84.83333  -67.05000   8.49   0.09   8.33   0.21     1213  -1     2500     1300     HS377, KMHK1182
LMC    83.54583  -68.59167   8.44   0.09   8.34   0.17     1556  -1     3000     1050     SL580, KMHK1086
LMC    76.85000  -70.81000   8.38   0.09   8.34   0.18     1528  -1     3000     1050     SL246, KMHK561
LMC    72.74583  -69.63667   7.89   1.06   8.37   0.15     2377  -1     7500     2500     SL58, KMHK153
LMC    71.92083  -70.96167   7.89   1.06   8.39   0.17      185  -1      850      325     KMHK103
LMC    74.09167  -68.96667   8.29   0.15   8.39   0.26    10093  -1    20000    11500     SL117, KMHK314
LMC    74.16250  -68.63500   8.47   0.09   8.39   0.25     1191  -1     1600      750     H88-46, H80F1-31, KMHK319
LMC    75.13750  -70.94833   8.41   0.09   8.40   0.04     1028  -1     1700      225     SL171, BRHT26B, KMHK434
LMC    79.99829  -70.66517   8.77   0.09   8.41   0.29     2291  -1     2000     1100     SL395, KMHK793
LMC    72.17083  -69.23000   8.50   0.09   8.45   0.11      692  -1     1600      425     HS32, KMHK111
LMC    74.27917  -67.83000   8.00   0.20   8.46   0.09      288  -1     1000      250     H88-48, KMHK333
LMC    84.34583  -67.34667   8.80   0.09   8.53   0.32      745  -1      450      450     KMHK1147
LMC    73.40000  -67.63833   8.64   0.09   8.57   0.12      667  -1     1100      350     BSDL167
LMC    74.65000  -69.81500   8.92   0.09   8.57   0.06     1570  -1     1400      200     KMHK382
LMC    73.50000  -68.63167   8.53   0.09   8.63   0.21      377  -1      750      350     H88-17, H80F1-14, KMHK230
LMC    72.91250  -70.65500   8.89   0.09   8.65   0.12     2032  -1     2000      650     KMHK170
LMC    81.62083  -68.37500   8.94   0.09   8.68   0.36     3048  -1     2700     2450     SL473, KMHK904
LMC    83.25417  -67.84833   8.92   0.09   8.75   0.14     2208  -1     3000     1000     KMHK1055
LMC    71.19167  -69.64167   8.60   0.09   8.85   0.08      912  -1     2200      450     LW46, KMHK63
LMC    73.46250  -69.57167   9.30   0.09   9.05   0.30     7047  -1     8500     4750     KMHK229
LMC    73.91250  -70.54667   9.00   0.09   9.06   0.28     3251  -1     6500     5250     KMHK300
LMC    82.11667  -68.65000   9.00   0.09   9.08   0.25     5598  -1    11000     5750     KMHK945
LMC    72.61667  -68.71000   9.00   0.09   9.25   0.23     3162  -1    10000     3500     HS37, KMHK139
LMC    74.28333  -70.11167   9.48   0.09   9.43   0.13     1445  -1     3200     1200     BSDL320
