#mag    e_mag    col1   e_col1    m_ini
22.7267    0.0706   1.0478   0.0976   1.9539
22.5788    0.0611   0.8983   0.0848   2.0326
22.5464    0.0654   0.9068   0.0906   1.9966
22.4068    0.0587   0.9018   0.0815   2.0652
22.2232    0.0530   1.0011   0.0738   2.1360
22.4713    0.0605   0.9346   0.0839   2.0384
22.6890    0.0693   0.9963   0.0958   1.9646
22.6887    0.0647   1.0099   0.0895   2.0058
23.0045    0.0838   0.9353   0.1153   1.0689
22.5396    0.0641   1.0391   0.0888   2.0076
22.5739    0.0676   1.1125   0.0936   1.9783
22.9629    0.0824   0.9072   0.1134   1.0747
22.5789    0.0632   0.9400   0.0875   2.0154
22.8947    0.0770   0.8062   0.1061   1.0976
21.8080    0.0392   0.8235   0.0549   2.3466
21.6590    0.0369   0.9288   0.0517   2.3922
22.3268    0.0556   1.0329   0.0773   2.0815
22.2763    0.0529   0.9078   0.0737   2.1066
22.9133    0.0739   0.8695   0.1020   1.1117
22.3866    0.0551   0.9556   0.0766   2.0865
21.8366    0.0409   0.8170   0.0572   2.3158
22.0219    0.0460   0.9338   0.0643   2.1984
22.0984    0.0458   0.9501   0.0640   2.2279
21.7623    0.0388   0.8946   0.0544   2.3540
22.2215    0.0529   1.0527   0.0737   2.1066
22.4187    0.0596   0.7890   0.0827   1.1897
22.6020    0.0657   1.0182   0.0909   1.1536
22.1328    0.0483   0.9970   0.0674   2.1659
22.4516    0.0586   0.7642   0.0814   1.1961
22.3861    0.0586   0.8985   0.0814   1.1961
22.6823    0.0657   0.9032   0.0909   1.1536
22.0750    0.0482   0.8944   0.0672   2.1541
21.6470    0.0369   0.8298   0.0518   2.3858
21.5013    0.0322   0.7348   0.0452   2.4911
21.7437    0.0402   0.6814   0.0563   2.2914
22.2672    0.0538   0.8245   0.0748   1.2296
21.8990    0.0441   0.8710   0.0617   2.1989
21.3877    0.0314   0.7898   0.0442   2.5142
21.9511    0.0441   0.9097   0.0616   2.2382
22.1054    0.0473   0.6103   0.0660   1.2819
22.1985    0.0505   0.7493   0.0703   1.2549
22.0089    0.0459   0.8352   0.0640   1.2950
22.1943    0.0508   0.7274   0.0707   1.2523
22.1511    0.0483   0.7704   0.0673   1.2732
22.4129    0.0558   0.9373   0.0775   1.2152
21.8838    0.0416   0.7753   0.0583   2.2944
21.8517    0.0419   0.7979   0.0585   2.2551
21.6154    0.0364   0.7177   0.0510   2.3696
22.2575    0.0527   0.7452   0.0734   1.2371
22.0561    0.0464   0.8798   0.0648   2.1732
21.7780    0.0393   0.7774   0.0550   2.3083
21.7523    0.0394   0.8741   0.0552   2.3302
21.5492    0.0343   0.7136   0.0482   2.4400
21.9016    0.0422   0.9388   0.0590   2.2829
22.0451    0.0458   0.9406   0.0640   2.1796
22.3447    0.0543   0.8631   0.0755   1.2258
21.8251    0.0419   0.9045   0.0586   2.2258
21.1562    0.0265   0.6275   0.0373   2.6490
21.9219    0.0430   0.7765   0.0601   1.3230
21.4108    0.0317   0.7800   0.0445   2.4941
21.7624    0.0405   0.6489   0.0567   1.3494
21.4791    0.0335   0.7566   0.0470   2.4440
21.4180    0.0316   0.8036   0.0444   2.5035
21.9472    0.0430   0.7905   0.0601   1.3230
21.7652    0.0391   0.6555   0.0547   1.3658
21.3247    0.0305   0.7252   0.0429   2.5215
21.5688    0.0342   0.6747   0.0480   2.4128
21.2162    0.0272   0.6336   0.0384   2.6281
21.7482    0.0386   0.6983   0.0541   1.3713
21.5910    0.0363   0.7898   0.0509   2.3555
21.4873    0.0326   0.7534   0.0458   2.4466
21.7580    0.0386   0.5893   0.0541   1.3713
21.9740    0.0431   0.7486   0.0603   1.3215
21.7940    0.0395   0.6466   0.0554   1.3603
22.0296    0.0446   0.7988   0.0623   1.3073
21.7387    0.0386   0.5940   0.0541   1.3713
21.2874    0.0296   0.7635   0.0417   2.5244
21.4641    0.0321   0.6725   0.0452   2.4462
21.8214    0.0391   0.6658   0.0547   1.3658
21.9981    0.0440   0.7680   0.0614   1.3134
21.3605    0.0311   0.7101   0.0437   2.4631
21.7089    0.0383   0.6648   0.0537   1.3744
21.3794    0.0303   0.7323   0.0426   2.5240
20.5936    0.0189   0.5461   0.0267   2.9624
21.5771    0.0347   0.5342   0.0487   1.4228
21.6085    0.0347   0.5946   0.0487   1.4228
21.5730    0.0349   0.5581   0.0490   1.4188
21.5946    0.0338   0.5235   0.0475   1.4340
20.9930    0.0243   0.5899   0.0343   2.7116
21.4089    0.0313   0.5415   0.0440   1.4703
21.0708    0.0255   0.5736   0.0360   2.6351
20.7801    0.0211   0.6524   0.0299   2.8541
21.5379    0.0332   0.5462   0.0467   1.4424
21.5970    0.0355   0.6230   0.0499   1.4108
21.3325    0.0294   0.5422   0.0414   1.4999
21.4463    0.0316   0.5216   0.0444   1.4668
21.4736    0.0320   0.5115   0.0450   1.4596
21.1172    0.0267   0.4985   0.0376   2.5391
21.1008    0.0256   0.6082   0.0361   2.6612
21.5158    0.0328   0.5304   0.0461   1.4489
20.9269    0.0232   0.5900   0.0327   2.7574
21.4606    0.0320   0.5710   0.0450   1.4596
20.7488    0.0206   0.5513   0.0291   2.8830
21.1106    0.0257   0.6724   0.0363   2.6394
21.6434    0.0358   0.6626   0.0503   1.4067
21.2177    0.0278   0.4982   0.0392   1.5262
20.9722    0.0240   0.4657   0.0338   1.5932
21.0193    0.0244   0.5158   0.0345   1.5850
20.3981    0.0162   0.5092   0.0228   3.0926
20.7142    0.0200   0.5388   0.0282   2.8190
21.2218    0.0280   0.5350   0.0394   1.5231
20.4009    0.0165   0.4960   0.0234   3.0674
21.1129    0.0261   0.4735   0.0368   1.5549
21.0528    0.0248   0.4455   0.0349   1.5789
21.3225    0.0291   0.4641   0.0410   1.5042
20.8620    0.0219   0.5160   0.0309   2.7188
20.9837    0.0238   0.5839   0.0335   2.6346
20.6416    0.0194   0.5655   0.0274   2.9330
21.1553    0.0265   0.5223   0.0373   1.5486
21.1145    0.0263   0.4695   0.0370   1.5523
20.9766    0.0237   0.5806   0.0335   2.6535
21.1330    0.0265   0.4979   0.0373   1.5486
21.1583    0.0269   0.4930   0.0379   1.5411
20.5468    0.0182   0.5524   0.0257   2.9640
20.0285    0.0129   0.4616   0.0182   3.2802
20.4099    0.0167   0.5227   0.0236   2.9862
20.8443    0.0221   0.4538   0.0313   1.6272
20.7317    0.0202   0.4720   0.0285   1.6644
20.1249    0.0136   0.4482   0.0192   3.2159
20.6473    0.0190   0.5136   0.0269   2.8279
20.7657    0.0206   0.4637   0.0291   1.6562
20.9615    0.0230   0.4514   0.0324   1.6122
20.4602    0.0170   0.5453   0.0241   3.0022
20.1733    0.0141   0.4818   0.0200   3.1943
20.3247    0.0156   0.5081   0.0220   3.0758
20.5750    0.0188   0.5106   0.0266   2.8958
20.9370    0.0236   0.4946   0.0333   1.6008
20.3885    0.0163   0.4781   0.0231   3.0011
20.4291    0.0168   0.5098   0.0238   3.0151
20.5665    0.0183   0.4788   0.0259   2.8210
20.5696    0.0179   0.4995   0.0254   1.7072
20.1972    0.0143   0.4857   0.0202   3.0785
20.1307    0.0133   0.5387   0.0188   3.0510
20.0981    0.0135   0.5260   0.0190   3.1565
19.7785    0.0106   0.5548   0.0150   3.3480
19.9824    0.0123   0.5138   0.0173   3.2578
19.9398    0.0119   0.5253   0.0168   3.1603
20.2421    0.0147   0.5358   0.0207   1.7726
20.5578    0.0181   0.4607   0.0256   1.7043
20.3613    0.0159   0.5155   0.0225   1.7469
20.0467    0.0128   0.5988   0.0181   3.0286
19.8506    0.0114   0.6104   0.0160   3.1944
19.5498    0.0091   0.5325   0.0127   3.5181
20.3189    0.0157   0.5201   0.0221   1.7523
19.8256    0.0109   0.6201   0.0153   3.2060
19.1098    0.0065   1.4667   0.0090   3.4465
19.5914    0.0092   1.7365   0.0129   1.8757
19.4374    0.0083   1.4548   0.0117   3.3089
18.6954    0.0046   2.0857   0.0063   1.8579
19.2198    0.0071   1.2084   0.0099   3.5654
19.3964    0.0081   1.3725   0.0113   3.3866
19.8053    0.0110   0.6447   0.0154   3.1442
19.8261    0.0110   0.6593   0.0154   3.1077
19.7986    0.0108   0.6060   0.0152   3.2456
19.6928    0.0102   0.5669   0.0143   3.3527
19.6149    0.0094   1.7533   0.0133   1.8688
19.3993    0.0082   1.7323   0.0114   1.9053
18.8034    0.0051   1.8146   0.0070   1.9911
19.4249    0.0083   1.7113   0.0116   1.9027
18.7891    0.0050   1.4423   0.0069   3.5773
19.2447    0.0072   1.7367   0.0100   1.9315
18.8867    0.0055   1.7671   0.0075   1.9810
19.1983    0.0070   1.7368   0.0097   1.9369
19.1731    0.0068   1.7155   0.0095   1.9417
19.0114    0.0060   1.7320   0.0083   1.9648
18.9574    0.0057   1.7292   0.0079   1.9735
19.2649    0.0073   1.7186   0.0102   1.9279
18.0932    0.0026   2.1747   0.0033   2.0025
17.7815    0.0018   2.1491   0.0021   3.4870
