#ID x y mag e_mag col1 e_col1 memb_prob sel
936      773.663000 979.017000  18.9260   0.0440   0.6170   0.0610   0.9860      1
54136    781.817000 957.641000  19.0180   0.0240   0.5480   0.0310   0.9750      1
29745    786.459000 979.912000  18.9400   0.0580   0.6380   0.0640   0.9750      1
54345    760.751000 1001.306000  18.3320   0.0380   0.6970   0.0440   0.9630      1
1708     768.051000 869.666000  18.3350   0.0400   0.9830   0.0720   0.9570      1
15545    772.461000 970.357000  18.2540   0.0410   1.0530   0.0620   0.9570      1
631      788.113000 954.751000  18.2590   0.0150   1.1410   0.0220   0.9560      1
54180    757.836000 964.472000  18.9410   0.0360   0.4030   0.0920   0.9510      1
5713     760.636000 1050.824000  18.9890   0.0210   0.3150   0.0270   0.9350      1
29862    744.540000 977.862000  18.3430   0.0220   0.5430   0.0400   0.9230      1
54270    746.603000 983.344000  18.7390   0.0290   0.4560   0.0440   0.9220      1
54215    736.620000 974.099000  18.4030   0.0170   1.4420   0.0300   0.9010      1
1105     794.420000 972.386000  18.4130   0.0210   1.2040   0.0470   0.9000      1
1332     788.186000 995.149000  18.4180   0.0170   1.2980   0.0580   0.8930      1
1296     734.121000 967.029000  18.6310   0.0170   1.1870   0.0590   0.8830      1
22447    824.346000 1074.650000  19.3460   0.0230   1.2320   0.0370   0.8820      1
14546    760.771000 978.626000  17.6530   0.0210   1.3840   0.0440   0.8790      1
364      757.012000 956.484000  17.2170   0.0380   1.4380   0.0430   0.8740      1
1727     732.443000 1029.176000  18.7980   0.0200  -0.1740   0.0340   0.8730      1
54264    790.984000 981.616000  18.4190   0.0420   1.1700   0.0470   0.8720      1
3418     815.821000 865.275000  19.2570   0.0200   0.5170   0.0370   0.8700      1
29872    850.735000 999.936000  20.9350   0.0820  -0.6290   0.0870   0.8690      1
1111     711.579000 1014.892000  17.8800   0.0090   1.5770   0.0200   0.8600      1
1132     733.533000 1047.404000  17.8940   0.0100   1.5580   0.0190   0.8540      1
2258     759.281000 950.121000  18.4830   0.0250   1.0620   0.0350   0.8540      1
961      736.362000 937.431000  17.9070   0.0180   1.5020   0.0250   0.8530      1
2372     779.132000 856.654000  18.4150   0.0100   1.6920   0.0190   0.8440      1
4970     739.297000 1008.012000  19.4280   0.0370   1.2690   0.0490   0.8440      1
2342     660.945000 1006.808000  18.8300   0.0160  -0.0900   0.0190   0.8350      1
710      801.990000 968.519000  17.7620   0.0170   1.5290   0.0430   0.8340      1
29764    766.330000 977.733000  17.0960   0.0180   1.7450   0.0310   0.8340      1
591      783.935000 969.470000  18.4440   0.0480   1.1790   0.0680   0.8300      1
654      803.507000 872.430000  17.3650   0.0070   2.1170   0.0160   0.8290      1
1798     718.281000 968.902000  18.6450   0.0190   1.2820   0.0280   0.8250      1
29397    753.516000 932.862000  18.3590   0.0250   1.3960   0.0330   0.8230      1
29620    772.088000 961.211000  18.5110   0.0300   0.5430   0.0460   0.8220      1
54216    757.525000 972.931000  18.3750   0.0480   0.3500   0.0670   0.8220      1
1210     735.899000 1061.186000  18.0270   0.0210   1.1940   0.0360   0.8080      1
10307    816.687000 857.714000  21.1450   0.1260  -0.7510   0.1300   0.8060      1
1077     780.772000 984.007000  19.0310   0.0270   1.0330   0.0430   0.8010      1
54050    766.207000 936.630000  20.5930   0.1080  -0.5300   0.1130   0.8000      1
29502    829.553000 946.446000  19.2570   0.0420   1.3150   0.0650   0.7960      1
474      673.443000 924.771000  17.0500   0.0060   1.5430   0.0090   0.7940      1
1567     752.628000 911.401000  19.0490   0.0380   0.9850   0.0640   0.7930      1
29812    727.467000 987.792000  18.4260   0.0180   1.4910   0.0370   0.7920      1
369      767.933000 972.597000  17.7810   0.0310   1.0470   0.0540   0.7920      1
56319    730.886000 960.867000  18.9320   0.0210   0.9190   0.0650   0.7910      1
379      708.308000 909.930000  16.8540   0.0050   2.5040   0.0120   0.7880      1
534      827.645000 968.782000  17.2100   0.0070   1.5450   0.0120   0.7870      1
5258     836.308000 1016.778000  19.0870   0.0190  -0.1100   0.0220   0.7850      1
1189     743.944000 945.275000  18.8650   0.0200  -0.0460   0.0270   0.7850      1
219      769.483000 956.789000  17.0910   0.0210   1.2800   0.0380   0.7850      1
7269     791.802000 854.046000  19.7050   0.0280   0.6430   0.0380   0.7830      1
6923     859.463000 966.750000  19.9580   0.0320  -0.1770   0.0400   0.7790      1
2536     784.572000 869.235000  18.4340   0.0120   1.7150   0.0240   0.7780      1
503      740.776000 984.898000  17.6820   0.0230   1.6160   0.0450   0.7740      1
523      820.198000 962.821000  17.4430   0.0080   2.1870   0.0160   0.7730      1
497      731.480000 911.384000  17.0970   0.0070   1.8020   0.0360   0.7660      1
248      779.603000 975.641000  16.8650   0.0110   2.4920   0.0320   0.7650      1
4960     722.184000 897.366000  19.0200   0.0150   1.2140   0.0250   0.7590      1
0        769.900000 949.607000  18.6790   0.0510   1.0650   0.0640   0.7560      1
6701     827.126000 1029.516000  19.6420   0.0330   1.1330   0.0470   0.7550      1
29613    791.389000 964.106000  19.1300   0.0400   1.0250   0.0710   0.7540      1
285      725.724000 992.644000  16.6890   0.0060   2.3670   0.0130   0.7520      1
29570    776.625000 959.582000  19.3810   0.0360   0.5070   0.0460   0.7520      1
6941     811.933000 878.940000  19.7690   0.0270   0.1700   0.0320   0.7510      1
1718     826.663000 904.014000  18.2460   0.0090   1.9610   0.0210   0.7500      1
29652    785.852000 965.131000  19.1990   0.0450   0.7850   0.0550   0.7420      1
29894    782.298000 999.931000  19.6940   0.0330   1.1780   0.1030   0.7390      1
5022     898.008000 931.559000  19.3440   0.0500   0.4270   0.0540   0.7390      1
56128    771.335000 1024.876000  20.4350   0.0670  -0.4750   0.1570   0.7360      1
253      761.143000 939.698000  16.6990   0.0130   2.2690   0.0230   0.7350      1
54276    757.117000 981.663000  18.8560   0.0520   0.2770   0.0780   0.7340      1
29842    793.658000 992.362000  19.0640   0.0680  -0.3840   0.0780   0.7330      1
29803    775.014000 984.009000  18.1060   0.0260   1.3940   0.0420   0.7270      1
1250     784.786000 948.586000  18.3350   0.0170   1.5020   0.0290   0.7260      1
5210     725.269000 1047.459000  19.4460   0.0230   1.9140   0.0620   0.7260      1
29653    789.411000 968.378000  19.3850   0.0430   0.7880   0.0620   0.7260      1
465      750.873000 978.910000  18.6960   0.0480  -0.1030   0.0700   0.7240      1
54060    756.911000 941.740000  19.4220   0.0500   0.4310   0.0620   0.7240      1
54093    755.198000 946.720000  19.3360   0.0320   0.6050   0.0520   0.7180      1
1337     737.506000 1035.451000  18.2470   0.0250   1.9690   0.0790   0.7120      1
29930    655.919000 1008.855000  19.8450   0.0360   0.7000   0.0510   0.7120      1
617      789.327000 1006.462000  17.3950   0.0160   2.5210   0.0780   0.7080      1
30114    667.214000 1034.162000  19.8630   0.0460   0.7470   0.0560   0.7070      1
29922    767.809000 1007.886000  19.7520   0.0320   0.7670   0.0470   0.7040      1
4657     785.824000 933.096000  19.8100   0.0670   0.8730   0.0810   0.7040      1
29569    742.938000 953.915000  17.7010   0.0320   0.6850   0.0510   0.7020      1
54037    778.421000 936.617000  19.4870   0.0350   0.6010   0.0510   0.7020      1
5818     665.839000 1014.700000  19.7440   0.0710   0.8230   0.0760   0.6970      1
1253     729.605000 976.246000  18.3320   0.0160   1.5420   0.0350   0.6960      1
30069    735.627000 1025.932000  19.7060   0.0530   0.6730   0.0800   0.6940      1
6569     853.832000 887.189000  19.9510   0.0270   0.8590   0.0560   0.6870      1
12953    779.890000 990.468000  19.7790   0.0800   0.7410   0.0930   0.6850      1
58       769.198000 944.015000  15.7710   0.0160   2.9520   0.0280   0.6820      1
1618     828.082000 953.312000  18.1640   0.0170   1.7490   0.0300   0.6810      1
4269     822.697000 1009.681000  19.4890   0.0480   1.2160   0.1140   0.6790      1
3095     831.618000 996.939000  18.5680   0.0140   1.4590   0.0230   0.6750      1
2286     719.593000 917.058000  18.5270   0.0120   1.4740   0.0250   0.6670      1
4647     812.771000 1088.635000  19.2260   0.0370   1.3020   0.1210   0.6670      1
1171     717.978000 991.900000  18.4100   0.0110   1.9100   0.0280   0.6660      1
8651     734.711000 887.577000  19.8830   0.0310   0.6490   0.0410   0.6630      1
54311    752.378000 992.833000  19.4870   0.0490   0.4280   0.0710   0.6630      1
7969     819.196000 851.931000  19.8480   0.0580   0.6750   0.0790   0.6610      1
595      765.744000 983.398000  18.1720   0.0260   1.3640   0.0510   0.6600      1
8069     776.279000 1011.357000  19.7750   0.0290   0.5990   0.0440   0.6580      1
10167    818.414000 917.120000  20.0340   0.0350   0.6860   0.0700   0.6580      1
35889    782.290000 1005.211000  19.9420   0.0500   0.8950   0.1070   0.6580      1
1076     769.246000 882.254000  18.3450   0.0100   1.9230   0.0220   0.6570      1
6867     824.699000 862.376000  20.0220   0.0400   0.6940   0.0510   0.6510      1
1350     868.315000 968.427000  18.0280   0.0090  -0.0900   0.0110   0.6500      1
8735     863.960000 915.847000  20.0900   0.0420   0.7020   0.0570   0.6470      1
9364     850.010000 1013.476000  20.0430   0.0360   0.5770   0.0470   0.6460      1
926      740.880000 974.535000  19.3650   0.0330   0.2770   0.0560   0.6420      1
54203    749.617000 973.278000  14.9170   0.0070   2.7770   0.0560   0.6410      1
7250     671.140000 979.566000  13.9980   0.0040   1.1840   0.0040   0.6390      1
6937     806.011000 912.647000  20.0690   0.0670  -0.2120   0.0770   0.6390      1
3336     777.735000 950.741000  19.5690   0.0450   0.5510   0.0590   0.6370      1
8880     694.418000 985.660000  20.0740   0.0460   0.6170   0.0570   0.6350      1
29413    726.760000 938.275000  21.8590   0.1880  -0.7270   0.2070   0.6280      1
4385     754.316000 923.258000  19.9640   0.0470   1.0140   0.0680   0.6270      1
54155    765.720000 962.357000  18.6250   0.0290   0.1890   0.0390   0.6260      1
29795    677.151000 983.874000  19.2420   0.0500   0.3790   0.0620   0.6190      1
1082     742.484000 963.318000  18.8800   0.0270   0.0450   0.0680   0.6140      1
134      823.465000 955.852000  16.1430   0.0050   3.0090   0.0190   0.6130      1
5473     719.263000 1044.427000  19.3690   0.0180   0.2040   0.0640   0.6080      1
54011    770.039000 927.582000  20.0040   0.1080   0.7650   0.1150   0.6050      1
29902    750.140000 1003.819000  20.1220   0.0450   0.7190   0.0810   0.6020      1
8025     892.190000 995.118000  20.1280   0.0410   0.8010   0.0570   0.5990      1
53953    778.298000 906.564000  20.1110   0.0590   0.6260   0.0730   0.5900      1
6006     760.174000 918.650000  20.0870   0.0620   0.7890   0.1120   0.5890      1
29493    796.540000 946.580000  19.9840   0.0380   0.5680   0.0480   0.5880      1
15502    788.756000 1074.246000  20.0930   0.0420   0.4750   0.0530   0.5870      1
2903     765.126000 988.897000  19.8310   0.0460   0.5870   0.0820   0.5870      1
54464    734.455000 1036.049000  19.7730   0.0460   0.2120   0.0550   0.5850      1
29405    765.733000 932.267000  19.9080   0.0840   0.6040   0.1210   0.5850      1
29799    806.610000 984.605000  20.0000   0.0410   0.4990   0.0660   0.5840      1
8076     740.521000 1014.360000  20.2200   0.0430  -0.0990   0.0500   0.5830      1
54141    761.005000 960.811000  18.8000   0.0330   0.1050   0.0470   0.5820      1
9982     675.595000 995.805000  19.9440   0.0350   0.4280   0.0420   0.5790      1
54142    797.983000 961.225000  20.0920   0.0580   0.4990   0.0720   0.5730      1
6136     825.297000 874.356000  20.1180   0.0340   0.4420   0.0480   0.5710      1
18896    806.195000 1035.118000  20.6010   0.0520   0.0120   0.0580   0.5690      1
5198     704.593000 985.894000  20.0660   0.0710   0.5110   0.1040   0.5680      1
13146    854.207000 993.258000  20.3770   0.0500  -0.0190   0.0550   0.5660      1
54338    742.030000 999.560000  20.1450   0.0700   0.6830   0.0840   0.5630      1
9390     792.784000 905.680000  20.3140   0.0420   1.3070   0.0740   0.5590      1
29684    731.324000 971.274000  19.9440   0.0380   0.5450   0.0620   0.5580      1
7821     676.145000 950.707000  19.7710   0.0270   0.5250   0.0350   0.5550      1
54487    792.369000 1039.821000  21.4620   0.1140  -0.4450   0.1950   0.5530      1
19907    733.781000 990.869000  20.0200   0.0510   0.9780   0.0840   0.5500      1
10281    761.026000 859.843000  19.9660   0.0300  -0.0480   0.0350   0.5450      1
4939     799.409000 939.738000  19.8530   0.0370   0.1650   0.0430   0.5390      1
29680    708.113000 970.051000  20.2020   0.0460   0.8880   0.0670   0.5380      1
7766     844.988000 1048.701000  20.2170   0.0510  -0.0560   0.0610   0.5340      1
7711     756.529000 1031.432000  19.9470   0.0470   0.4150   0.0660   0.5320      1
16210    782.386000 891.724000  20.2890   0.0490   1.3530   0.0820   0.5280      1
54098    811.218000 948.887000  20.7060   0.1480  -0.1750   0.1550   0.5270      1
54086    825.403000 945.444000  20.1920   0.0570   0.7270   0.0880   0.5240      1
10621    806.983000 929.635000  19.8230   0.0500   1.2130   0.0700   0.5220      1
7486     800.898000 908.978000  20.1990   0.0430   0.7020   0.0720   0.5170      1
5944     708.066000 897.573000  19.8770   0.0470   0.4630   0.0600   0.5140      1
6081     723.204000 1039.554000  19.8870   0.0390   0.4160   0.0580   0.5120      1
29045    818.816000 875.327000  20.2700   0.0420   1.0280   0.0730   0.5100      1
8948     885.731000 954.805000  20.4090   0.0520   0.5640   0.0640   0.5100      1
22224    816.579000 1027.683000  20.6140   0.0570   1.3330   0.1130   0.5100      1
3607     750.423000 919.740000  20.1600   0.0520   0.5110   0.0590   0.5090      1
30057    786.586000 1026.324000  20.6070   0.0570   1.2890   0.0970   0.5080      1
6611     766.596000 1071.823000  19.8910   0.0400   0.4210   0.0830   0.5060      1
29702    722.758000 973.364000  20.2050   0.0630   0.9960   0.0820   0.5020      1
29771    705.293000 981.701000  20.0860   0.1000   0.4450   0.1260   0.5000      1
16471    703.477000 942.525000  20.4500   0.0560   0.6280   0.0740   0.4990      1
54110    687.910000 949.597000  20.8150   0.1640  -0.1450   0.1670   0.4990      1
29395    701.030000 931.466000  20.2000   0.0390   0.6350   0.0560   0.4980      1
10959    849.640000 965.348000  20.3800   0.0570   0.5910   0.0670   0.4970      1
12565    793.266000 1086.194000  20.4900   0.0550   0.6150   0.0680   0.4910      1
14460    684.283000 993.762000  20.4770   0.0530   0.5390   0.0650   0.4900      1
54293    804.401000 990.377000  20.7910   0.1860  -0.1740   0.2130   0.4900      1
29196    713.480000 905.171000  20.4620   0.0650   0.6330   0.0760   0.4890      1
10836    654.180000 961.898000  20.4500   0.0600   0.5360   0.0730   0.4880      1
54382    752.720000 1013.685000  20.4550   0.0710   0.6010   0.0870   0.4870      1
9776     868.000000 1034.586000  19.8870   0.0310   0.1670   0.0350   0.4850      1
28958    833.294000 859.815000  20.6130   0.0710   0.0750   0.1300   0.4790      1
12326    745.539000 858.593000  20.3390   0.0370   0.5860   0.0500   0.4780      1
29415    896.369000 934.065000  20.4430   0.1350  -0.1370   0.2010   0.4770      1
13360    804.987000 853.927000  20.3750   0.0490   0.5340   0.0610   0.4760      1
6180     796.419000 841.618000  19.7810   0.0330   0.4600   0.0420   0.4720      1
29389    782.389000 931.688000  20.1110   0.0440   0.3710   0.0890   0.4720      1
14174    745.685000 1031.565000  20.3810   0.0610   0.6680   0.0810   0.4720      1
11431    746.153000 1089.307000  20.5080   0.0470   0.6260   0.0860   0.4700      1
29619    702.874000 960.875000  20.5240   0.0680   0.5970   0.0820   0.4700      1
6498     866.862000 1055.686000  20.6270   0.0610   0.1580   0.0700   0.4660      1
54034    745.783000 933.099000  21.0150   0.0960   0.0950   0.1150   0.4630      1
6282     731.528000 855.175000  19.7900   0.0370   0.0560   0.0430   0.4620      1
15940    756.923000 886.320000  20.9550   0.0710   0.1940   0.0900   0.4610      1
29466    802.954000 940.456000  20.2040   0.0790   0.5090   0.1320   0.4600      1
11237    864.243000 921.507000  20.9010   0.1090   0.1110   0.1250   0.4580      1
11680    836.335000 869.459000  20.8230   0.0610   0.1410   0.0760   0.4570      1
9609     831.984000 1040.492000  20.5870   0.0550   0.1900   0.0700   0.4540      1
30121    875.048000 1041.809000  20.5650   0.0680   0.5910   0.0860   0.4530      1
20834    768.017000 1055.347000  20.2880   0.0660   0.7180   0.0760   0.4510      1
54358    744.856000 1007.881000  20.3460   0.0560   0.6920   0.0820   0.4500      1
29871    766.310000 997.647000  20.2210   0.0600   0.5450   0.0820   0.4480      1
10798    853.549000 1050.734000  20.5800   0.0640   0.6220   0.0870   0.4480      1
29565    714.678000 956.586000  20.3230   0.0550   0.6990   0.0680   0.4470      1
29044    746.977000 877.411000  20.2770   0.0540   0.7450   0.0770   0.4460      1
30025    760.342000 1022.102000  20.2000   0.0880   0.4510   0.1060   0.4450      1
8463     772.564000 891.944000  20.5520   0.0860   0.6860   0.1050   0.4410      1
10157    868.327000 1049.157000  20.2900   0.0500   0.5770   0.0580   0.4400      1
10972    684.244000 1057.078000  20.5470   0.0680   0.6970   0.1110   0.4400      1
13321    744.693000 882.096000  20.6090   0.0600   0.6530   0.0890   0.4390      1
29153    700.507000 894.875000  20.5520   0.0680   0.5040   0.0830   0.4390      1
54269    718.067000 983.335000  20.5580   0.0730   0.5450   0.1260   0.4390      1
29995    677.698000 1018.089000  21.2880   0.0950   0.0670   0.1100   0.4100      1
54061    809.755000 938.094000  21.4260   0.1370  -0.0390   0.1460   0.4080      1
1593     767.904000 1023.091000  18.2360   0.0100   2.1610   0.0350   0.7970      0
1984     746.418000 914.504000  18.5950   0.0170   1.4130   0.0270   0.6540      0
29559    794.683000 954.644000  18.2080   0.0170   1.6170   0.0550   0.6490      0
516      792.208000 958.501000  17.7060   0.0130   1.9070   0.0220   0.6470      0
29780    794.219000 981.812000  18.3710   0.0180   1.7560   0.0730   0.6460      0
5904     664.420000 930.232000  19.4140   0.0190   1.7820   0.0460   0.6440      0
4697     723.807000 1083.679000  18.9680   0.0150   1.4640   0.0260   0.6400      0
1724     668.294000 1028.351000  18.3540   0.0140   1.6500   0.0320   0.6370      0
7058     695.973000 1047.108000  19.4460   0.0200   1.4220   0.0380   0.6370      0
29863    756.414000 996.683000  19.5040   0.0430   0.6650   0.0680   0.6350      0
29739    820.689000 976.896000  19.2220   0.0400  -0.2200   0.0430   0.6330      0
952      657.157000 1013.732000  17.7990   0.0080   2.1800   0.0180   0.6270      0
1614     795.920000 992.119000  18.8940   0.0590   0.9570   0.1190   0.6270      0
354      708.459000 888.196000  16.7770   0.0050   2.4790   0.0120   0.6240      0
6465     698.531000 995.078000  19.4950   0.0610   1.3730   0.0690   0.6220      0
54069    829.341000 941.382000  19.6200   0.0550   0.7320   0.0650   0.6180      0
5799     808.021000 957.820000  19.0210   0.0190   1.3840   0.0490   0.6170      0
29638    743.272000 967.846000  19.8350   0.1010  -0.3570   0.1540   0.6160      0
4068     740.773000 925.344000  18.9670   0.0210   1.3940   0.0370   0.6010      0
1304     866.448000 874.438000  18.0240   0.0120   2.0550   0.0330   0.6000      0
68       775.723000 967.354000  15.9740   0.0310   2.7840   0.0370   0.5940      0
275      707.306000 860.326000  16.6630   0.0090   2.8080   0.0140   0.5910      0
433      790.318000 978.181000  17.4920   0.0250   2.0370   0.0610   0.5880      0
29523    791.338000 950.147000  18.9750   0.0220   1.3280   0.1170   0.5860      0
560      712.639000 857.489000  17.8320   0.0100   2.1770   0.0190   0.5840      0
5919     788.361000 1037.767000  19.7340   0.0370   0.2250   0.0740   0.5810      0
600      777.535000 1095.686000  17.2590   0.0060   2.1560   0.0130   0.5750      0
3672     692.500000 895.063000  18.6780   0.0140   1.6880   0.0240   0.5750      0
29813    751.834000 984.272000  17.4550   0.0140   1.1820   0.0530   0.5740      0
5477     851.785000 1038.411000  19.4550   0.0220   0.0830   0.0340   0.5730      0
7450     843.425000 1071.737000  19.3970   0.0240   1.7700   0.0740   0.5720      0
22450    819.260000 1070.519000  18.6880   0.0170   1.6710   0.0290   0.5710      0
29817    739.073000 988.626000  18.4610   0.0310   1.6230   0.0780   0.5670      0
54130    752.980000 957.045000  18.7090   0.0500  -0.0030   0.0820   0.5670      0
29458    741.391000 941.053000  19.6730   0.0450   0.2000   0.0640   0.5590      0
836      766.228000 886.905000  17.7900   0.0070   1.9270   0.0150   0.5580      0
3419     732.421000 845.226000  18.7210   0.0130   1.6680   0.0310   0.5520      0
1426     712.635000 991.803000  18.7240   0.0150   1.6510   0.0310   0.5520      0
6889     815.377000 1006.431000  19.5330   0.0220   1.9300   0.0520   0.5520      0
33545    751.909000 965.625000  19.0380   0.0520  -0.1460   0.0730   0.5490      0
1112     812.048000 1019.769000  17.8440   0.0100   1.7920   0.0170   0.5470      0
4735     810.749000 867.122000  19.4400   0.0220   0.1310   0.0380   0.5440      0
29488    779.828000 945.225000  19.5560   0.0420   0.3280   0.0460   0.5380      0
3598     870.445000 988.722000  18.7120   0.0110   1.5760   0.0230   0.5350      0
3927     766.841000 909.212000  18.6780   0.0140   1.6240   0.0270   0.5260      0
29905    823.928000 1006.026000  19.6730   0.0540   0.0990   0.0700   0.5230      0
8290     751.572000 1094.522000  19.6500   0.0210   1.4080   0.0460   0.5220      0
29404    761.864000 932.446000  19.7610   0.0570   0.5130   0.0690   0.5220      0
5207     836.240000 971.652000  19.3100   0.0180   1.8650   0.0420   0.5210      0
2491     886.364000 918.194000  18.4930   0.0120   2.0960   0.0280   0.5170      0
3946     793.279000 927.281000  18.9730   0.0160   1.7820   0.0360   0.4990      0
10629    758.160000 837.886000  20.2770   0.0510   1.2660   0.1690   0.4960      0
3827     733.318000 1010.513000  18.7180   0.0170   1.6910   0.0320   0.4950      0
7578     686.936000 982.368000  20.0870   0.0520   0.9520   0.0750   0.4950      0
15849    903.133000 976.141000  20.5990   0.0570   1.2620   0.0990   0.4950      0
15602    641.773000 953.837000  20.6850   0.0570   1.9450   0.1480   0.4930      0
11466    663.973000 995.790000  20.2010   0.0400   1.2270   0.0700   0.4900      0
29425    786.363000 937.813000  20.2640   0.0720   1.1520   0.1120   0.4880      0
19412    677.139000 1009.706000  20.6970   0.0550   1.5990   0.1300   0.4850      0
2707     881.092000 1031.597000  18.5540   0.0110   1.6490   0.0190   0.4830      0
29629    761.731000 966.495000  18.3190   0.0360   0.0180   0.0480   0.4800      0
7695     751.764000 1009.122000  20.5940   0.0620   1.3120   0.1430   0.4800      0
1585     711.077000 986.674000  18.8400   0.0250   1.3570   0.0400   0.4780      0
1407     779.052000 924.481000  18.5030   0.0140   1.5840   0.0250   0.4770      0
3397     702.286000 1003.919000  18.7210   0.0140   1.8500   0.0290   0.4660      0
4618     710.181000 962.499000  20.2850   0.0680   1.0010   0.0890   0.4660      0
12927    742.783000 865.124000  20.2590   0.0400   1.4390   0.0760   0.4630      0
29885    806.151000 998.471000  19.9490   0.0410   1.2030   0.0580   0.4630      0
5846     870.025000 900.888000  19.6660   0.0480  -0.0500   0.0500   0.4630      0
6687     722.306000 980.795000  20.2670   0.0490   0.8730   0.0710   0.4630      0
29414    772.693000 934.601000  19.5800   0.0820   0.2510   0.0840   0.4630      0
7452     725.120000 848.964000  20.1110   0.0970   2.4600   0.1600   0.4600      0
5292     861.070000 1055.720000  19.4590   0.0310   0.0290   0.0390   0.4560      0
29247    879.498000 909.577000  20.3730   0.0580   1.1960   0.1260   0.4540      0
17179    715.419000 1077.648000  20.7420   0.0510   1.3660   0.1110   0.4520      0
3963     684.899000 1015.262000  18.6740   0.0140   1.7930   0.0270   0.4510      0
7299     712.839000 870.582000  20.2820   0.1310   0.9040   0.1630   0.4490      0
29571    802.570000 955.874000  19.8120   0.0320   1.4150   0.0650   0.4480      0
1945     755.787000 1023.889000  18.8150   0.0220   1.4440   0.0400   0.4460      0
29058    857.935000 884.595000  20.8160   0.0720   0.2080   0.0880   0.4460      0
4314     743.049000 1068.923000  18.9510   0.0190   1.5280   0.0390   0.4450      0
2574     759.825000 1068.836000  18.6810   0.0330   1.5990   0.0400   0.4450      0
29628    713.868000 964.516000  20.3630   0.0610   0.0710   0.0850   0.4440      0
54114    817.853000 949.038000  20.8120   0.0710   0.1240   0.1380   0.4440      0
12217    846.551000 880.296000  21.0010   0.0790   0.1680   0.1360   0.4440      0
3679     728.310000 1024.683000  18.9350   0.0130   1.6670   0.0340   0.4430      0
54251    741.176000 979.597000  19.5460   0.0790   0.2220   0.0930   0.4430      0
12641    866.270000 892.081000  20.4660   0.0560   1.2450   0.0880   0.4410      0
9266     842.156000 945.059000  20.9040   0.0570   0.2790   0.0720   0.4410      0
9806     890.985000 989.167000  20.3500   0.0490   1.4310   0.1420   0.4400      0
29406    792.032000 935.404000  21.0970   0.1140   0.0940   0.1260   0.4370      0
9435     799.301000 1081.058000  20.1040   0.0500   1.1980   0.0640   0.4360      0
29284    711.965000 915.409000  20.6010   0.0750   0.6710   0.0910   0.4360      0
12930    719.620000 1069.963000  20.3220   0.0480   0.5440   0.0680   0.4350      0
2452     812.590000 986.772000  18.7050   0.0400   1.6760   0.0740   0.4330      0
29825    814.441000 989.800000  20.5870   0.0820   0.5390   0.0960   0.4320      0
2860     801.021000 1010.219000  18.5510   0.0110   1.9180   0.0360   0.4300      0
54553    747.872000 1055.059000  20.5440   0.0840   1.1830   0.1170   0.4290      0
12872    789.941000 916.759000  20.4320   0.0990   1.2160   0.1600   0.4290      0
1452     775.501000 921.365000  18.6470   0.0150   1.6730   0.0280   0.4280      0
10574    753.715000 1074.299000  20.5970   0.0690   0.7910   0.0890   0.4280      0
29942    780.789000 1008.093000  19.8340   0.1010  -0.0120   0.1050   0.4260      0
1305     728.476000 1003.002000  17.9570   0.0150   1.9710   0.0570   0.4250      0
12052    884.545000 944.079000  20.6240   0.0520   0.9280   0.0880   0.4250      0
54413    739.306000 1025.849000  20.3930   0.0590   1.1410   0.0880   0.4250      0
2857     760.306000 994.862000  19.8340   0.0600   0.3230   0.0720   0.4240      0
29580    652.868000 958.031000  20.6120   0.0690   1.1430   0.1560   0.4240      0
28892    733.651000 850.961000  20.6060   0.0930   0.7080   0.1160   0.4240      0
14065    827.191000 1040.496000  20.6560   0.0600   0.6970   0.0900   0.4230      0
14443    815.624000 886.601000  20.4000   0.0490   0.4620   0.0590   0.4220      0
19407    811.712000 927.132000  20.9240   0.0720   0.2910   0.1200   0.4220      0
29651    677.164000 967.533000  20.6190   0.0730   0.8630   0.0940   0.4220      0
29381    822.479000 930.448000  20.9760   0.0880   0.2760   0.1050   0.4220      0
54075    817.006000 943.120000  20.5900   0.0490   0.4220   0.0920   0.4200      0
30426    810.909000 1084.980000  20.4340   0.0560   0.7560   0.0970   0.4200      0
9240     882.067000 951.474000  20.6340   0.0430   0.4910   0.0740   0.4190      0
9451     820.169000 908.863000  20.6310   0.0530   0.5200   0.0680   0.4190      0
12388    718.314000 938.424000  20.5680   0.0540   0.8630   0.0770   0.4190      0
29870    716.402000 998.043000  20.6550   0.0590   0.6570   0.0770   0.4190      0
29948    708.686000 1010.853000  20.7170   0.0700   0.2680   0.0990   0.4190      0
15760    861.916000 954.743000  20.6890   0.0690   0.2910   0.0790   0.4180      0
29275    719.314000 911.804000  20.6320   0.0920   0.6820   0.1050   0.4170      0
11900    811.147000 1047.352000  20.2150   0.0450   0.4190   0.0660   0.4160      0
7899     655.577000 1002.198000  20.6250   0.0520   0.4750   0.0700   0.4160      0
12188    851.406000 895.863000  20.6720   0.0680   0.7540   0.0880   0.4160      0
9721     870.731000 910.062000  20.6880   0.0560   0.7510   0.0800   0.4140      0
9759     846.246000 884.225000  20.5250   0.0750   1.1750   0.1720   0.4140      0
8573     760.026000 1060.245000  20.7600   0.0670   0.3100   0.0810   0.4130      0
12175    878.886000 1009.366000  20.6690   0.1000   0.2950   0.1080   0.4130      0
29344    770.881000 923.375000  20.5870   0.0740   0.2890   0.0990   0.4120      0
54097    802.919000 946.251000  20.6900   0.0590   0.7540   0.0930   0.4090      0
11597    716.457000 1034.766000  20.6810   0.0610   0.8890   0.0880   0.4090      0
12360    743.981000 1043.633000  20.6580   0.0750   0.8880   0.1070   0.4090      0
34227    764.656000 927.254000  20.6730   0.0720   0.8700   0.1000   0.4080      0
54337    775.254000 1000.879000  20.6360   0.0960   0.3480   0.1190   0.4050      0
1523     781.207000 963.671000  19.4690   0.0530  -0.1600   0.0700   0.4040      0
4953     750.863000 987.266000  19.0250   0.0620   0.1300   0.0740   0.4040      0
5478     883.380000 908.419000  19.8100   0.0340   1.9520   0.0740   0.4030      0
17508    862.728000 1001.290000  21.2460   0.1090   0.0400   0.1580   0.4020      0
9849     805.144000 1083.949000  20.5690   0.0550   0.3560   0.0700   0.4010      0
13178    863.933000 985.308000  20.8420   0.0560   0.3840   0.0740   0.4000      0
14795    835.768000 1035.995000  20.7040   0.0580   0.7450   0.0850   0.4000      0
5449     755.681000 914.926000  20.5600   0.0610   0.3160   0.0810   0.4000      0
6026     751.511000 998.243000  19.3230   0.0410   1.5150   0.0900   0.3990      0
29875    775.227000 995.931000  20.1870   0.0540   0.3210   0.0750   0.3990      0
5943     798.245000 869.726000  20.5440   0.0600   0.9330   0.1180   0.3990      0
13935    750.207000 908.834000  19.3140   0.0240   1.5800   0.1390   0.3970      0
29258    762.133000 913.779000  20.6790   0.0790   0.5860   0.1330   0.3920      0
1233     684.229000 975.790000  20.5220   0.0560   1.4800   0.1350   0.3910      0
29546    807.293000 953.091000  20.4240   0.0610   0.1250   0.0710   0.3910      0
11803    775.168000 895.854000  20.7620   0.0880   0.3760   0.0980   0.3910      0
29191    855.682000 901.706000  20.7180   0.0730   1.2040   0.1570   0.3900      0
13852    767.515000 1090.449000  20.6700   0.0750   0.4750   0.0840   0.3890      0
15558    681.579000 907.513000  21.2240   0.0890   0.1320   0.1050   0.3890      0
54305    769.145000 991.419000  19.5040   0.0540  -0.1360   0.0690   0.3860      0
30071    778.767000 1033.236000  20.6970   0.0770   0.6710   0.1070   0.3860      0
29539    720.707000 951.560000  20.6840   0.0860   0.4740   0.1040   0.3860      0
29612    785.096000 958.648000  19.0710   0.0420   0.1930   0.0700   0.3830      0
6740     836.061000 857.817000  19.9710   0.0870   0.0370   0.1040   0.3770      0
3395     774.002000 940.188000  20.2160   0.0910   0.0810   0.0980   0.3770      0
9362     893.646000 913.499000  20.4580   0.0500   0.8120   0.0730   0.3730      0
16852    725.871000 865.680000  20.7280   0.0520   1.1400   0.1920   0.3720      0
29382    854.011000 931.496000  20.9400   0.0690   0.4420   0.1120   0.3720      0
54402    730.972000 1019.020000  21.5440   0.2100  -0.0940   0.2200   0.3720      0
30151    795.033000 1042.276000  21.1940   0.1560   0.1570   0.1720   0.3690      0
22416    821.809000 1085.560000  18.7400   0.0140   1.8380   0.0360   0.3680      0
29446    751.619000 940.491000  19.9330   0.0530   0.0850   0.0730   0.3670      0
16839    649.380000 995.797000  21.0610   0.0970   0.4200   0.1130   0.3670      0
11403    846.161000 1008.523000  20.7590   0.0610   0.4350   0.0780   0.3650      0
19391    717.388000 1056.653000  21.0940   0.0830   0.4130   0.1020   0.3650      0
14704    741.304000 1084.531000  20.8810   0.1690   0.4280   0.2050   0.3650      0
8263     845.275000 936.885000  19.7300   0.0300   1.5150   0.0540   0.3630      0
1855     757.538000 1019.630000  18.9320   0.0340   1.8550   0.0770   0.3620      0
15871    708.702000 1058.651000  20.7510   0.0630   0.8340   0.0870   0.3610      0
29907    686.994000 1007.586000  20.9050   0.0770   0.4750   0.0970   0.3610      0
4711     783.818000 994.882000  20.3060   0.0540   0.3940   0.0820   0.3600      0
29059    872.330000 878.138000  20.2840   0.0640   0.3250   0.0740   0.3600      0
8437     831.847000 1009.922000  20.2820   0.0450   0.2310   0.0940   0.3580      0
9963     838.145000 995.018000  20.8390   0.0710   0.4730   0.0900   0.3570      0
16406    901.890000 963.209000  20.8760   0.0750   0.4820   0.0920   0.3570      0
16280    692.896000 923.740000  20.4930   0.0510   0.2460   0.0780   0.3540      0
7043     786.900000 917.434000  20.2530   0.0860   0.2650   0.0930   0.3540      0
54240    694.855000 980.012000  21.1880   0.1320   0.2230   0.1510   0.3540      0
8133     798.932000 1052.068000  20.8370   0.0800   0.4810   0.1030   0.3530      0
18009    660.248000 956.035000  21.0450   0.0730   0.5200   0.0960   0.3520      0
19346    838.104000 888.433000  21.1210   0.0730   0.4790   0.1080   0.3510      0
1941     820.729000 870.121000  18.5890   0.0370   1.5230   0.0420   0.3500      0
3331     810.271000 1053.244000  18.7250   0.0130   1.4410   0.0240   0.3480      0
17453    779.258000 1068.210000  20.7510   0.0720   0.6690   0.0990   0.3470      0
29621    861.211000 963.132000  20.7610   0.1100   1.1130   0.1870   0.3470      0
8854     802.297000 1057.793000  19.9260   0.0320   1.6840   0.0760   0.3450      0
9649     797.581000 921.953000  20.9860   0.0860   0.5150   0.1230   0.3450      0
11918    898.509000 999.806000  20.8520   0.0970   0.5130   0.1110   0.3440      0
54475    877.456000 1037.216000  20.8570   0.0770   0.5100   0.0940   0.3430      0
13311    887.401000 999.040000  20.8910   0.0780   0.5190   0.0980   0.3420      0
14048    670.654000 959.700000  21.0480   0.0760   0.5550   0.0940   0.3400      0
29694    808.597000 971.761000  20.1990   0.0600   0.1610   0.0790   0.3370      0
22196    847.504000 972.665000  21.6250   0.1470   0.0810   0.1640   0.3350      0
12668    736.635000 883.428000  20.7750   0.0720   0.8620   0.1390   0.3330      0
20839    867.769000 946.356000  21.1010   0.0740   0.5690   0.1110   0.3330      0
30321    770.548000 1063.170000  18.5810   0.0350   1.6670   0.0430   0.3320      0
14851    826.587000 1065.441000  20.9070   0.0870   0.5620   0.1070   0.3260      0
54423    813.387000 1023.741000  21.1340   0.1660   0.4430   0.2410   0.3250      0
29984    714.047000 1018.504000  21.0600   0.1290   0.5460   0.2110   0.3240      0
30165    758.341000 1043.338000  21.5500   0.1380   0.1210   0.1550   0.3240      0
9181     842.148000 957.215000  20.7810   0.0720   0.6500   0.0830   0.3230      0
29475    735.864000 944.270000  19.2060   0.0740   0.1860   0.0800   0.3230      0
7795     826.607000 1081.539000  21.1740   0.0890   0.4970   0.1150   0.3230      0
29218    798.718000 905.166000  21.6240   0.1870   0.0950   0.2040   0.3210      0
30337    748.405000 1068.497000  21.1730   0.1040   0.4930   0.1260   0.3200      0
29307    727.433000 916.717000  21.0460   0.0960   0.5990   0.1190   0.3190      0
54364    756.669000 1008.863000  19.9690   0.0440   0.2570   0.0570   0.3170      0
29660    655.704000 967.343000  20.3970   0.0580   0.3530   0.0650   0.3150      0
54168    680.150000 964.538000  21.0320   0.1060   0.6060   0.1910   0.3150      0
29958    796.890000 1012.352000  20.8030   0.0760   0.7510   0.1020   0.3140      0
30248    679.967000 1056.214000  20.8230   0.0860   0.6780   0.1340   0.3130      0
29864    814.364000 998.283000  21.1720   0.0810   0.5810   0.1130   0.3120      0
14432    797.471000 964.908000  18.8580   0.0290   1.4720   0.0700   0.3110      0
19232    826.655000 927.501000  20.9040   0.0730   0.5990   0.1070   0.3110      0
29816    691.562000 990.822000  21.2160   0.0970   0.4280   0.1180   0.3060      0
30350    715.813000 1072.398000  21.6990   0.1210   0.2950   0.1690   0.3030      0
54436    744.529000 1026.331000  20.8570   0.0780   0.6420   0.1060   0.3020      0
30115    760.074000 1034.476000  21.0350   0.1290   0.6770   0.2010   0.3010      0
53840    685.052000 883.749000  21.7340   0.1430   0.3110   0.1700   0.3010      0
11678    744.153000 1081.974000  21.2220   0.1280   0.5100   0.1540   0.2980      0
21007    847.157000 919.531000  21.8010   0.1570   0.3730   0.1870   0.2960      0
28845    800.064000 846.165000  20.8330   0.0830   0.8760   0.1090   0.2940      0
35622    670.529000 967.628000  20.8710   0.0880   1.1640   0.1460   0.2940      0
30042    686.345000 1027.095000  20.8790   0.0970   1.4710   0.2290   0.2920      0
3937     685.145000 957.483000  21.7760   0.1600   0.3840   0.1920   0.2920      0
54004    829.172000 921.378000  21.1590   0.1100   0.6900   0.1470   0.2900      0
16020    869.873000 957.749000  20.8940   0.0730   0.6610   0.0960   0.2890      0
28904    832.844000 854.050000  21.1030   0.1040   0.7140   0.1430   0.2890      0
29061    867.250000 878.727000  20.8730   0.1090   0.8410   0.1400   0.2880      0
30081    750.732000 1029.475000  20.8850   0.0870   0.7200   0.1140   0.2840      0
17738    647.236000 978.736000  20.8840   0.0680   1.0260   0.1100   0.2810      0
18138    691.839000 1010.474000  21.2150   0.1140   0.7120   0.1460   0.2800      0
28939    775.495000 860.490000  21.6350   0.2110   0.3310   0.2340   0.2800      0
33536    721.965000 905.116000  21.8370   0.1770   0.5660   0.2140   0.2790      0
20557    760.718000 895.778000  21.0380   0.0800   0.7260   0.1080   0.2780      0
18801    801.919000 885.708000  21.3360   0.1270   0.3040   0.1430   0.2780      0
13381    843.396000 1043.467000  21.2860   0.1260   0.4840   0.1510   0.2770      0
29501    667.725000 945.524000  21.2040   0.0790   0.7520   0.1130   0.2760      0
18792    725.073000 925.772000  20.8940   0.0810   1.0090   0.1440   0.2750      0
13472    849.437000 931.506000  20.9890   0.0720   0.7410   0.1290   0.2730      0
30322    784.184000 1066.990000  21.1780   0.1160   0.8190   0.1600   0.2730      0
14401    707.852000 1028.873000  21.7750   0.1810   0.6060   0.2250   0.2720      0
9946     660.771000 934.910000  20.9290   0.0800   1.0330   0.1180   0.2710      0
22313    699.576000 877.459000  21.7920   0.1470   0.8860   0.2120   0.2700      0
30043    792.318000 1024.307000  21.2820   0.0830   1.0790   0.1490   0.2680      0
29132    728.077000 891.529000  21.2260   0.1000   0.8360   0.1320   0.2680      0
30261    700.083000 1055.681000  21.7460   0.1400   0.9250   0.2140   0.2660      0
53829    853.639000 881.639000  21.3820   0.0940   1.0620   0.1430   0.2640      0
28842    811.735000 843.099000  20.0370   0.0570   1.7920   0.1220   0.2630      0
30012    804.818000 1019.461000  21.1280   0.0950   0.8860   0.1290   0.2630      0
29293    802.936000 914.294000  21.1790   0.1180   0.9840   0.1680   0.2630      0
53997    764.713000 918.308000  21.2360   0.2210   1.1340   0.2480   0.2620      0
29884    710.566000 1001.140000  21.0720   0.0760   0.8380   0.1100   0.2610      0
16403    695.711000 1061.367000  20.9810   0.0820   0.7790   0.1090   0.2610      0
28957    797.194000 856.032000  21.3430   0.1010   0.6990   0.1450   0.2590      0
30315    799.679000 1064.319000  21.4470   0.1370   0.9950   0.1910   0.2590      0
15135    685.157000 890.277000  21.0860   0.1050   1.0190   0.1470   0.2580      0
9873     895.580000 956.892000  20.1510   0.0330   1.4910   0.0920   0.2570      0
17896    743.722000 895.417000  21.3590   0.0900   0.7350   0.1370   0.2570      0
30292    702.755000 1062.182000  21.3910   0.1240   0.3420   0.1410   0.2570      0
22492    783.309000 1072.849000  21.2080   0.1310   1.1460   0.1910   0.2570      0
20519    882.822000 935.661000  21.6810   0.1470   1.0870   0.2290   0.2570      0
19696    696.075000 911.955000  21.6200   0.1530   0.6260   0.2040   0.2570      0
28805    792.453000 838.377000  21.0320   0.0800   1.0340   0.1340   0.2560      0
1044     756.617000 878.896000  21.4740   0.1160   0.7910   0.1510   0.2560      0
53659    798.887000 835.379000  21.0360   0.0910   1.1430   0.1400   0.2550      0
13922    682.560000 1026.056000  21.4990   0.1330   0.8150   0.2390   0.2530      0
30262    848.795000 1052.477000  21.4060   0.1350   0.6040   0.1810   0.2530      0
13243    706.040000 928.404000  21.5710   0.1500   0.5530   0.1870   0.2530      0
29294    878.126000 913.811000  21.5340   0.1440   0.6320   0.2040   0.2510      0
22219    816.392000 1035.312000  21.4470   0.1090   0.6910   0.1540   0.2500      0
22243    847.848000 984.598000  21.5290   0.1360   0.6370   0.1770   0.2500      0
29524    844.528000 951.997000  21.3870   0.1160   0.5640   0.1370   0.2480      0
3234     753.635000 895.800000  21.5260   0.1320   0.5380   0.1730   0.2480      0
3113     751.716000 1057.192000  18.7660   0.0190   1.6850   0.0380   0.2470      0
