#mag    e_mag    col1   e_col1    m_ini
21.6642    0.1120   0.6919   0.1412   2.1918
21.6264    0.1109   0.4167   0.1400   2.1984
21.5232    0.1130   0.7175   0.1423   2.1864
21.7473    0.1134   0.3308   0.1428   2.1837
21.4843    0.1078   0.7552   0.1365   2.2167
21.4970    0.1038   0.4633   0.1320   2.2397
21.3965    0.0967   0.4078   0.1239   2.2808
21.5828    0.0967   0.3964   0.1239   2.2808
21.3205    0.0842   0.3727   0.1097   2.3847
21.2419    0.0979   0.6948   0.1253   2.2739
21.4937    0.1105   0.5097   0.1396   2.2005
21.2329    0.0877   0.3855   0.1136   2.3571
22.1769    0.1320   0.4423   0.1635   1.1820
21.4590    0.1026   0.5317   0.1307   2.2463
21.4096    0.1116   0.5729   0.1407   2.1945
21.5474    0.1100   0.8271   0.1390   2.2035
21.4618    0.0948   0.2741   0.1218   2.2914
21.4244    0.1026   0.5703   0.1307   2.2463
21.4942    0.1026   0.5511   0.1307   2.2463
22.0632    0.1539   0.7665   0.1876   1.1289
21.1947    0.0899   0.4912   0.1162   2.3385
21.3332    0.0991   0.4203   0.1267   2.2742
21.7973    0.1257   0.5431   0.1565   1.1991
21.2219    0.0885   0.5474   0.1146   2.3503
21.4290    0.1038   0.5428   0.1320   2.2397
21.5730    0.1100   0.4789   0.1390   2.2035
21.4367    0.0955   0.3465   0.1225   2.2877
22.2698    0.1401   0.5065   0.1725   1.1613
21.8673    0.1320   0.6034   0.1635   1.1820
21.5133    0.1064   0.4771   0.1349   2.2249
21.8539    0.1095   0.5855   0.1384   2.2065
21.3509    0.0923   0.4466   0.1189   2.3227
21.8933    0.1401   0.6064   0.1725   1.1613
21.9612    0.1374   0.1899   0.1694   1.1682
21.4827    0.1057   0.7900   0.1341   2.2289
21.6768    0.1026   0.3580   0.1307   2.2463
21.5989    0.1090   0.6476   0.1378   2.2094
21.3616    0.0979   0.4440   0.1253   2.2739
21.3723    0.0947   0.7624   0.1217   2.2922
22.0670    0.1347   0.6054   0.1664   1.1751
21.0245    0.0895   0.4751   0.1158   2.3434
21.4457    0.0961   0.4972   0.1233   2.2930
21.7344    0.1100   0.4538   0.1390   2.2035
21.5171    0.1105   0.2498   0.1396   2.2005
21.5768    0.0991   0.4943   0.1266   2.2670
21.2749    0.0967   0.4404   0.1239   2.2808
21.9326    0.1401   0.3803   0.1725   1.1613
22.0843    0.1294   0.3887   0.1606   1.1889
21.5979    0.0989   0.4082   0.1264   2.2709
21.2852    0.0991   0.5661   0.1266   2.2670
21.5542    0.1095   0.7525   0.1384   2.2065
21.4153    0.0991   0.6249   0.1266   2.2670
21.2530    0.0970   0.5502   0.1243   2.2858
21.2707    0.0895   0.2893   0.1158   2.3434
21.9534    0.1450   0.5261   0.1778   1.1495
21.3544    0.1003   0.3410   0.1280   2.2601
21.3299    0.0955   0.5132   0.1225   2.2877
21.5432    0.1054   0.6130   0.1338   2.2324
21.7123    0.1116   0.7402   0.1407   2.1945
21.9384    0.1374   0.4276   0.1694   1.1682
21.5108    0.1085   0.6971   0.1372   2.2126
21.3802    0.1095   0.4263   0.1384   2.2065
21.5890    0.0967   0.4751   0.1239   2.2808
21.4878    0.1015   0.5135   0.1293   2.2532
21.5403    0.0991   0.4018   0.1266   2.2670
21.6050    0.1085   0.4219   0.1372   2.2126
21.2291    0.0910   0.4832   0.1174   2.3269
21.5974    0.1015   0.5676   0.1293   2.2532
21.4631    0.0895   0.3939   0.1158   2.3434
22.0551    0.1374   0.3495   0.1694   1.1682
21.7263    0.1207   0.4276   0.1510   1.2134
21.2429    0.0920   0.2578   0.1186   2.3079
21.4886    0.0915   0.2474   0.1180   2.3113
21.0484    0.0799   0.3757   0.1047   2.3875
21.0198    0.0814   0.5227   0.1064   2.3677
20.7476    0.0717   0.3966   0.0952   2.4859
21.3620    0.0898   0.3793   0.1161   2.3204
20.8328    0.0718   0.3957   0.0953   2.4781
21.2878    0.0915   0.3793   0.1180   2.3113
21.4038    0.0960   0.3481   0.1232   1.2892
21.8107    0.1216   0.6029   0.1520   1.2108
20.9732    0.0807   0.5000   0.1056   2.4146
21.2322    0.1002   0.5674   0.1279   1.2759
21.4391    0.0934   0.4998   0.1201   2.3001
21.6017    0.1016   0.3726   0.1295   1.2714
20.9609    0.0814   0.3511   0.1064   2.3677
21.2075    0.0928   0.4791   0.1195   1.2998
21.3184    0.0988   0.4351   0.1263   1.2803
21.4036    0.1031   0.2216   0.1312   1.2670
20.8280    0.0727   0.3475   0.0963   2.4796
21.0332    0.0822   0.5537   0.1074   2.3633
20.9828    0.0771   0.4576   0.1014   2.3911
21.6640    0.1187   0.2295   0.1487   1.2194
20.9525    0.0763   0.4699   0.1006   2.4526
21.1273    0.0831   0.2821   0.1083   2.3589
20.8719    0.0731   0.3254   0.0968   2.4744
21.5506    0.1140   0.2682   0.1434   1.2332
21.8397    0.1140   0.3968   0.1434   1.2332
21.1013    0.0802   0.5192   0.1051   2.3973
21.1128    0.0906   0.2844   0.1170   2.3159
21.7063    0.0988   0.4590   0.1263   1.2803
20.8226    0.0724   0.4511   0.0960   2.4737
21.0644    0.0795   0.4136   0.1042   2.4250
21.8109    0.1234   0.7810   0.1540   1.2056
20.8535    0.0728   0.4518   0.0964   2.4804
21.7596    0.1171   0.2696   0.1469   1.2240
21.7733    0.1234   0.2723   0.1540   1.2056
21.1752    0.0906   0.4321   0.1170   2.3159
21.2987    0.1002   0.4334   0.1279   1.2759
21.3687    0.0960   0.3535   0.1232   1.2892
21.3806    0.1002   0.3200   0.1279   1.2759
21.1542    0.0835   0.5328   0.1089   2.3562
20.8379    0.0712   0.3999   0.0946   2.4954
21.0686    0.0935   0.1414   0.1202   1.2977
21.2404    0.0925   0.5646   0.1191   2.3053
20.9744    0.0760   0.3726   0.1002   2.4484
21.8175    0.1155   0.3724   0.1452   1.2286
21.0961    0.0789   0.3514   0.1036   2.3811
21.0268    0.0806   0.3447   0.1055   2.3722
21.2953    0.0925   0.5498   0.1191   2.3053
21.9047    0.1216   0.3403   0.1520   1.2108
20.8434    0.0737   0.5820   0.0975   2.4623
21.0639    0.0806   0.2825   0.1055   2.3722
21.3862    0.1002   0.2413   0.1279   1.2759
21.5361    0.1047   0.6663   0.1330   1.2619
21.9374    0.1187   0.4279   0.1487   1.2194
21.8128    0.1124   0.4840   0.1417   1.2378
21.2432    0.0908   0.3485   0.1172   2.3178
21.4558    0.1002   0.1973   0.1279   1.2759
21.5807    0.1140   0.7325   0.1434   1.2332
22.0381    0.1124   0.3639   0.1417   1.2378
21.6532    0.1031   0.3508   0.1312   1.2670
21.7584    0.1095   0.5400   0.1384   1.2469
21.0477    0.0828   0.3824   0.1081   2.3945
20.9615    0.0783   0.2975   0.1029   2.4355
21.7686    0.1198   0.3621   0.1500   1.2160
21.0149    0.0798   0.3214   0.1045   2.3766
21.1525    0.0822   0.2921   0.1074   2.3633
20.9587    0.0731   0.5181   0.0968   2.4692
20.8873    0.0743   0.5198   0.0982   2.4678
21.5895    0.1155   0.2870   0.1452   1.2286
21.0662    0.0831   0.6703   0.1083   2.3589
21.9179    0.1198   0.4206   0.1500   1.2160
21.6507    0.1095   0.4144   0.1384   1.2469
21.6723    0.1155   0.6092   0.1452   1.2286
21.3957    0.0915   0.7017   0.1180   2.3113
21.0856    0.0814   0.4963   0.1064   2.3677
21.8661    0.1198   0.2833   0.1500   1.2160
21.0507    0.0820   0.4676   0.1071   2.3660
21.4280    0.1031   0.3734   0.1312   1.2670
21.0674    0.0749   0.4123   0.0989   2.4510
21.2902    0.0938   0.3972   0.1206   1.2966
21.3544    0.0915   0.4586   0.1180   2.3113
21.0704    0.0840   0.3240   0.1094   2.3537
21.9515    0.1187   0.4102   0.1487   1.2194
21.3127    0.0974   0.1782   0.1247   1.2848
21.2683    0.0925   0.4740   0.1192   2.3082
21.3385    0.1002   0.2804   0.1279   1.2759
21.5938    0.1016   0.6000   0.1295   1.2714
21.5297    0.1062   0.2195   0.1347   1.2570
20.8486    0.0798   0.5191   0.1046   2.4210
21.0392    0.0784   0.5958   0.1030   2.4188
20.9644    0.0774   0.5446   0.1018   2.3895
21.3611    0.0938   0.4487   0.1206   1.2966
21.2877    0.0929   0.6711   0.1196   2.3027
21.3512    0.0988   0.3824   0.1263   1.2803
21.4191    0.1002   0.3099   0.1279   1.2759
21.1600    0.0938   0.4526   0.1206   1.2966
21.0592    0.0836   0.3993   0.1090   2.3886
20.6830    0.0659   0.3870   0.0883   2.5446
20.9780    0.0800   0.5768   0.1048   1.3371
19.9500    0.0434   0.3688   0.0615   2.7034
20.7135    0.0657   0.5341   0.0882   2.4419
20.3636    0.0518   0.8663   0.0717   2.5850
20.9464    0.0714   0.3893   0.0949   2.4499
17.3204    0.0070   2.1361   0.0150   1.3903
21.0443    0.0824   0.3580   0.1076   1.3299
20.2868    0.0533   0.3908   0.0734   2.4907
18.4217    0.0163   1.5590   0.0275   2.6652
21.1496    0.0849   0.5095   0.1105   1.3225
18.5463    0.0176   1.6902   0.0292   1.3846
18.7801    0.0207   1.2737   0.0332   2.4898
21.0445    0.0766   0.3377   0.1008   1.3472
21.2103    0.0841   0.4338   0.1095   1.3249
20.2887    0.0528   0.4196   0.0729   2.6670
20.4360    0.0577   0.4279   0.0787   1.3667
20.5829    0.0611   0.9704   0.0827   1.3712
20.9534    0.0779   0.3915   0.1024   1.3432
18.7843    0.0210   1.3476   0.0336   1.3992
17.2083    0.0064   2.1873   0.0142   1.3905
19.0852    0.0254   1.5232   0.0392   1.3816
20.8043    0.0717   0.5321   0.0952   2.4600
20.6129    0.0592   0.2263   0.0805   2.6053
20.9876    0.0786   0.2543   0.1032   1.3411
18.7220    0.0203   1.6077   0.0326   2.4752
20.4713    0.0559   0.3105   0.0765   2.6401
19.4888    0.0327   1.3240   0.0484   2.4705
20.2837    0.0527   0.9452   0.0727   2.5340
21.0017    0.0832   0.2561   0.1085   1.3274
20.6829    0.0616   0.2786   0.0833   2.4562
19.3205    0.0294   1.4801   0.0443   1.3802
19.6185    0.0337   1.4489   0.0496   1.3788
18.7331    0.0205   1.2168   0.0329   2.6388
21.1194    0.0832   0.3379   0.1085   1.3274
20.6866    0.0690   0.3190   0.0920   2.4789
21.1434    0.0807   0.3386   0.1056   1.3348
21.2053    0.0883   0.3981   0.1143   1.3128
20.9794    0.0759   0.5332   0.1001   1.3492
18.4984    0.0171   1.6067   0.0285   2.4786
18.8485    0.0216   1.4489   0.0344   2.4747
18.8034    0.0212   1.3404   0.0338   1.3982
20.8547    0.0759   0.4564   0.1001   1.3492
21.1620    0.0793   0.3320   0.1040   1.3391
19.2873    0.0282   1.4766   0.0427   1.3806
21.1340    0.0800   0.3234   0.1048   1.3371
20.9849    0.0749   0.3561   0.0989   1.3522
20.4081    0.0558   0.7534   0.0764   1.3684
20.8202    0.0720   0.5226   0.0955   2.4143
18.8795    0.0220   1.2353   0.0348   2.5213
18.4072    0.0161   1.6974   0.0272   1.3872
20.7960    0.0728   0.6776   0.0964   1.3582
20.9018    0.0749   0.4648   0.0989   1.3522
19.5476    0.0333   1.3999   0.0492   1.3789
21.0707    0.0766   0.4824   0.1008   1.3472
20.4893    0.0586   0.4378   0.0798   2.5921
20.9781    0.0753   0.5915   0.0993   1.3510
20.9230    0.0741   0.3835   0.0980   2.4046
20.3146    0.0531   0.5911   0.0732   2.6640
19.9609    0.0432   1.4285   0.0612   1.3762
20.2993    0.0537   0.4338   0.0739   2.6470
21.4111    0.0908   0.3580   0.1172   1.3055
18.8005    0.0210   1.3365   0.0336   1.3991
19.3830    0.0309   1.1259   0.0461   2.6633
20.7716    0.0665   0.4313   0.0890   2.5236
21.0311    0.0786   0.3138   0.1032   1.3411
21.0517    0.0832   0.4752   0.1085   1.3274
21.0793    0.0779   0.2741   0.1024   1.3432
21.0489    0.0800   0.2471   0.1048   1.3371
20.7033    0.0691   0.3171   0.0922   2.4999
20.5967    0.0621   0.3161   0.0839   2.4549
20.6119    0.0620   1.1815   0.0838   1.3720
20.7351    0.0649   0.4325   0.0872   2.4452
18.5319    0.0174   1.7532   0.0289   1.3867
19.8345    0.0401   1.0905   0.0575   2.6088
21.2574    0.0841   0.3953   0.1095   1.3249
20.7227    0.0649   0.5112   0.0872   2.4452
20.4300    0.0568   0.3673   0.0777   2.6239
20.5137    0.0609   0.4190   0.0825   2.5844
20.7194    0.0648   0.3352   0.0871   2.5545
20.7707    0.0673   0.4485   0.0900   2.4350
20.7624    0.0673   0.4490   0.0900   2.4350
20.8224    0.0697   0.5206   0.0929   2.4242
17.3264    0.0071   2.0748   0.0151   2.6142
18.8238    0.0209   1.3975   0.0335   2.7173
20.5064    0.0583   0.3939   0.0794   2.5513
20.7454    0.0692   0.4462   0.0922   2.4266
20.4756    0.0579   1.2433   0.0789   1.3732
20.1209    0.0453   1.2494   0.0638   1.3757
19.4021    0.0300   1.2043   0.0450   2.6215
20.9906    0.0727   0.3495   0.0963   1.3584
20.5235    0.0603   0.3348   0.0818   2.5606
20.9456    0.0752   0.4885   0.0993   2.3998
20.5095    0.0601   0.4313   0.0816   2.5917
20.5125    0.0558   0.4316   0.0765   2.6348
20.3946    0.0562   1.0272   0.0769   1.3697
20.4424    0.0562   0.6136   0.0769   1.3678
21.3098    0.0858   0.5841   0.1115   1.3200
19.0065    0.0238   1.2179   0.0372   2.7243
20.9106    0.0725   0.4875   0.0962   2.4119
16.1879    0.0018   2.8031   0.0076   1.3919
20.5034    0.0603   0.3690   0.0818   2.5939
20.8884    0.0765   0.5417   0.1008   2.3937
20.8501    0.0709   0.5160   0.0942   2.4192
19.7463    0.0383   1.1999   0.0553   2.5722
20.2272    0.0508   1.4110   0.0705   1.3746
19.9353    0.0415   1.2638   0.0593   2.4678
18.5492    0.0174   1.3750   0.0289   2.5915
18.6294    0.0191   1.3419   0.0311   2.4980
18.6755    0.0192   1.2401   0.0312   2.6365
18.7581    0.0203   1.2657   0.0327   1.4023
18.6211    0.0189   1.1808   0.0309   2.6926
18.7043    0.0200   1.3768   0.0323   1.4038
18.6900    0.0194   1.3137   0.0315   2.5451
18.6225    0.0185   1.1242   0.0303   2.7656
18.6103    0.0184   1.3918   0.0302   2.5004
18.5668    0.0184   1.3044   0.0303   2.5967
17.8168    0.0106   1.5526   0.0198   2.7924
18.6193    0.0188   1.2467   0.0307   2.5884
