#ID x y mag e_mag col1 e_col1 memb_prob sel
55333    4727.741000 6244.327000  18.1760   0.0050   1.9550   0.0080   1.0000      1
38386    4838.902000 5988.107000  18.5880   0.0050   1.5840   0.0080   1.0000      1
38357    4832.143000 5961.885000  18.1740   0.0050   1.9840   0.0090   1.0000      1
38542    4894.722000 5985.627000  18.7070   0.0050   1.5120   0.0090   1.0000      1
37401    4607.185000 6142.614000  18.3030   0.0060   1.5750   0.0080   1.0000      1
55356    4738.244000 6217.927000  18.3020   0.0060   1.5660   0.0130   1.0000      1
37942    4759.093000 6047.109000  18.6530   0.0070   1.5840   0.0110   1.0000      1
55209    4674.980000 6209.988000  19.7620   0.0070   0.4260   0.0110   1.0000      1
55633    4834.389000 6240.706000  19.3190   0.0080  -0.0360   0.0090   1.0000      1
38308    4822.580000 6152.839000  19.5760   0.0080   0.8930   0.0120   1.0000      1
38046    4776.399000 5996.142000  19.9640   0.0080   0.4320   0.0120   1.0000      1
38757    4979.757000 6011.881000  19.7540   0.0090   0.5420   0.0110   1.0000      1
37665    4697.691000 5943.900000  19.8120   0.0090   0.4090   0.0130   1.0000      1
37494    4646.041000 6114.363000  19.6620   0.0100   0.4160   0.0120   1.0000      1
38701    4958.960000 6106.929000  19.8960   0.0100   0.3810   0.0130   1.0000      1
38533    4890.455000 6114.486000  20.3100   0.0100   0.3130   0.0140   1.0000      1
37992    4766.640000 6066.717000  19.6250   0.0100   0.5090   0.0240   1.0000      1
38526    4889.037000 6131.495000  20.3120   0.0110   0.2100   0.0140   1.0000      1
38093    4785.367000 6044.658000  18.3930   0.0110   1.2830   0.0150   1.0000      1
37710    4711.261000 6130.367000  20.0160   0.0110   0.4140   0.0150   1.0000      1
38113    4788.906000 6135.396000  19.6010   0.0110   0.2470   0.0220   1.0000      1
38201    4802.241000 6150.072000  19.5760   0.0120   0.3540   0.0210   1.0000      1
37890    4750.089000 6125.133000  19.5050   0.0120   0.6910   0.0400   1.0000      1
38724    4967.561000 6060.477000  19.6480   0.0130   0.3000   0.0150   1.0000      1
37750    4723.368000 5878.139000  20.3370   0.0130   0.3780   0.0160   1.0000      1
38218    4805.171000 6119.902000  18.3390   0.0130   1.3560   0.0450   1.0000      1
37782    4730.428000 6078.070000  20.0680   0.0140   0.2650   0.0170   1.0000      1
38387    4838.984000 6138.737000  19.4220   0.0140  -0.0720   0.0180   1.0000      1
37870    4746.062000 6056.132000  18.5500   0.0140   1.4810   0.0200   1.0000      1
37634    4690.920000 6028.592000  20.4140   0.0150   0.1050   0.0210   1.0000      1
38364    4833.955000 6127.178000  20.2190   0.0150   0.2780   0.0280   1.0000      1
37892    4750.266000 6120.727000  19.5890   0.0150   0.5500   0.0430   1.0000      1
38176    4797.785000 6078.751000  20.1970   0.0160   0.2250   0.0240   1.0000      1
38433    4853.785000 6146.538000  20.4190   0.0160  -0.0020   0.0340   1.0000      1
38254    4813.457000 6102.669000  19.1770   0.0170   0.6600   0.0210   1.0000      1
38670    4945.514000 5987.190000  19.7160   0.0180   0.3640   0.0200   1.0000      1
38467    4866.394000 6082.910000  20.0210   0.0180   0.4250   0.0200   1.0000      1
37758    4725.522000 6084.691000  20.1400   0.0180  -0.1290   0.0280   1.0000      1
37648    4693.597000 6130.224000  20.1090   0.0190   0.3510   0.0210   1.0000      1
37840    4741.709000 6159.725000  20.3870   0.0190   0.2150   0.0230   1.0000      1
38096    4785.624000 6129.617000  19.8420   0.0190   0.2280   0.0260   1.0000      1
37814    4736.168000 6132.790000  19.6120   0.0190   0.0890   0.0560   1.0000      1
37963    4762.866000 6090.797000  18.4580   0.0200   0.8570   0.0360   1.0000      1
38082    4783.217000 6135.294000  19.4250   0.0200   0.4970   0.0360   1.0000      1
38077    4781.530000 6114.701000  18.2010   0.0200   0.6280   0.0400   1.0000      1
37925    4756.376000 6135.610000  20.5570   0.0200   0.0780   0.0400   1.0000      1
38192    4800.020000 6108.771000  18.8140   0.0200   0.8450   0.0430   1.0000      1
38275    4816.277000 6115.468000  20.1210   0.0200   0.2020   0.0560   1.0000      1
37901    4751.938000 6129.273000  19.8090   0.0200   0.1710   0.0590   1.0000      1
38277    4816.384000 6108.214000  20.0350   0.0210   0.0740   0.0260   1.0000      1
38017    4772.560000 6093.958000  18.2410   0.0210   0.8180   0.0350   1.0000      1
38371    4836.261000 6103.743000  18.3980   0.0210   1.2090   0.0450   1.0000      1
54959    4580.162000 6246.477000  19.6550   0.0220   0.6540   0.0230   1.0000      1
38121    4790.184000 6131.616000  19.8260   0.0220   0.0640   0.0300   1.0000      1
38119    4789.817000 6062.136000  20.5050   0.0220   0.1640   0.0340   1.0000      1
38081    4783.155000 6102.938000  18.0680   0.0230   0.5250   0.0700   1.0000      1
38365    4834.245000 6163.666000  19.7820   0.0240   0.5950   0.0250   1.0000      1
37952    4760.912000 6081.887000  19.6180   0.0250   0.1960   0.0580   1.0000      1
37789    4731.440000 6062.688000  20.1690   0.0260   0.2320   0.0330   1.0000      1
38231    4807.721000 6108.290000  19.7080   0.0260   0.3930   0.0380   1.0000      1
38134    4791.245000 6122.255000  19.4630   0.0270   0.6240   0.0430   1.0000      1
37841    4741.834000 6069.652000  20.4140   0.0280   0.0470   0.0430   1.0000      1
38264    4814.503000 6134.563000  20.5030   0.0320   0.1520   0.0430   1.0000      1
38076    4781.446000 6126.813000  20.3300   0.0320   0.1690   0.0470   1.0000      1
38137    4792.250000 6119.239000  19.3730   0.0330   0.2230   0.0360   1.0000      1
37908    4753.553000 6100.945000  19.0070   0.0340   0.4910   0.0450   1.0000      1
37884    4748.673000 6112.909000  20.0730   0.0340   0.0980   0.0450   1.0000      1
38150    4794.607000 6107.821000  19.2280   0.0350   0.1810   0.0590   1.0000      1
38086    4784.204000 6150.848000  20.3910   0.0360   0.0320   0.0430   1.0000      1
38239    4809.362000 6092.880000  18.9300   0.0360   0.5290   0.0440   1.0000      1
37960    4762.323000 6096.711000  18.7970   0.0360   0.3580   0.0480   1.0000      1
38549    4896.186000 6073.311000  21.2900   0.0370   0.0560   0.0420   1.0000      1
38183    4798.895000 6070.821000  19.8810   0.0380  -0.0220   0.0390   1.0000      1
38152    4794.701000 6104.166000  18.9290   0.0380   0.1880   0.0470   1.0000      1
37882    4748.638000 6147.218000  21.0100   0.0380  -0.0650   0.0550   1.0000      1
38098    4785.792000 6097.861000  19.0020   0.0400   0.4570   0.0510   1.0000      1
38010    4770.505000 6098.391000  18.8410   0.0410   0.5870   0.0720   1.0000      1
38064    4779.481000 6095.214000  19.5380   0.0410  -0.3300   0.0810   1.0000      1
37943    4759.499000 6093.596000  19.2200   0.0440   0.3200   0.0540   1.0000      1
38068    4780.164000 6110.646000  18.3700   0.0440   0.5280   0.0560   1.0000      1
38168    4797.099000 6134.413000  20.2270   0.0450  -0.0600   0.0500   1.0000      1
37868    4745.977000 6100.281000  19.3440   0.0480   0.2500   0.0540   1.0000      1
38210    4803.652000 6106.457000  19.5270   0.0480   0.3490   0.0580   1.0000      1
38314    4823.933000 6141.270000  19.3610   0.0520   0.3970   0.0660   1.0000      1
38193    4800.489000 6091.823000  19.3320   0.0530   0.4800   0.0590   1.0000      1
38036    4774.936000 6090.105000  19.4070   0.0540   0.6910   0.0670   1.0000      1
37947    4760.082000 6103.686000  19.1930   0.0560   0.4870   0.0810   1.0000      1
38325    4825.662000 6090.818000  21.1860   0.0600   0.0730   0.0670   1.0000      1
37973    4764.441000 6115.853000  18.5790   0.0610   0.5390   0.1020   1.0000      1
38148    4794.451000 6112.177000  18.7060   0.0620   0.0190   0.0650   1.0000      1
38045    4776.371000 6117.495000  17.5810   0.0620   1.1570   0.0750   1.0000      1
37849    4742.794000 6107.295000  20.9350   0.0640  -0.2190   0.0770   1.0000      1
38162    4795.790000 6099.970000  19.3650   0.0660   0.1940   0.0870   1.0000      1
38587    4909.951000 6096.450000  18.2680   0.0050   2.0520   0.0090   0.9990      1
38292    4820.663000 6083.708000  18.5770   0.0070   1.4600   0.0120   0.9990      1
38545    4895.519000 6063.164000  18.3880   0.0090   1.6820   0.0110   0.9990      1
38246    4811.327000 6013.645000  19.8910   0.0090   0.4410   0.0120   0.9990      1
37746    4722.470000 6159.205000  20.4270   0.0090   0.4100   0.0150   0.9990      1
37594    4676.684000 5956.843000  20.3930   0.0100   0.3990   0.0140   0.9990      1
55415    4756.306000 6214.268000  19.9710   0.0100   0.5050   0.0150   0.9990      1
38285    4819.019000 6060.668000  19.5810   0.0100   1.1050   0.0250   0.9990      1
38324    4825.450000 6134.554000  18.2900   0.0100   1.7080   0.0270   0.9990      1
38405    4843.871000 6027.601000  20.1670   0.0110   0.4150   0.0160   0.9990      1
37532    4656.484000 6078.503000  20.3450   0.0110   0.3700   0.0160   0.9990      1
38139    4793.123000 5882.198000  20.5410   0.0110   0.3980   0.0180   0.9990      1
38006    4769.643000 6085.750000  17.5670   0.0120   1.8730   0.0220   0.9990      1
37721    4714.907000 5915.651000  20.6640   0.0130   0.3510   0.0180   0.9990      1
38220    4805.857000 6155.969000  20.3380   0.0140   0.2560   0.0170   0.9990      1
38402    4843.204000 6148.274000  20.1890   0.0150   0.4120   0.0190   0.9990      1
37933    4758.007000 6120.009000  18.0260   0.0200   0.6580   0.0440   0.9990      1
37976    4764.620000 6085.562000  18.1000   0.0240   1.0180   0.0380   0.9990      1
38156    4795.011000 6090.348000  18.1480   0.0370   1.2230   0.0520   0.9990      1
37981    4765.390000 6119.788000  19.3800   0.0370  -0.0680   0.0600   0.9990      1
38123    4790.291000 6102.564000  19.3210   0.0480   0.0640   0.0690   0.9990      1
38169    4797.278000 6086.384000  19.6040   0.0490   0.6940   0.0540   0.9990      1
38182    4798.574000 6154.076000  21.1960   0.0490   0.0970   0.0700   0.9990      1
38143    4793.461000 6137.147000  19.7490   0.0600   0.3160   0.0750   0.9990      1
37823    4737.620000 6107.642000  20.2270   0.0640  -0.0870   0.0690   0.9990      1
38206    4803.083000 6136.148000  22.1740   0.0740  -0.2010   0.0850   0.9990      1
55528    4792.710000 6191.132000  17.6180   0.0040   1.7520   0.0060   0.9980      1
55519    4789.442000 6196.030000  18.4890   0.0060   1.5930   0.0090   0.9980      1
55417    4756.829000 6246.857000  18.5860   0.0070   1.6350   0.0110   0.9980      1
38203    4802.719000 6111.020000  17.7040   0.0080   1.2030   0.0210   0.9980      1
38293    4820.671000 6134.776000  18.6510   0.0090   1.5890   0.0160   0.9980      1
38548    4896.127000 6130.052000  20.1590   0.0100   0.4960   0.0160   0.9980      1
38202    4802.420000 6165.040000  19.8180   0.0120   1.1400   0.0300   0.9980      1
38103    4786.926000 6058.358000  20.5230   0.0140   0.2850   0.0370   0.9980      1
37739    4719.906000 6044.971000  20.7210   0.0160   0.3460   0.0190   0.9980      1
37862    4745.098000 6140.338000  20.5190   0.0180   0.2740   0.0300   0.9980      1
38226    4806.394000 6128.909000  20.7270   0.0200   0.2750   0.0490   0.9980      1
38297    4821.078000 6052.219000  20.1500   0.0270   0.3460   0.0360   0.9980      1
37791    4731.940000 6057.812000  21.1110   0.0270   0.2270   0.0360   0.9980      1
37732    4718.022000 6126.034000  21.3290   0.0330   0.0930   0.0450   0.9980      1
38124    4790.340000 6087.321000  18.7970   0.0430   1.0410   0.0620   0.9980      1
38376    4837.339000 6129.774000  19.7930   0.0490   0.2660   0.0510   0.9980      1
37898    4751.601000 6157.978000  22.1950   0.0970  -0.3200   0.1510   0.9980      1
37977    4764.868000 5991.294000  17.9910   0.0050   1.8470   0.0080   0.9970      1
38483    4873.108000 6116.459000  18.6090   0.0070   1.6110   0.0100   0.9970      1
37923    4756.186000 6165.656000  18.8320   0.0090   1.6600   0.0170   0.9970      1
38092    4785.312000 6110.593000  17.6410   0.0100   0.8810   0.0210   0.9970      1
55638    4837.547000 6275.367000  20.5640   0.0130   0.4280   0.0210   0.9970      1
37817    4736.390000 6080.635000  18.5910   0.0130   1.6740   0.0410   0.9970      1
38490    4874.943000 6140.332000  20.7100   0.0140   0.3530   0.0200   0.9970      1
37851    4743.590000 6103.973000  18.7300   0.0140   1.0100   0.0210   0.9970      1
38009    4770.138000 6070.333000  18.8320   0.0150   1.2940   0.0170   0.9970      1
38171    4797.360000 6034.427000  20.3210   0.0200   0.3630   0.0230   0.9970      1
38167    4797.048000 6119.554000  20.2010   0.0230   0.3470   0.0290   0.9970      1
38236    4809.097000 6088.509000  19.9730   0.0270   0.4650   0.0360   0.9970      1
38354    4831.598000 6143.138000  21.1310   0.0290   0.2770   0.0360   0.9970      1
37848    4742.441000 6088.486000  18.6410   0.0070   1.5720   0.0160   0.9960      1
37830    4738.506000 6009.976000  20.4140   0.0140   0.4210   0.0180   0.9960      1
37427    4616.509000 6036.064000  20.4480   0.0160   0.4470   0.0190   0.9960      1
38012    4771.214000 6168.921000  20.5050   0.0170   0.3850   0.0200   0.9960      1
38019    4772.651000 6108.430000  17.6260   0.0180   0.8120   0.0430   0.9960      1
37858    4744.706000 6095.666000  18.8250   0.0190   1.2920   0.0360   0.9960      1
38286    4819.367000 6064.642000  20.3160   0.0200   0.3570   0.0240   0.9960      1
37953    4761.018000 6064.232000  20.6630   0.0240   0.3420   0.0290   0.9960      1
37818    4736.468000 6144.968000  21.0350   0.0910  -0.0520   0.0990   0.9960      1
38164    4795.941000 6082.248000  19.8470   0.0280   0.2940   0.0410   0.9950      1
37966    4763.603000 6060.851000  20.5290   0.0300   0.2620   0.0340   0.9950      1
37863    4745.100000 6068.751000  19.8910   0.0380   0.8610   0.0530   0.9950      1
38015    4772.112000 6114.406000  17.7810   0.0590   1.0880   0.0790   0.9950      1
55557    4807.858000 6212.104000  22.4190   0.0680  -0.0500   0.0790   0.9950      1
37948    4760.244000 6108.585000  19.5820   0.0750   0.4520   0.0890   0.9950      1
38117    4789.497000 6145.551000  18.5800   0.0180   1.3750   0.0300   0.9940      1
37962    4762.858000 6127.948000  19.8860   0.0390   0.1240   0.0780   0.9940      1
37891    4750.143000 6092.769000  19.9560   0.0460   0.4400   0.0540   0.9940      1
37684    4703.077000 6008.003000  21.3650   0.0470  -0.0590   0.1090   0.9940      1
38033    4773.950000 6009.738000  21.2400   0.0560  -0.2800   0.0600   0.9940      1
38008    4770.082000 6117.116000  18.0860   0.0640   0.8390   0.0780   0.9940      1
38251    4812.388000 6104.830000  20.0800   0.0740   0.1830   0.1170   0.9940      1
37872    4747.160000 6078.201000  18.6480   0.0110   1.5650   0.0310   0.9930      1
37852    4743.937000 5991.354000  20.9710   0.0150   0.3710   0.0210   0.9930      1
37752    4723.517000 6171.153000  20.6460   0.0150   0.4040   0.0260   0.9930      1
37668    4698.162000 6041.008000  20.7470   0.0170   0.4590   0.0230   0.9930      1
37950    4760.641000 6166.848000  20.5450   0.0200   0.4280   0.0260   0.9930      1
37839    4741.697000 6136.806000  20.5220   0.0270   0.2760   0.0470   0.9930      1
38274    4816.176000 6125.945000  17.5230   0.0050   1.9490   0.0110   0.9920      1
37955    4761.094000 6122.362000  16.2060   0.0090   2.5130   0.0230   0.9920      1
38108    4788.285000 6092.587000  16.2730   0.0120   2.6120   0.0440   0.9920      1
55679    4853.215000 6254.069000  20.6470   0.0150   0.4200   0.0200   0.9920      1
55416    4756.588000 6278.222000  20.9660   0.0160   0.3670   0.0230   0.9920      1
55032    4605.295000 6205.331000  20.9740   0.0160   0.3750   0.0230   0.9920      1
38374    4837.003000 6149.725000  20.9250   0.0210   0.3740   0.0260   0.9920      1
38037    4775.235000 6111.416000  17.9900   0.0280   0.7220   0.0530   0.9920      1
38147    4794.439000 6148.184000  19.7070   0.0370   0.4100   0.0990   0.9920      1
38441    4856.170000 6117.861000  20.5100   0.0520   0.2110   0.0550   0.9920      1
38420    4849.089000 6109.686000  19.6340   0.0620   0.4660   0.0630   0.9920      1
37834    4739.935000 6084.649000  21.2660   0.0720   0.0770   0.0950   0.9920      1
38630    4927.801000 5981.823000  18.6780   0.0060   1.5770   0.0090   0.9910      1
38211    4803.820000 6087.800000  16.8480   0.0090   2.0230   0.0130   0.9910      1
37757    4725.314000 6164.222000  20.5530   0.0130   0.4950   0.0220   0.9910      1
37695    4705.952000 6033.909000  20.5710   0.0160   0.4430   0.0210   0.9910      1
55332    4727.138000 6238.075000  20.7470   0.0170   0.4400   0.0240   0.9910      1
37980    4765.355000 6150.431000  20.4400   0.0170   0.4620   0.0250   0.9910      1
38079    4782.553000 6160.480000  20.4370   0.0360   0.4170   0.0460   0.9910      1
55585    4816.553000 6245.103000  16.8250   0.0040   2.4940   0.0060   0.9900      1
55202    4672.979000 6180.267000  20.1050   0.0110   0.5710   0.0160   0.9900      1
38606    4918.581000 5938.800000  20.7900   0.0130   0.4470   0.0190   0.9900      1
37916    4754.873000 6026.871000  20.1170   0.0180   0.3920   0.0220   0.9900      1
37889    4749.757000 6087.644000  19.9000   0.0240   0.4520   0.0310   0.9900      1
37954    4761.046000 6137.934000  20.6380   0.0240   0.3630   0.0480   0.9900      1
37742    4720.889000 6036.558000  20.4230   0.0270   0.3670   0.0400   0.9900      1
55507    4785.669000 6181.206000  20.5330   0.0160   0.4310   0.0230   0.9890      1
37987    4766.171000 6100.892000  17.3570   0.0180   1.6550   0.0700   0.9890      1
37807    4735.384000 5993.679000  20.9910   0.0210   0.4030   0.0260   0.9890      1
38342    4828.875000 6135.807000  19.8480   0.0280   0.3740   0.0560   0.9890      1
38055    4778.528000 6151.979000  20.6920   0.0490   0.3050   0.0520   0.9890      1
38418    4848.500000 6082.676000  16.9140   0.0660   2.3980   0.0660   0.9890      1
37905    4752.949000 6109.203000  20.3500   0.0740   0.2540   0.0920   0.9890      1
38133    4791.169000 6052.732000  18.5910   0.0070   1.3040   0.0320   0.9880      1
38509    4880.990000 6093.568000  20.9410   0.0130   0.4330   0.0210   0.9880      1
38555    4897.800000 6016.883000  20.9480   0.0160   0.4260   0.0220   0.9880      1
38558    4898.029000 6098.797000  20.9250   0.0170   0.4330   0.0250   0.9880      1
38097    4785.641000 6116.231000  19.7050   0.0620  -0.3750   0.0730   0.9880      1
37895    4751.270000 6139.534000  21.0290   0.0750   0.0280   0.0920   0.9880      1
38393    4840.285000 6125.324000  20.5280   0.0160   0.4300   0.0270   0.9870      1
38144    4793.873000 5998.386000  20.3780   0.0380   0.4280   0.0420   0.9870      1
55242    4691.354000 6302.750000  20.0940   0.0080   0.5690   0.0130   0.9860      1
38243    4810.442000 6049.563000  19.9730   0.0110   0.9960   0.0170   0.9860      1
38645    4936.662000 6153.595000  20.6160   0.0110   0.3900   0.0180   0.9860      1
37514    4652.032000 6074.778000  20.9940   0.0200   0.4240   0.0270   0.9860      1
38219    4805.712000 6075.551000  19.5130   0.0220   1.2400   0.0310   0.9860      1
37775    4728.344000 6117.901000  20.7030   0.0350   0.3710   0.0420   0.9860      1
38240    4810.118000 6163.615000  20.5970   0.0140   0.4090   0.0180   0.9850      1
55723    4867.489000 6191.020000  20.4730   0.0160   0.3790   0.0200   0.9850      1
38212    4803.855000 6116.945000  18.3760   0.0160   1.4060   0.0930   0.9850      1
38346    4829.396000 5997.725000  20.9220   0.0270   0.3920   0.0520   0.9850      1
37801    4733.702000 6116.219000  20.4850   0.0360   0.4570   0.0420   0.9850      1
38163    4795.827000 6131.652000  19.9520   0.0370   0.5190   0.0530   0.9850      1
37972    4764.354000 6107.218000  18.5500   0.0430   1.1480   0.0670   0.9850      1
38317    4824.602000 6115.892000  20.8900   0.0200   0.3980   0.0270   0.9840      1
38438    4855.356000 6121.402000  20.4350   0.0360   0.3510   0.0400   0.9840      1
37929    4757.252000 6101.201000  18.3290   0.0650   1.1490   0.0780   0.9840      1
38362    4833.462000 6118.987000  18.5810   0.0060   1.2290   0.0110   0.9830      1
37915    4754.686000 6173.494000  18.5040   0.0080   1.6280   0.0110   0.9830      1
38434    4854.036000 6104.526000  20.2720   0.0110   0.4620   0.0140   0.9830      1
38025    4773.145000 6157.681000  20.5530   0.0140   0.3560   0.0270   0.9830      1
38743    4975.518000 6003.957000  21.0060   0.0160   0.4390   0.0230   0.9830      1
37729    4717.329000 6120.012000  20.6140   0.0210   0.3540   0.0290   0.9830      1
37917    4754.912000 6048.131000  20.4970   0.0280   0.4520   0.0370   0.9830      1
38498    4876.711000 6171.712000  20.9160   0.0320   0.4240   0.0350   0.9830      1
37913    4754.371000 6085.406000  20.1790   0.0510   0.3980   0.0600   0.9830      1
38078    4782.409000 6072.192000  20.6240   0.0520   0.4030   0.0600   0.9830      1
37909    4754.122000 6081.768000  20.6020   0.0640   0.3830   0.0700   0.9830      1
37935    4758.134000 6097.932000  17.6280   0.0200   1.5050   0.0280   0.9820      1
37715    4712.860000 6150.950000  20.3920   0.0370   0.3080   0.0390   0.9820      1
38302    4821.735000 6087.588000  20.9680   0.0390   0.3650   0.0490   0.9820      1
55348    4733.096000 6187.895000  20.3330   0.0460   0.4090   0.0500   0.9820      1
37826    4737.918000 6115.004000  20.0180   0.0730   0.3510   0.0890   0.9820      1
38449    4859.456000 6109.532000  20.3750   0.0120   0.4630   0.0160   0.9810      1
38508    4880.141000 6086.462000  20.6770   0.0150   0.4550   0.0220   0.9810      1
55335    4728.072000 6190.863000  19.6900   0.0180   0.4540   0.0670   0.9810      1
38209    4803.434000 6050.553000  20.7660   0.0220   0.2370   0.0270   0.9810      1
37741    4720.331000 6087.786000  21.0800   0.0270   0.3730   0.0340   0.9810      1
37964    4763.017000 6073.106000  19.8680   0.0370   0.4230   0.0820   0.9810      1
37854    4744.429000 6076.872000  20.4920   0.0380   0.4510   0.0620   0.9810      1
55670    4850.875000 6212.593000  20.6230   0.0130   0.4480   0.0190   0.9800      1
55236    4686.537000 6193.485000  20.4950   0.0170   0.4500   0.0310   0.9800      1
37971    4764.108000 6052.361000  18.4840   0.0070   1.6480   0.0110   0.9790      1
37302    4564.414000 5990.162000  20.9100   0.0190   0.4580   0.0250   0.9790      1
38205    4803.068000 6034.786000  20.9920   0.0190   0.4420   0.0290   0.9790      1
38208    4803.337000 6124.446000  20.3810   0.0200   0.2890   0.0330   0.9790      1
38390    4839.467000 6083.196000  20.6730   0.0210   0.4760   0.0260   0.9790      1
38361    4832.837000 6034.383000  21.1750   0.0430   0.3090   0.0540   0.9790      1
38032    4773.927000 6044.169000  18.5050   0.0060   1.6210   0.0100   0.9780      1
38089    4784.708000 6167.627000  20.5610   0.0220   0.3510   0.0280   0.9780      1
55363    4740.037000 6182.463000  20.6980   0.0230   0.3940   0.0280   0.9780      1
38500    4877.829000 6082.120000  21.1950   0.0230   0.3110   0.0300   0.9780      1
37802    4734.194000 6065.473000  17.7670   0.0130   1.6510   0.0190   0.9770      1
37542    4659.094000 5974.220000  21.0700   0.0180   0.4060   0.0290   0.9770      1
37946    4760.074000 6145.503000  20.6050   0.0300   0.4300   0.0540   0.9770      1
38267    4814.657000 6156.060000  21.1170   0.0410   0.3680   0.0510   0.9770      1
37685    4703.168000 6011.661000  18.4450   0.0060  -0.2990   0.0080   0.9760      1
55299    4711.239000 6190.741000  20.4860   0.0210   0.3510   0.0240   0.9760      1
38232    4807.795000 6143.692000  20.7380   0.0360   0.3990   0.0480   0.9760      1
38261    4814.019000 6138.321000  20.6040   0.0550   0.4410   0.0620   0.9760      1
38024    4772.920000 6145.877000  19.9520   0.0730   0.3330   0.0940   0.9760      1
55305    4716.729000 6184.608000  20.3680   0.0110   0.3330   0.0150   0.9750      1
37625    4685.922000 6110.226000  20.9270   0.0260   0.3290   0.0330   0.9750      1
38060    4778.988000 6062.653000  20.8800   0.0260   0.4180   0.0340   0.9750      1
38021    4772.848000 6104.909000  17.9640   0.0270   0.8690   0.0550   0.9750      1
37918    4755.014000 6151.545000  21.7660   0.0530   0.1640   0.0670   0.9750      1
37759    4725.590000 6095.864000  20.4590   0.0630   0.4480   0.0980   0.9750      1
55430    4760.870000 6184.854000  19.0260   0.0080   1.6640   0.0120   0.9740      1
37582    4673.875000 6131.564000  20.3770   0.0110   0.3270   0.0160   0.9740      1
37876    4747.467000 6159.315000  20.8930   0.0340   0.3530   0.0370   0.9740      1
38159    4795.425000 6162.983000  21.0620   0.0460   0.3800   0.0500   0.9740      1
38290    4820.479000 6026.305000  20.3810   0.0100   0.3100   0.0140   0.9730      1
55427    4759.108000 6219.929000  20.8700   0.0140   0.4300   0.0240   0.9730      1
38271    4815.217000 6074.948000  20.9630   0.0430   0.0330   0.1000   0.9730      1
38215    4804.336000 6069.318000  18.7360   0.0080   1.4710   0.0110   0.9720      1
37717    4713.504000 6079.172000  20.3980   0.0110   0.4910   0.0160   0.9720      1
37850    4743.288000 6126.141000  19.8720   0.0160   0.4470   0.0230   0.9720      1
37751    4723.469000 6152.744000  21.0260   0.0300   0.3570   0.0460   0.9720      1
38029    4773.357000 6081.256000  20.7410   0.0570   0.2310   0.0750   0.9720      1
38472    4868.914000 6067.588000  20.4190   0.0200   0.5250   0.0260   0.9710      1
38430    4853.321000 6112.899000  21.0130   0.0210   0.3470   0.0280   0.9710      1
37988    4766.358000 6144.407000  20.7950   0.0320   0.4470   0.0450   0.9710      1
38280    4818.272000 6076.582000  21.3650   0.0400   0.1330   0.0700   0.9710      1
38715    4961.259000 6114.856000  20.8020   0.0160   0.4210   0.0260   0.9700      1
38582    4906.952000 6131.034000  21.0680   0.0190   0.4270   0.0280   0.9700      1
37794    4732.513000 6139.808000  21.0290   0.0200   0.3580   0.0310   0.9700      1
38244    4810.654000 6171.882000  20.2610   0.0220   0.4630   0.0300   0.9700      1
37602    4679.941000 6121.227000  21.1000   0.0270   0.4240   0.0320   0.9700      1
37622    4684.241000 6055.747000  17.0740   0.0040   2.3600   0.0060   0.9690      1
38366    4834.555000 6113.083000  20.2970   0.0220   0.4760   0.0250   0.9690      1
37754    4723.894000 6037.264000  18.6220   0.0230   1.6100   0.0270   0.9690      1
38125    4790.358000 6068.037000  20.2750   0.0360   0.3930   0.0470   0.9690      1
38166    4796.814000 6157.461000  21.1490   0.0620   0.3330   0.0680   0.9690      1
37497    4647.103000 6162.465000  20.8850   0.0150   0.4590   0.0210   0.9680      1
37847    4742.300000 6148.601000  21.2810   0.0490   0.1740   0.0780   0.9680      1
38230    4807.636000 6102.793000  20.2760   0.0610   0.4630   0.0740   0.9680      1
38406    4844.105000 6066.886000  20.3240   0.0120   2.5900   0.0400   0.9670      1
38199    4801.471000 6098.714000  17.6650   0.0160   1.6280   0.0250   0.9670      1
37552    4661.706000 6057.235000  21.0300   0.0170   0.4520   0.0240   0.9670      1
38295    4821.047000 6124.924000  20.1060   0.0190   0.4230   0.0290   0.9670      1
38578    4905.649000 5942.228000  21.0360   0.0200   0.3520   0.0300   0.9670      1
38136    4792.234000 6139.628000  18.6870   0.0270   1.1890   0.0300   0.9670      1
38413    4846.972000 6156.591000  20.8500   0.0340   0.4080   0.0380   0.9670      1
55563    4810.073000 6236.927000  20.8740   0.0540   0.3500   0.0570   0.9670      1
37718    4713.547000 6057.660000  20.9390   0.0820   0.3270   0.0850   0.9670      1
38174    4797.748000 5973.452000  18.0590   0.0050   1.9460   0.0090   0.9660      1
37819    4736.848000 6122.596000  18.4390   0.0160   1.4980   0.0200   0.9660      1
38083    4783.448000 6120.462000  18.2350   0.0190   1.4350   0.0400   0.9660      1
37866    4745.766000 6117.355000  20.1330   0.0380   0.4900   0.0570   0.9660      1
38195    4800.679000 6167.361000  20.7840   0.0510   0.3690   0.0550   0.9660      1
38127    4790.504000 6080.866000  20.2910   0.0540   0.4670   0.0710   0.9660      1
38031    4773.924000 6123.245000  18.3940   0.0200   1.4360   0.0340   0.9650      1
38030    4773.837000 6128.454000  18.2460   0.0220   1.3410   0.0480   0.9650      1
38214    4804.162000 6146.851000  20.6860   0.0270   0.4690   0.0640   0.9650      1
37970    4763.942000 6147.002000  21.2040   0.0430   0.3010   0.0670   0.9650      1
38026    4773.175000 5953.430000  20.8150   0.0120   0.3930   0.0180   0.9640      1
37578    4672.540000 6060.699000  20.4780   0.0130   0.3440   0.0180   0.9640      1
38668    4944.691000 6154.481000  20.5780   0.0170   0.3320   0.0210   0.9640      1
55480    4776.427000 6188.490000  20.8440   0.0260   0.4030   0.0400   0.9640      1
38252    4812.466000 6169.440000  20.2380   0.0210   0.4010   0.0330   0.9630      1
38112    4788.813000 6109.816000  18.0870   0.0230   1.6570   0.1020   0.9630      1
55461    4769.543000 6178.988000  20.8620   0.0300   0.3510   0.0380   0.9630      1
37716    4712.899000 6028.690000  21.0490   0.0300   0.4390   0.0420   0.9630      1
38551    4896.754000 6034.004000  21.1520   0.0250   0.4260   0.0310   0.9620      1
37761    4725.715000 6133.331000  21.0380   0.0270   0.4460   0.0440   0.9620      1
38040    4775.423000 6107.010000  18.2210   0.0580   1.2760   0.0830   0.9620      1
38155    4794.995000 6058.446000  21.6000   0.1140  -0.0050   0.1210   0.9620      1
55251    4695.165000 6186.640000  20.8330   0.0170   0.3820   0.0230   0.9610      1
38080    4783.030000 6123.689000  20.3770   0.0600  -0.1650   0.0660   0.9610      1
37576    4671.488000 6140.521000  20.8080   0.0140   0.3590   0.0310   0.9600      1
37778    4729.263000 6084.397000  20.0750   0.0240  -0.1360   0.0300   0.9600      1
38256    4813.581000 6121.030000  20.6590   0.0300  -0.0410   0.0490   0.9600      1
38259    4813.883000 5983.951000  20.6480   0.0390   0.1670   0.0430   0.9600      1
38198    4801.435000 6141.729000  21.3460   0.0740   0.1530   0.0800   0.9600      1
38395    4841.983000 6140.892000  20.5260   0.0760   0.4820   0.0960   0.9600      1
37815    4736.274000 6034.357000  21.0090   0.0180   0.4710   0.0270   0.9590      1
38461    4864.361000 6008.690000  20.8030   0.0220   0.3420   0.0260   0.9590      1
38306    4822.199000 6122.585000  20.7840   0.0630   0.4130   0.1050   0.9590      1
38181    4798.487000 6039.556000  20.2520   0.0150   0.3980   0.0190   0.9580      1
37864    4745.131000 6020.253000  20.8440   0.0160   0.3700   0.0230   0.9580      1
38567    4902.398000 6086.718000  21.1070   0.0170   0.4470   0.0250   0.9580      1
38270    4814.813000 6082.393000  20.8270   0.0420   0.3360   0.0590   0.9580      1
37910    4754.128000 6031.499000  18.3490   0.0070   1.6120   0.0090   0.9570      1
37989    4766.468000 6082.267000  16.9850   0.0140   1.8930   0.0240   0.9570      1
38616    4922.901000 6165.905000  17.7630   0.0040   2.0580   0.0070   0.9550      1
38088    4784.561000 6067.240000  16.0550   0.0120   2.8000   0.0140   0.9550      1
37969    4763.729000 6070.806000  20.8160   0.0320   0.3130   0.0450   0.9550      1
37894    4751.150000 6070.115000  19.9870   0.0330   0.2910   0.0380   0.9550      1
38229    4807.041000 6148.158000  21.0210   0.0340   0.2650   0.0450   0.9550      1
38517    4883.587000 6013.038000  20.2930   0.0380   2.8750   0.0620   0.9550      1
38013    4771.533000 6141.416000  19.9280   0.0460   0.3250   0.0490   0.9540      1
38069    4780.348000 6133.419000  17.6590   0.0060   1.8630   0.0130   0.9530      1
37930    4757.415000 6127.274000  18.6310   0.0120   1.2790   0.0300   0.9530      1
38049    4776.891000 6100.947000  18.1370   0.0250  -0.0650   0.0460   0.9530      1
37327    4576.345000 6099.763000  19.1830   0.0080   1.5580   0.0120   0.9520      1
38003    4769.137000 6058.912000  20.5010   0.0120   0.5400   0.0190   0.9520      1
38283    4818.833000 6129.549000  19.9380   0.0190   0.3460   0.0340   0.9520      1
38235    4808.820000 6140.322000  19.6980   0.0360   0.9320   0.0410   0.9520      1
37919    4755.334000 5964.636000  21.3890   0.0190   0.3980   0.0280   0.9510      1
38054    4778.224000 6044.961000  21.2240   0.0250   0.3720   0.0390   0.9510      1
38553    4897.212000 6113.116000  21.6470   0.0320   0.2940   0.0530   0.9500      1
37703    4709.863000 6097.941000  20.3070   0.0510   0.5160   0.0540   0.9490      1
38298    4821.225000 6096.519000  21.1410   0.0340   0.3340   0.1270   0.9470      1
38041    4775.661000 6167.890000  20.7830   0.0170   0.3600   0.0230   0.9460      1
37641    4692.696000 5993.587000  21.2300   0.0220   0.4050   0.0280   0.9460      1
38343    4828.958000 6081.536000  21.6320   0.0590   0.1800   0.0680   0.9460      1
37776    4728.698000 6141.651000  20.8470   0.0190   0.4920   0.0280   0.9440      1
37770    4727.433000 6049.327000  21.0910   0.0250   0.4640   0.0310   0.9440      1
38062    4779.052000 6143.886000  21.2460   0.0380   0.9550   0.0570   0.9430      1
55475    4774.955000 6203.677000  20.9190   0.0150   0.5180   0.0230   0.9420      1
55295    4710.135000 6226.295000  21.5150   0.0350   0.2710   0.0490   0.9420      1
37547    4660.746000 6168.519000  18.6910   0.0070   1.5980   0.0120   0.9410      1
37400    4606.576000 6083.872000  20.6660   0.0120   3.2940   0.1100   0.9410      1
37447    4626.289000 6140.353000  21.1390   0.0240   0.4560   0.0330   0.9400      1
37432    4620.412000 6007.813000  21.0570   0.0140   0.4890   0.0260   0.9390      1
38355    4831.612000 5995.241000  21.4110   0.0310   0.3880   0.0400   0.9390      1
55541    4800.067000 6181.090000  21.2480   0.0400   0.9500   0.0580   0.9380      1
38612    4920.652000 5928.879000  20.9250   0.0130   0.5230   0.0210   0.9370      1
38565    4900.535000 5944.582000  21.1020   0.0210   0.4690   0.0280   0.9370      1
38389    4839.127000 6093.017000  20.7010   0.0240   0.5350   0.0290   0.9370      1
38035    4774.914000 6085.203000  20.2650   0.0500   0.5620   0.0690   0.9370      1
37551    4661.640000 6131.557000  21.1980   0.0200   0.4430   0.0290   0.9360      1
37524    4654.292000 6137.015000  20.3940   0.0120   0.8150   0.0550   0.9340      1
38177    4797.927000 6020.164000  21.1050   0.0200   0.4730   0.0280   0.9310      1
38589    4910.432000 6062.473000  19.1330   0.0240   2.2150   0.0550   0.9310      1
38375    4837.156000 6060.117000  20.7120   0.0180   0.5440   0.0240   0.9300      1
55351    4735.093000 6331.688000  20.6260   0.0150   0.5280   0.0200   0.9290      1
37924    4756.249000 6089.026000  17.9190   0.0160   1.4440   0.0230   0.9290      1
37860    4744.876000 6084.555000  20.8780   0.0650   0.1560   0.0700   0.9290      1
55870    4931.690000 6218.174000  19.4330   0.0070   2.5170   0.0230   0.9270      1
37727    4717.063000 6103.992000  20.8580   0.0390   0.9880   0.0470   0.9260      1
38495    4875.510000 6109.391000  20.9030   0.0630   0.1790   0.0650   0.9260      1
55398    4752.736000 6226.899000  21.6470   0.0290   0.4030   0.0430   0.9250      1
37645    4693.153000 6126.645000  22.2700   0.0920   0.0030   0.1940   0.9250      1
55245    4692.303000 6249.669000  21.2150   0.0190   0.4510   0.0280   0.9240      1
37828    4738.112000 6112.696000  18.0830   0.0090   1.8900   0.0310   0.9230      1
55854    4925.810000 6295.416000  21.1510   0.0190   0.4710   0.0290   0.9230      1
38160    4795.511000 5994.784000  21.6020   0.0440   0.3790   0.0640   0.9220      1
38358    4832.202000 5942.188000  21.0640   0.0860   2.0300   0.1100   0.9220      1
37702    4709.833000 6165.963000  22.2710   0.1070   0.1230   0.1160   0.9220      1
55503    4784.226000 6268.140000  18.0350   0.0420   1.7890   0.0590   0.9210      1
38022    4772.868000 6035.860000  21.1240   0.0180   0.4790   0.0280   0.9200      1
38423    4850.175000 6161.002000  21.4730   0.0300   0.1790   0.0570   0.9190      1
55533    4795.260000 6265.286000  21.2850   0.0520   1.0170   0.0630   0.9190      1
38368    4835.190000 5906.693000  21.1760   0.0210   0.4700   0.0300   0.9180      1
37510    4650.637000 6112.771000  20.8480   0.0170   0.5270   0.0260   0.9160      1
37798    4732.831000 6085.859000  20.8330   0.0290   0.5260   0.0550   0.9150      1
38233    4808.615000 6064.139000  20.9800   0.0210   0.4900   0.0270   0.9140      1
37309    4567.520000 6127.860000  21.4560   0.0230   0.4250   0.0340   0.9130      1
38617    4923.022000 6003.069000  20.7160   0.0130   0.6310   0.0200   0.9120      1
37788    4731.434000 6112.266000  21.2660   0.0260   0.3540   0.0400   0.9120      1
38320    4825.051000 6071.018000  21.5530   0.0360   0.4000   0.0480   0.9120      1
37590    4675.497000 6122.795000  21.3340   0.0240   1.1190   0.0450   0.9100      1
37749    4723.192000 6099.279000  20.9170   0.0560   0.5020   0.0830   0.9090      1
55627    4832.127000 6200.097000  21.1190   0.0470   0.4870   0.0510   0.9080      1
55309    4719.169000 6203.011000  21.9090   0.0550   0.3430   0.0700   0.9030      1
37725    4716.449000 6097.887000  20.7770   0.0250   0.5830   0.0310   0.9000      1
55271    4702.467000 6269.126000  21.4260   0.0230   0.4640   0.0330   0.8980      1
37473    4636.473000 6162.524000  21.6270   0.0310   0.4570   0.0460   0.8980      1
38398    4842.666000 6113.998000  21.8260   0.0440   0.4080   0.0570   0.8980      1
37974    4764.483000 5881.696000  20.9090   0.0190   0.5320   0.0260   0.8970      1
37633    4690.142000 6157.115000  21.8920   0.0380   0.4080   0.0620   0.8960      1
37879    4748.190000 6061.618000  20.6580   0.0520   0.7320   0.0590   0.8950      1
37632    4689.158000 6066.812000  21.2210   0.0220   0.4890   0.0270   0.8930      1
38059    4778.817000 6081.360000  20.7110   0.0720   1.0320   0.0850   0.8920      1
37442    4623.971000 6155.445000  21.2690   0.0230   0.4410   0.0330   0.8910      1
38260    4813.888000 6113.355000  20.7740   0.0240   0.6460   0.1220   0.8910      1
37831    4738.833000 6156.881000  20.8130   0.0190   0.5900   0.0380   0.8900      1
38470    4867.625000 6170.109000  21.2130   0.0180   0.5010   0.0280   0.8890      1
37780    4729.731000 6164.978000  21.4360   0.0220   1.1290   0.0540   0.8890      1
37931    4757.458000 6066.816000  21.4530   0.0420   0.4520   0.0500   0.8890      1
37659    4696.462000 6154.885000  21.4150   0.0260   0.4690   0.0370   0.8870      1
38245    4811.184000 6133.167000  20.7890   0.0840   0.5630   0.0900   0.8870      1
37657    4696.210000 6067.947000  20.5350   0.0150   0.6420   0.0210   0.8830      1
38736    4972.062000 6012.162000  21.4210   0.0220   0.4810   0.0330   0.8830      1
38738    4972.644000 6094.923000  21.3160   0.0200   0.4160   0.0310   0.8820      1
37460    4629.935000 6071.336000  21.3050   0.0250   0.4350   0.0340   0.8810      1
55078    4621.003000 6217.195000  18.8500   0.0410   1.6970   0.0630   0.8800      1
38799    5002.302000 6091.526000  21.4620   0.0240   0.4900   0.0380   0.8790      1
38646    4936.919000 6129.475000  21.8650   0.0320   0.4670   0.0500   0.8770      1
55392    4750.181000 6218.569000  21.7690   0.0730   0.3830   0.0790   0.8760      1
55781    4895.761000 6237.830000  21.4390   0.0250   0.5000   0.0410   0.8740      1
37940    4758.882000 5894.733000  21.3500   0.0180   0.4740   0.0310   0.8730      1
37766    4726.770000 5934.132000  21.3440   0.0230   0.4730   0.0330   0.8710      1
38095    4785.577000 6154.061000  20.8160   0.0380   0.8160   0.0500   0.8710      1
38657    4942.395000 6077.761000  21.3420   0.0200   0.4790   0.0310   0.8700      1
38408    4845.827000 6163.189000  21.2830   0.0240   0.4600   0.0360   0.8700      1
38369    4835.930000 6067.980000  21.1240   0.0330   0.5190   0.0390   0.8680      1
37587    4674.793000 6111.114000  21.6640   0.0410   0.4740   0.0550   0.8680      1
55448    4767.381000 6290.285000  21.3240   0.0210   0.4780   0.0320   0.8670      1
38380    4838.323000 6154.839000  21.4970   0.0270   0.4810   0.0400   0.8660      1
55603    4823.107000 6194.380000  21.6220   0.0590   0.4580   0.0650   0.8660      1
37271    4552.257000 6039.256000  21.3150   0.0670   0.9870   0.0890   0.8640      1
38503    4879.154000 6135.183000  21.4740   0.0290   0.5180   0.0380   0.8620      1
37812    4735.931000 6169.211000  21.3380   0.0520   1.1130   0.1250   0.8620      1
55547    4802.745000 6294.765000  21.1090   0.0190   0.5220   0.0270   0.8610      1
38310    4822.889000 6076.695000  21.4940   0.0320   0.4930   0.0470   0.8610      1
55897    4945.462000 6248.421000  21.0830   0.0200   1.2670   0.0400   0.8600      1
38452    4861.254000 6067.934000  20.7150   0.0620   0.7350   0.0720   0.8570      1
37669    4698.194000 6007.197000  21.2120   0.0170   0.5270   0.0400   0.8560      1
37903    4752.587000 6143.616000  21.0150   0.0220   0.9480   0.0560   0.8560      1
55193    4668.657000 6185.525000  21.7040   0.0260   0.5000   0.0410   0.8510      1
38175    4797.757000 5879.931000  21.2190   0.0220   0.5280   0.0300   0.8500      1
37563    4664.218000 6098.261000  21.2900   0.0220   0.4870   0.0330   0.8460      1
37836    4740.259000 6003.310000  21.4820   0.0220   0.5700   0.0360   0.8460      1
37773    4728.223000 6066.753000  21.3170   0.0440   0.4620   0.0640   0.8460      1
55608    4825.129000 6184.634000  20.7530   0.0500   0.6650   0.0550   0.8460      1
38126    4790.424000 6151.180000  20.7640   0.0630   0.8450   0.1110   0.8460      1
37803    4734.262000 6000.501000  22.0360   0.0420   0.4430   0.0620   0.8450      1
37906    4753.106000 6075.717000  21.1870   0.0760   0.5110   0.0880   0.8450      1
38352    4830.718000 6116.743000  21.4000   0.0650   1.1190   0.0880   0.8430      1
38610    4919.959000 6132.828000  21.6260   0.0330   0.5090   0.0450   0.8400      1
55108    4633.899000 6304.778000  21.0290   0.0160   0.6670   0.0240   0.8380      1
37666    4697.717000 6034.518000  21.2780   0.0290   0.9090   0.1370   0.8370      1
37688    4704.013000 5894.539000  21.7980   0.0370   0.4660   0.0610   0.8350      1
38213    4804.160000 6080.664000  21.5620   0.0480   0.4780   0.0780   0.8340      1
37630    4688.015000 6113.686000  21.6540   0.0390   0.4970   0.0740   0.8310      1
38327    4825.860000 6106.053000  22.1620   0.0940   0.3250   0.1030   0.8310      1
38618    4923.402000 6056.124000  20.9760   0.0220   0.7320   0.0280   0.8290      1
37631    4688.734000 5882.389000  21.3370   0.0190   0.5190   0.0300   0.8240      1
55512    4787.107000 6275.868000  21.0020   0.0650   1.6740   0.0970   0.8230      1
37672    4699.181000 5987.767000  21.6520   0.0270   0.5310   0.0420   0.8210      1
37784    4730.579000 6040.816000  21.1710   0.0300   0.5540   0.0810   0.8210      1
37723    4715.669000 6010.296000  22.4330   0.0780   0.3880   0.0940   0.8210      1
37253    4543.330000 6045.474000  21.4820   0.0300   0.6010   0.0440   0.8200      1
38593    4911.845000 6042.550000  21.3510   0.0230   1.3870   0.0540   0.8190      1
37579    4672.565000 6022.924000  22.4760   0.0620   0.4040   0.0970   0.8190      1
38746    4976.049000 6088.445000  21.8920   0.0330   0.5240   0.0530   0.8180      1
37842    4741.875000 6060.591000  20.5530   0.0680   0.9140   0.0740   0.8180      1
37583    4673.896000 6173.401000  21.2860   0.0400   0.8290   0.0750   0.8160      1
38697    4957.775000 6164.922000  21.6850   0.0270   0.5460   0.0440   0.8130      1
38484    4873.181000 6069.763000  22.5830   0.0650   1.7990   0.2260   0.8130      1
38178    4798.193000 5969.125000  21.3870   0.0370   0.5220   0.0520   0.8100      1
55598    4821.085000 6343.182000  22.1210   0.0500   0.5180   0.0670   0.8100      1
38071    4780.671000 5895.616000  21.7670   0.0280   0.5700   0.0410   0.8090      1
37646    4693.230000 5983.400000  21.4470   0.0620   0.5560   0.0690   0.8090      1
37239    4534.641000 6051.426000  21.8620   0.0370   0.5600   0.0500   0.8070      1
55483    4778.264000 6200.755000  21.7570   0.0290   0.6310   0.0450   0.8060      1
55761    4881.479000 6232.737000  21.7920   0.0350   0.5650   0.0520   0.8060      1
55865    4930.261000 6258.181000  21.4890   0.0380   0.6080   0.0470   0.8060      1
38100    4785.979000 6147.014000  20.5670   0.0400   0.5800   0.0520   0.8060      1
38115    4789.410000 5923.954000  21.7220   0.0270   0.5540   0.0430   0.8040      1
37693    4704.910000 5933.936000  21.8220   0.0410   0.5750   0.0500   0.8040      1
37769    4727.390000 6146.460000  21.3170   0.0390   0.8010   0.0530   0.8030      1
55704    4860.288000 6196.820000  21.7780   0.0320   0.6240   0.0460   0.8020      1
38001    4768.892000 6017.115000  21.2150   0.0260   0.5570   0.0390   0.8010      1
56007    5003.780000 6198.291000  21.5290   0.0290   0.5800   0.0400   0.8010      1
55783    4896.739000 6280.592000  21.5180   0.0290   0.6030   0.0400   0.8000      1
37379    4594.867000 6027.377000  21.7570   0.0360   0.6270   0.0490   0.8000      1
37833    4739.302000 5957.003000  21.8000   0.0420   0.5750   0.0620   0.8000      1
37724    4716.434000 6026.021000  21.4360   0.0260   0.6020   0.0400   0.7990      1
55581    4814.605000 6180.201000  22.0400   0.0650   0.4830   0.0790   0.7980      1
37257    4544.738000 6036.373000  22.1290   0.0860   0.4690   0.0960   0.7980      1
37979    4764.994000 6172.172000  21.1820   0.0270   0.8040   0.0350   0.7970      1
38794    5000.268000 6010.154000  21.5230   0.0210   0.6150   0.0350   0.7950      1
55440    4765.377000 6346.389000  21.4430   0.0220   0.7180   0.0390   0.7950      1
37785    4730.634000 6154.061000  21.4620   0.0240   0.6500   0.0520   0.7950      1
37503    4648.314000 6154.501000  21.7280   0.0250   0.6560   0.0400   0.7950      1
55435    4763.177000 6223.822000  21.8000   0.0310   0.6040   0.0560   0.7950      1
37374    4592.702000 6103.577000  21.8020   0.0350   0.6130   0.0480   0.7950      1
38128    4790.627000 6166.549000  21.0110   0.0350   1.4190   0.1500   0.7950      1
38465    4865.891000 6023.348000  21.3620   0.0260   0.7700   0.0420   0.7940      1
38388    4839.000000 6034.343000  21.8680   0.0370   0.5700   0.0560   0.7940      1
37956    4761.279000 6036.495000  22.5290   0.0570   0.4410   0.0930   0.7930      1
38597    4913.612000 6019.808000  21.5960   0.0240   0.5380   0.0350   0.7920      1
38496    4875.526000 6055.096000  21.5590   0.0310   0.5460   0.0410   0.7890      1
37738    4719.888000 5957.953000  21.9760   0.0330   0.4830   0.0530   0.7890      1
54980    4588.938000 6205.819000  21.8540   0.0360   0.5900   0.0500   0.7890      1
55587    4818.062000 6311.759000  22.1500   0.0490   1.3410   0.1010   0.7890      1
38187    4799.372000 5945.859000  21.4100   0.0170   0.5650   0.0330   0.7870      1
37958    4762.066000 6143.116000  20.8800   0.0250   0.7370   0.0530   0.7860      1
37837    4740.820000 6075.001000  21.4470   0.0410   0.6250   0.0550   0.7860      1
55473    4773.427000 6221.453000  21.4750   0.0410   0.6400   0.1030   0.7860      1
38450    4860.818000 6030.579000  21.4530   0.0260   0.7030   0.0370   0.7840      1
38414    4847.409000 6117.203000  21.7650   0.0390   0.6460   0.0590   0.7840      1
38073    4781.161000 6166.881000  21.5410   0.0430   0.5640   0.0800   0.7830      1
55150    4649.941000 6220.464000  21.1980   0.0190   0.5790   0.0310   0.7820      1
38436    4854.706000 6033.734000  21.6900   0.0320   0.5840   0.0480   0.7810      1
37474    4636.654000 6088.286000  21.7770   0.0390   0.6480   0.0550   0.7810      1
38339    4828.104000 6069.395000  21.1820   0.0710   0.6030   0.1220   0.7810      1
37349    4582.727000 6012.075000  21.4700   0.0320   0.6780   0.0850   0.7770      1
55173    4661.150000 6230.178000  21.9490   0.0580   0.5060   0.0760   0.7750      1
37877    4747.556000 6071.871000  20.8200   0.0730   0.7190   0.0830   0.7750      1
37995    4767.463000 6020.647000  22.1790   0.0520   0.5350   0.0860   0.7740      1
37978    4764.926000 6139.412000  20.9370   0.0370   0.5940   0.0720   0.7730      1
55012    4599.249000 6270.675000  21.7090   0.0290   0.6480   0.0470   0.7720      1
38350    4830.351000 6068.997000  21.0020   0.0530   0.6650   0.1120   0.7710      1
37686    4703.219000 5875.885000  21.6550   0.0290   0.5720   0.0420   0.7650      1
38383    4838.668000 6030.004000  22.0280   0.0500   0.5260   0.0740   0.7650      1
38511    4881.203000 6142.908000  22.0700   0.0380   0.5860   0.0640   0.7640      1
38349    4830.220000 6000.914000  21.7910   0.0370   0.6580   0.0630   0.7630      1
55084    4624.476000 6240.887000  21.2890   0.0380   1.6100   0.1590   0.7590      1
37444    4625.137000 5987.157000  22.1260   0.0460   0.6160   0.0650   0.7580      1
38531    4890.354000 6024.556000  22.2640   0.0540   0.5340   0.0700   0.7580      1
37642    4692.859000 5898.547000  22.1020   0.0350   0.6340   0.0590   0.7550      1
55808    4905.230000 6195.540000  21.7680   0.0250   0.7010   0.0450   0.7540      1
37743    4721.327000 5869.222000  22.2660   0.0430   0.5490   0.0640   0.7540      1
55944    4969.474000 6217.508000  21.4420   0.0230   0.7840   0.0390   0.7530      1
37911    4754.190000 6163.722000  22.0300   0.0900   1.3350   0.1540   0.7510      1
37689    4704.058000 6099.846000  21.4410   0.0540   0.6900   0.0640   0.7480      1
38289    4819.779000 6098.951000  20.2830   0.0350   0.8800   0.1220   0.7470      1
38566    4901.081000 5971.516000  21.7510   0.0320   0.7060   0.0510   0.7450      1
37957    4761.322000 6056.797000  21.0230   0.0550   0.6100   0.0690   0.7450      1
38047    4776.611000 6066.640000  21.6770   0.0490   1.2880   0.0980   0.7440      1
37644    4692.994000 6107.546000  22.5840   0.0680   1.4560   0.1750   0.7440      1
55524    4790.986000 6291.044000  20.9940   0.0200   0.5700   0.0270   0.7420      1
37541    4658.928000 6074.489000  21.7240   0.0360   0.6970   0.0480   0.7420      1
38435    4854.631000 5980.837000  22.1220   0.0340   0.6640   0.0600   0.7410      1
38276    4816.294000 6153.383000  21.7060   0.0400   0.6670   0.0640   0.7410      1
38312    4823.827000 6053.449000  21.3710   0.0600   0.8140   0.0730   0.7400      1
55087    4626.300000 6238.687000  22.1730   0.0960   0.5100   0.1620   0.7400      1
38106    4788.236000 6036.164000  22.1400   0.0440   0.6480   0.0700   0.7390      1
38331    4826.564000 6111.774000  21.9890   0.0530   1.1570   0.1000   0.7370      1
38257    4813.688000 6087.562000  21.4020   0.0420   0.7130   0.0720   0.7350      1
37548    4660.770000 6083.278000  21.6560   0.0280   0.5970   0.0430   0.7340      1
55343    4730.604000 6247.662000  21.5330   0.0310   0.6580   0.0510   0.7340      1
37296    4563.041000 6072.392000  22.1150   0.0410   0.6660   0.0670   0.7340      1
37570    4668.990000 6153.571000  21.8830   0.0350   0.6330   0.0500   0.7330      1
37783    4730.508000 6158.398000  22.2050   0.0450   0.6120   0.0680   0.7330      1
38065    4779.708000 5978.758000  22.1460   0.0410   0.6630   0.0650   0.7320      1
38415    4847.708000 6094.371000  20.9570   0.0200   0.6110   0.0290   0.7290      1
55419    4757.124000 6203.391000  21.6660   0.0360   0.6190   0.0580   0.7290      1
38099    4785.921000 6022.061000  22.1680   0.0520   0.6390   0.0860   0.7280      1
37373    4592.682000 6036.450000  21.2030   0.0260   0.6850   0.0600   0.7270      1
37902    4752.347000 6154.992000  21.2530   0.0290   1.4160   0.0780   0.7250      1
38284    4819.003000 6162.443000  21.8670   0.0440   0.6420   0.0640   0.7250      1
38605    4917.405000 6096.734000  22.4570   0.0550   0.5470   0.0890   0.7250      1
38007    4770.067000 6044.458000  21.8080   0.0560   0.6760   0.0840   0.7240      1
55600    4822.361000 6200.379000  22.1420   0.0810   0.6390   0.0970   0.7220      1
54979    4588.835000 6238.314000  22.0780   0.0480   0.6610   0.0670   0.7210      1
38419    4849.076000 5933.736000  22.2830   0.0490   0.5960   0.0690   0.7210      1
55477    4775.814000 6191.720000  22.1200   0.0510   0.6690   0.1150   0.7190      1
37736    4719.481000 6130.704000  21.1800   0.0320   0.6970   0.0430   0.7180      1
37556    4662.555000 6150.378000  21.5320   0.0280   0.6830   0.0440   0.7140      1
37829    4738.164000 6160.634000  21.9900   0.0630   1.2520   0.1720   0.7130      1
38129    4790.662000 5885.851000  21.1290   0.0170   0.6890   0.0300   0.7120      1
55875    4935.705000 6198.787000  21.7900   0.0350   0.7120   0.0590   0.7120      1
38731    4971.539000 6125.528000  21.9100   0.0340   0.6410   0.0480   0.7110      1
37569    4667.382000 6121.665000  22.1040   0.0580   0.6850   0.0810   0.7110      1
38272    4815.598000 6060.414000  21.2230   0.0340   0.6330   0.0630   0.7100      1
37412    4611.714000 6078.766000  22.5420   0.0620   0.5890   0.0880   0.7100      1
37692    4704.875000 6152.303000  22.5310   0.0670   1.2950   0.1300   0.7100      1
55494    4782.360000 6183.311000  22.5950   0.0700   0.5030   0.1390   0.7080      1
37856    4744.489000 6009.933000  21.2810   0.0190   0.5600   0.0330   0.7070      1
55109    4634.455000 6242.173000  21.3930   0.0270   0.8620   0.0460   0.7070      1
38679    4950.196000 6075.262000  21.9320   0.0350   0.6150   0.0590   0.7060      1
37720    4714.104000 6067.346000  22.5840   0.0670   0.5470   0.1170   0.7060      1
55442    4765.617000 6178.014000  22.3190   0.0620   0.5830   0.1070   0.7040      1
37520    4653.129000 5907.381000  21.5720   0.0270   0.6100   0.0380   0.7030      1
55432    4762.583000 6231.185000  21.2800   0.0320   0.5650   0.0410   0.7030      1
38444    4857.551000 6145.994000  21.7730   0.0320   0.7480   0.1140   0.7020      1
55698    4858.178000 6270.979000  22.2070   0.0510   0.6690   0.0820   0.7020      1
55170    4660.475000 6192.002000  22.4980   0.0540   0.6100   0.0920   0.7020      1
38459    4863.914000 6077.312000  21.3460   0.0330   0.5700   0.0410   0.7010      1
55266    4701.704000 6307.196000  22.2840   0.0480   0.6400   0.0750   0.7010      1
37932    4757.874000 6160.294000  22.0340   0.0590   0.6500   0.0790   0.7010      1
37308    4567.134000 5974.223000  22.1700   0.0440   0.7020   0.0710   0.7000      1
38502    4879.073000 6114.035000  22.0210   0.0430   0.6360   0.0640   0.6990      1
37323    4575.373000 6016.017000  22.0540   0.0430   0.6810   0.0670   0.6990      1
37530    4655.457000 6108.687000  22.0350   0.0480   0.6550   0.0690   0.6990      1
37881    4748.464000 6026.337000  22.0920   0.0400   0.7290   0.0660   0.6970      1
37502    4648.202000 6130.678000  21.3940   0.0310   0.6570   0.0390   0.6960      1
55632    4833.558000 6181.687000  22.2930   0.0400   0.6550   0.0730   0.6960      1
38437    4855.300000 6082.729000  22.0810   0.0560   0.7110   0.0900   0.6960      1
37496    4646.930000 6075.526000  22.0310   0.0390   0.6620   0.0540   0.6950      1
38288    4819.745000 6037.145000  22.1770   0.0430   0.7060   0.0700   0.6940      1
37682    4701.713000 6096.255000  22.0320   0.0790   0.6640   0.1050   0.6930      1
37575    4671.048000 6069.634000  21.3280   0.0250   0.5680   0.0330   0.6920      1
37498    4647.151000 6108.663000  22.2340   0.0540   0.6830   0.0810   0.6900      1
38586    4908.924000 6008.511000  22.5170   0.0600   0.6450   0.0890   0.6890      1
37577    4671.674000 5984.272000  21.5160   0.0260   0.7260   0.0390   0.6880      1
55044    4609.695000 6188.062000  22.5430   0.0410   0.6950   0.0790   0.6860      1
37779    4729.419000 6103.937000  22.0910   0.0550   0.7430   0.0830   0.6860      1
37384    4597.524000 6127.564000  22.4230   0.0750   0.6110   0.0980   0.6850      1
38158    4795.288000 5977.296000  21.5210   0.0420   0.7310   0.0570   0.6840      1
37353    4583.192000 6109.587000  22.0320   0.0410   0.6860   0.0650   0.6830      1
38627    4927.144000 6160.892000  22.0710   0.0410   0.7380   0.0650   0.6830      1
38460    4864.104000 6123.163000  22.1370   0.0470   0.7730   0.0990   0.6830      1
55187    4666.797000 6322.434000  21.7020   0.0320   0.7190   0.0520   0.6800      1
37499    4647.187000 6002.479000  21.9100   0.0320   0.6780   0.0550   0.6800      1
37694    4704.949000 5952.882000  21.9370   0.0350   0.6600   0.0520   0.6800      1
55066    4616.332000 6245.578000  22.0390   0.0370   0.7040   0.0640   0.6790      1
55070    4617.911000 6196.719000  22.1150   0.0370   0.7830   0.0570   0.6770      1
55004    4597.534000 6186.480000  22.1610   0.0380   0.7590   0.0690   0.6770      1
37816    4736.374000 6071.423000  20.9220   0.0370   0.6700   0.0530   0.6760      1
38700    4958.834000 6111.640000  21.7240   0.0370   0.7440   0.0770   0.6740      1
55240    4689.627000 6208.691000  21.9790   0.0390   0.6450   0.0650   0.6740      1
38625    4925.752000 6083.846000  22.8150   0.0610   1.0110   0.1390   0.6740      1
37859    4744.731000 6163.094000  22.1850   0.0680   0.7660   0.1040   0.6740      1
37603    4680.288000 6034.211000  22.3590   0.0570   0.6490   0.0810   0.6730      1
55568    4811.634000 6287.477000  22.5430   0.0600   0.7120   0.0960   0.6730      1
37558    4663.850000 6166.635000  22.2210   0.0670   0.7530   0.1160   0.6730      1
55732    4871.353000 6299.543000  22.5510   0.0640   0.7070   0.0940   0.6720      1
38673    4946.335000 6163.894000  22.9170   0.0890   1.1270   0.1600   0.6710      1
37280    4554.811000 6081.591000  22.4890   0.0460   0.6910   0.0880   0.6700      1
55669    4850.732000 6187.989000  22.2830   0.0510   0.7340   0.0750   0.6700      1
37845    4742.147000 6035.559000  22.9590   0.0890   1.2490   0.1740   0.6700      1
38513    4882.745000 5988.654000  21.5680   0.0250   0.7240   0.0450   0.6690      1
37777    4728.989000 5962.402000  22.3980   0.0430   0.6340   0.0730   0.6690      1
37313    4569.870000 6110.169000  22.7920   0.0710   0.9990   0.1200   0.6670      1
55664    4847.928000 6216.790000  22.8500   0.0680   0.9640   0.1360   0.6660      1
55264    4701.326000 6236.106000  22.0860   0.0370   0.8850   0.0950   0.6650      1
55591    4819.732000 6334.317000  22.8340   0.0730   0.9690   0.1440   0.6640      1
37395    4603.264000 6006.870000  22.0860   0.0440   0.9930   0.0740   0.6630      1
37436    4622.925000 6093.282000  22.8190   0.0830   0.9730   0.1290   0.6620      1
37846    4742.284000 6047.368000  22.0560   0.0450   0.9460   0.0780   0.6610      1
38478    4872.421000 6048.713000  22.9670   0.0760   1.1990   0.1880   0.6610      1
38768    4985.607000 6131.710000  22.7880   0.0580   0.9530   0.1330   0.6600      1
55719    4865.679000 6218.392000  22.0510   0.0420   0.9200   0.0700   0.6590      1
37771    4727.957000 6040.014000  22.0520   0.0500   0.9510   0.0930   0.6590      1
55672    4851.932000 6235.930000  22.0990   0.0620   0.9830   0.0920   0.6590      1
38002    4768.918000 5933.424000  22.1340   0.0540   0.9060   0.0850   0.6550      1
38391    4839.719000 6107.811000  22.2150   0.0670   0.9950   0.1880   0.6550      1
38695    4956.825000 5968.920000  22.9620   0.0940   1.1670   0.2160   0.6550      1
37266    4549.203000 6043.283000  22.1580   0.0780   0.8950   0.1020   0.6540      1
37519    4653.004000 6165.961000  22.1930   0.0570   1.0060   0.0850   0.6530      1
55482    4777.786000 6338.116000  22.1390   0.0320   0.9090   0.0700   0.6520      1
55837    4917.126000 6282.936000  22.9610   0.0880   1.0690   0.1580   0.6520      1
38323    4825.341000 6062.213000  22.1960   0.0390   0.9590   0.1020   0.6500      1
38363    4833.800000 6074.513000  22.1980   0.0480   0.9700   0.1120   0.6500      1
37899    4751.636000 6005.429000  22.8750   0.0870   0.9230   0.1550   0.6500      1
38515    4882.864000 6079.943000  22.5900   0.0650   0.8890   0.1190   0.6490      1
55191    4668.402000 6193.619000  22.5680   0.0610   0.9400   0.1150   0.6480      1
38535    4891.455000 6018.031000  22.5880   0.0720   0.8740   0.1070   0.6480      1
38541    4894.487000 5927.790000  22.8960   0.0890   0.9380   0.1630   0.6480      1
38407    4845.409000 6001.081000  22.2210   0.0500   0.8710   0.0930   0.6470      1
38709    4960.164000 6044.092000  22.9900   0.0790   0.9510   0.1560   0.6200      1
38122    4790.214000 6023.726000  22.8990   0.0860   0.7270   0.1530   0.6150      1
55877    4936.087000 6210.755000  23.6470   0.1410   0.5330   0.2130   0.6080      1
55708    4862.708000 6331.808000  22.9460   0.0910   0.7720   0.1420   0.6060      1
55164    4658.199000 6209.618000  23.0470   0.1030   0.9360   0.1740   0.6030      1
38719    4963.901000 6124.437000  22.9700   0.0900   0.7130   0.1410   0.5920      1
55270    4702.440000 6211.831000  23.0250   0.1050   0.5020   0.1370   0.5920      1
38524    4887.480000 6100.353000  23.3730   0.1060   1.0730   0.2470   0.5880      1
37709    4710.716000 6049.874000  18.9260   0.0060   1.8100   0.0110   0.9960      0
38716    4962.021000 6092.343000  19.5450   0.0070   1.5180   0.0130   0.9550      0
37708    4710.642000 6114.416000  15.8070   0.0100   3.0370   0.0130   0.9510      0
38348    4830.187000 6055.009000  18.7390   0.0050   1.5980   0.0100   0.9390      0
37764    4726.535000 6098.765000  20.0180   0.0340   0.5990   0.0380   0.9360      0
37435    4621.231000 6054.725000  19.7600   0.0080   3.4760   0.0840   0.9240      0
38356    4831.866000 5918.592000  20.5410   0.0110   3.0950   0.0810   0.9220      0
38114    4789.038000 6085.063000  18.3910   0.0410   1.7940   0.0780   0.9180      0
37926    4756.648000 6093.364000  18.3840   0.0580   1.8090   0.0790   0.9110      0
38172    4797.500000 6126.464000  18.6480   0.0370   1.4630   0.0440   0.9000      0
37326    4576.010000 5986.152000  19.6280   0.0080   1.5050   0.0160   0.8970      0
38072    4781.147000 6140.757000  19.8430   0.0150   1.5970   0.0230   0.8630      0
38039    4775.387000 6131.338000  18.6290   0.0570   1.6940   0.0600   0.8620      0
55455    4769.073000 6270.516000  20.1590   0.0220   1.6500   0.0330   0.8210      0
38663    4943.581000 6024.033000  22.2760   0.0460   0.4770   0.0660   0.7860      0
37611    4682.606000 6028.122000  18.9120   0.0710   1.4820   0.0710   0.7850      0
38756    4978.501000 6102.228000  22.5160   0.1410   0.3170   0.1540   0.7810      0
38043    4776.208000 6005.195000  22.8090   0.0680   0.3080   0.1020   0.7760      0
55316    4722.199000 6193.694000  22.2760   0.0980   0.4560   0.1090   0.7680      0
38011    4770.531000 6006.315000  22.0670   0.1320   0.4900   0.1450   0.7510      0
38151    4794.633000 6169.285000  21.5190   0.0780   1.8690   0.1190   0.7480      0
38808    5006.139000 6149.680000  22.7620   0.0710   0.4140   0.0940   0.7040      0
37269    4552.054000 6036.175000  21.7070   0.0720   1.2560   0.1080   0.7010      0
38804    5004.283000 6095.551000  22.5710   0.0700   1.2980   0.1620   0.6960      0
38547    4896.085000 6050.225000  21.8290   0.0460   1.0780   0.0700   0.6850      0
37346    4581.525000 6058.321000  22.8790   0.0860   1.2870   0.1940   0.6800      0
37813    4735.979000 5911.447000  22.7890   0.0670   1.2450   0.1810   0.6770      0
37793    4732.354000 6050.395000  22.8400   0.0970   0.4120   0.1240   0.6730      0
37495    4646.139000 6026.184000  22.8110   0.0730   1.0420   0.1470   0.6720      0
55361    4739.942000 6221.934000  22.6780   0.0790   0.4760   0.1560   0.6710      0
38197    4801.334000 6008.209000  22.8550   0.0810   1.0400   0.1540   0.6710      0
38268    4814.661000 6014.378000  21.9680   0.0430   1.0830   0.1220   0.6700      0
37676    4699.715000 6121.622000  22.6550   0.0900   1.2720   0.1840   0.6700      0
37605    4680.575000 6003.899000  22.4250   0.0510   0.6420   0.0870   0.6690      0
37416    4614.245000 5924.329000  22.8010   0.0810   1.0420   0.1420   0.6690      0
38561    4899.140000 6151.126000  22.0290   0.0430   0.7220   0.0690   0.6680      0
37677    4699.956000 6100.399000  22.3700   0.0810   0.6660   0.1260   0.6680      0
37387    4599.498000 5942.108000  21.5900   0.0280   0.7190   0.0440   0.6670      0
37355    4584.595000 6066.952000  22.4900   0.0440   1.1870   0.1090   0.6660      0
37480    4640.668000 6057.063000  22.1590   0.0510   0.7980   0.0840   0.6660      0
37650    4693.712000 5945.104000  22.2830   0.0540   0.7530   0.1070   0.6660      0
37663    4697.362000 6109.858000  22.2850   0.0590   0.7440   0.0950   0.6660      0
37479    4640.608000 6082.813000  22.8930   0.0950   1.0610   0.1580   0.6660      0
37571    4669.250000 6041.684000  22.2980   0.0430   0.7630   0.0720   0.6650      0
37418    4614.487000 6055.743000  22.0970   0.0440   0.8330   0.0740   0.6650      0
55366    4740.867000 6192.418000  22.5480   0.0470   0.7900   0.0950   0.6650      0
37425    4616.294000 6145.658000  22.6110   0.0760   0.6660   0.1080   0.6650      0
38234    4808.717000 5869.406000  21.9850   0.0380   0.6770   0.0600   0.6640      0
38725    4968.653000 6018.124000  22.0940   0.0410   0.8390   0.0710   0.6640      0
38378    4837.687000 5918.051000  22.5320   0.0540   0.7580   0.0920   0.6640      0
38401    4843.093000 6129.854000  21.9800   0.0420   0.6750   0.0880   0.6630      0
38367    4834.977000 5993.976000  22.2930   0.0500   0.7640   0.0910   0.6630      0
37804    4734.280000 6096.237000  21.2390   0.0510   0.6370   0.0610   0.6630      0
55626    4832.062000 6202.805000  21.8840   0.0850   0.7420   0.1520   0.6630      0
55550    4804.508000 6205.527000  22.7860   0.0980   1.0590   0.1600   0.6630      0
37620    4684.173000 6021.615000  22.0680   0.0420   0.8350   0.0790   0.6620      0
55841    4918.804000 6191.646000  22.5710   0.0530   0.8030   0.1110   0.6620      0
55511    4786.943000 6297.630000  22.5740   0.0540   0.7940   0.0990   0.6620      0
38615    4922.617000 5969.832000  22.3280   0.0570   0.7250   0.0890   0.6620      0
37488    4643.710000 5945.787000  22.7760   0.0830   1.0510   0.1620   0.6620      0
55250    4694.958000 6211.184000  22.5840   0.0490   0.8230   0.1060   0.6600      0
38538    4892.645000 5936.608000  22.0570   0.0490   0.8020   0.0690   0.6590      0
55690    4856.170000 6261.570000  22.2320   0.0560   0.7800   0.0870   0.6590      0
37262    4546.407000 6022.999000  22.2680   0.0490   0.7860   0.0800   0.6580      0
37336    4579.034000 6010.778000  21.5950   0.0290   0.6830   0.0600   0.6570      0
37493    4645.563000 6043.706000  22.4490   0.0460   0.6850   0.0850   0.6570      0
37712    4711.411000 6038.406000  22.3350   0.0750   0.7360   0.1000   0.6570      0
37772    4728.195000 6136.000000  21.8820   0.0570   0.7220   0.0870   0.6550      0
55401    4753.402000 6252.398000  22.6480   0.0750   1.1350   0.1420   0.6550      0
55077    4620.975000 6231.766000  22.2970   0.0480   0.8110   0.0780   0.6540      0
37949    4760.420000 5902.061000  22.2680   0.0490   0.8180   0.0900   0.6540      0
55684    4854.651000 6315.445000  22.5730   0.0580   0.8580   0.0990   0.6540      0
55757    4880.132000 6192.595000  22.4330   0.0530   0.6880   0.0900   0.6530      0
38301    4821.665000 6002.020000  22.5700   0.0620   0.8540   0.1100   0.6530      0
38075    4781.428000 6039.094000  22.6060   0.0860   1.1220   0.1570   0.6530      0
37370    4591.015000 6033.260000  22.5180   0.0900   0.8030   0.1960   0.6530      0
38385    4838.809000 6064.858000  22.1930   0.0690   0.8670   0.0980   0.6520      0
38294    4820.818000 5910.812000  22.2920   0.0470   0.8310   0.0800   0.6510      0
37545    4659.502000 6104.230000  22.5050   0.0480   0.7950   0.0960   0.6510      0
55691    4856.296000 6274.516000  22.6150   0.0630   0.8010   0.1110   0.6510      0
38250    4812.301000 6058.131000  22.3440   0.0900   0.7690   0.1250   0.6510      0
55754    4879.041000 6272.489000  21.2810   0.0220   0.5840   0.0350   0.6500      0
55225    4679.776000 6180.351000  22.4910   0.0850   0.7660   0.1280   0.6500      0
38653    4940.249000 6173.122000  22.0320   0.0360   0.8490   0.0690   0.6490      0
38263    4814.492000 6053.409000  22.6550   0.0840   0.6700   0.1210   0.6490      0
38370    4836.023000 6028.606000  22.3400   0.0430   0.7960   0.1650   0.6480      0
37756    4724.337000 6078.979000  22.2820   0.0540   0.8560   0.1070   0.6480      0
38656    4942.303000 5938.873000  22.6080   0.0680   1.0400   0.1390   0.6470      0
55400    4753.199000 6192.802000  22.6130   0.0690   0.8500   0.1100   0.6470      0
55303    4715.476000 6206.117000  22.7150   0.0900   0.9960   0.2050   0.6470      0
38476    4872.295000 6143.597000  22.2320   0.0430   0.9070   0.0930   0.6460      0
55692    4856.567000 6183.241000  22.1900   0.0460   0.8880   0.0760   0.6460      0
55577    4814.287000 6219.039000  22.2220   0.0640   0.9600   0.1070   0.6460      0
55125    4641.163000 6246.182000  21.8840   0.0680   0.7380   0.0820   0.6460      0
37537    4657.348000 6025.381000  22.5960   0.0690   0.9040   0.1120   0.6460      0
38440    4856.100000 6008.402000  22.6410   0.0720   0.7510   0.1150   0.6460      0
37706    4710.194000 5970.984000  22.7240   0.0790   0.9720   0.1510   0.6460      0
55308    4718.659000 6207.606000  22.6720   0.0930   0.6790   0.1680   0.6460      0
38057    4778.604000 5969.633000  21.9940   0.0360   0.7350   0.0640   0.6450      0
55589    4819.223000 6261.128000  22.2230   0.0720   0.9790   0.1050   0.6450      0
37382    4596.408000 6149.954000  22.5130   0.0720   0.8360   0.1110   0.6450      0
55693    4857.049000 6284.264000  22.0240   0.0320   0.8120   0.0590   0.6440      0
37873    4747.296000 5868.000000  22.6290   0.0570   1.0170   0.1220   0.6430      0
38585    4907.611000 5949.594000  22.4330   0.0530   0.7250   0.0970   0.6420      0
55496    4782.761000 6309.879000  22.4650   0.0620   0.7630   0.0950   0.6420      0
37651    4694.023000 6017.250000  22.5150   0.0610   1.0520   0.1230   0.6410      0
37635    4691.495000 5931.803000  22.6490   0.0680   0.9400   0.1320   0.6410      0
38583    4907.578000 6079.870000  21.5900   0.0380   0.7570   0.0500   0.6400      0
37711    4711.286000 6020.563000  22.3380   0.0430   0.8310   0.0900   0.6400      0
37299    4563.630000 6084.403000  21.5630   0.0470   1.1980   0.0730   0.6390      0
37522    4653.761000 6129.362000  22.6940   0.0790   0.9030   0.1140   0.6390      0
38453    4861.610000 6120.092000  22.6900   0.0850   0.8240   0.1760   0.6390      0
37737    4719.645000 6080.095000  21.6510   0.0380   0.7080   0.0520   0.6380      0
38334    4827.542000 6171.705000  22.4620   0.0580   0.7770   0.0990   0.6380      0
55281    4705.594000 6189.777000  22.5200   0.0710   0.9510   0.1150   0.6380      0
37844    4741.914000 6172.727000  22.3620   0.0460   1.2030   0.0940   0.6370      0
37667    4697.728000 5978.720000  21.6260   0.0280   0.7210   0.0440   0.6360      0
55228    4682.000000 6279.101000  21.9220   0.0440   0.7350   0.0580   0.6360      0
37585    4674.062000 6084.341000  22.4950   0.0590   0.8910   0.1070   0.6360      0
38642    4935.018000 6002.298000  22.6750   0.0630   0.6490   0.1010   0.6360      0
38775    4990.166000 6116.061000  22.6950   0.0760   0.8630   0.1320   0.6360      0
37554    4662.352000 5915.251000  22.3470   0.0490   0.8350   0.0810   0.6350      0
38540    4894.123000 5944.058000  22.6700   0.0580   0.8670   0.1440   0.6350      0
38521    4885.547000 6049.693000  22.5050   0.0590   0.9670   0.1050   0.6350      0
55791    4898.439000 6184.233000  22.3180   0.0530   0.8890   0.0790   0.6340      0
38273    4815.785000 6147.026000  21.8880   0.0590   0.7590   0.0920   0.6340      0
55493    4782.341000 6194.208000  21.9990   0.0390   0.8350   0.0710   0.6330      0
37762    4726.217000 6032.457000  22.0000   0.0440   0.8280   0.0640   0.6330      0
38689    4954.695000 6004.992000  22.7520   0.0470   0.8480   0.1100   0.6330      0
38702    4959.101000 6025.244000  22.7240   0.0650   0.8510   0.1100   0.6320      0
37478    4638.659000 6029.062000  22.7660   0.0750   0.8090   0.1320   0.6320      0
37276    4553.416000 6072.172000  22.3090   0.0670   0.9340   0.1000   0.6310      0
37811    4735.701000 6056.492000  21.8650   0.0400   0.7510   0.0790   0.6300      0
38048    4776.663000 6022.345000  22.4180   0.0590   0.7820   0.0930   0.6300      0
55184    4665.366000 6286.897000  22.4540   0.0710   0.8490   0.0990   0.6290      0
37364    4588.302000 6052.932000  22.8590   0.0790   0.7810   0.1400   0.6290      0
37550    4661.536000 6050.182000  21.6190   0.0250   0.7790   0.0420   0.6280      0
37224    4530.230000 6104.448000  22.7840   0.0780   0.7860   0.1190   0.6280      0
38573    4904.053000 6169.258000  22.7470   0.0830   0.7690   0.1250   0.6280      0
55610    4825.470000 6222.708000  22.3740   0.0630   0.8640   0.0960   0.6250      0
55573    4812.622000 6279.151000  22.8480   0.0660   0.7520   0.1160   0.6250      0
37615    4683.474000 6166.290000  22.8790   0.0760   0.7710   0.1450   0.6250      0
38596    4913.026000 5932.992000  21.9720   0.0320   0.7830   0.0550   0.6240      0
38347    4829.886000 5956.956000  21.9730   0.0360   0.8160   0.0730   0.6240      0
37675    4699.667000 6029.477000  23.0610   0.1130   1.0770   0.1660   0.6240      0
38516    4883.560000 6115.875000  22.4060   0.0630   0.8550   0.1080   0.6230      0
54927    4566.104000 6205.077000  22.3980   0.0650   0.9500   0.1470   0.6210      0
55445    4766.912000 6275.507000  21.8960   0.0320   0.7670   0.0630   0.6200      0
38486    4874.200000 5894.333000  22.4260   0.0510   0.8130   0.0800   0.6200      0
38570    4903.441000 6008.219000  22.4490   0.0530   0.8850   0.0980   0.6200      0
55836    4916.954000 6275.552000  22.4020   0.0540   0.8550   0.0990   0.6190      0
38360    4832.449000 6010.433000  22.4370   0.0660   0.9500   0.1010   0.6190      0
55880    4937.225000 6290.031000  22.7680   0.0670   0.7040   0.1280   0.6190      0
55554    4806.321000 6241.870000  22.8630   0.0790   0.7210   0.1370   0.6190      0
37386    4599.222000 6168.562000  22.3690   0.0590   1.1270   0.1140   0.6170      0
55767    4884.842000 6265.686000  21.7860   0.0270   0.7960   0.0470   0.6160      0
38537    4892.635000 5908.906000  23.1930   0.1080   1.2340   0.2300   0.6140      0
38373    4836.975000 6121.045000  21.9190   0.0470   0.9750   0.1410   0.6130      0
55829    4914.877000 6195.658000  22.8400   0.0950   0.6280   0.1340   0.6130      0
37681    4701.676000 6111.594000  22.8820   0.1040   0.5700   0.1480   0.6120      0
37624    4685.243000 6151.788000  21.9220   0.0450   0.8020   0.0650   0.6110      0
37403    4607.889000 6057.541000  22.3480   0.0530   1.0590   0.0970   0.6110      0
38466    4866.076000 6093.985000  22.4180   0.0480   0.9580   0.0920   0.6100      0
55742    4874.349000 6214.592000  21.8310   0.0350   0.7720   0.0590   0.6090      0
37529    4655.332000 6101.324000  21.8740   0.0340   0.7730   0.0600   0.6080      0
38569    4902.720000 5986.182000  23.1800   0.1060   1.2010   0.2480   0.6070      0
37527    4654.713000 6039.063000  21.9430   0.0340   0.8700   0.0650   0.6050      0
55520    4789.466000 6204.052000  21.2600   0.0260   0.6590   0.0460   0.5980      0
37912    4754.197000 6051.426000  21.6690   0.0730   0.8300   0.1210   0.5970      0
38644    4936.602000 5920.405000  21.8930   0.0380   0.8460   0.0570   0.5890      0
55067    4616.490000 6240.279000  23.0610   0.0850   0.8770   0.1650   0.5850      0
38094    4785.497000 6017.168000  23.0700   0.1400   0.5660   0.1770   0.5850      0
55935    4963.378000 6261.894000  23.2780   0.1130   0.9990   0.2250   0.5830      0
37423    4615.838000 5977.532000  23.1040   0.0990   0.8110   0.1760   0.5770      0
55139    4646.539000 6239.016000  23.2400   0.1130   0.9110   0.1960   0.5760      0
37755    4723.980000 6062.256000  21.6060   0.0400   0.8520   0.0660   0.5740      0
55793    4900.672000 6178.736000  23.1650   0.1110   0.8110   0.1580   0.5720      0
38397    4842.371000 6090.972000  21.8590   0.0430   0.8820   0.0710   0.5710      0
55311    4720.187000 6200.094000  21.8260   0.0450   0.9510   0.0970   0.5710      0
37449    4626.888000 5963.307000  23.1340   0.0870   0.7350   0.1430   0.5690      0
55921    4956.739000 6265.688000  23.1190   0.0870   0.7540   0.1330   0.5680      0
38446    4858.282000 6079.907000  23.1830   0.1180   0.5230   0.2330   0.5680      0
55491    4781.934000 6212.531000  23.2810   0.1140   0.8320   0.1990   0.5670      0
55862    4928.480000 6231.516000  21.8120   0.0410   0.8580   0.0580   0.5630      0
37588    4674.878000 6034.366000  21.7500   0.0260   0.8450   0.0500   0.5530      0
38693    4956.545000 5950.497000  21.5060   0.0760   0.9830   0.0830   0.5470      0
38556    4897.864000 5907.658000  21.6500   0.0340   0.8960   0.0470   0.5420      0
55252    4695.406000 6236.831000  21.6670   0.0310   0.8780   0.0510   0.5040      0
