#mag    e_mag    col1   e_col1    m_ini
23.1178    0.0836   0.7608   0.1411   0.9990
22.7812    0.0701   1.0333   0.1193   1.8380
22.6890    0.0662   0.8061   0.1129   1.8718
22.7681    0.0686   1.0004   0.1168   1.8512
22.8763    0.0693   0.9339   0.1181   1.8446
22.7632    0.0674   1.0431   0.1149   1.8615
22.6327    0.0627   1.2327   0.1073   1.9022
22.6337    0.0668   1.1151   0.1139   1.8667
22.8130    0.0709   1.0728   0.1206   1.8315
22.9348    0.0716   1.1769   0.1218   1.8249
22.6446    0.0662   0.9808   0.1129   1.8718
22.6074    0.0632   0.7990   0.1081   1.8982
23.2794    0.0904   0.6000   0.1519   0.9730
22.4676    0.0662   1.0399   0.1129   1.8718
22.9146    0.0709   0.8879   0.1206   1.8315
22.8094    0.0693   0.9916   0.1181   1.8446
22.8219    0.0724   1.1896   0.1230   1.8183
22.7743    0.0709   0.8300   0.1206   1.8315
23.1963    0.0932   1.0701   0.1564   0.9627
22.6616    0.0693   1.0699   0.1181   1.8446
23.2663    0.0867   0.9442   0.1460   0.9870
22.7329    0.0709   1.0864   0.1206   1.8315
23.2103    0.0904   0.7670   0.1519   0.9730
22.7912    0.0674   1.1294   0.1149   1.8615
23.0944    0.0904   0.9382   0.1519   0.9730
22.7135    0.0681   0.8971   0.1160   1.8552
22.5785    0.0644   1.2020   0.1101   1.8873
22.8836    0.0716   1.0392   0.1218   1.8249
22.9343    0.0709   1.1672   0.1206   1.8315
23.3046    0.0890   1.0453   0.1497   0.9782
22.6306    0.0644   1.0191   0.1101   1.8873
23.0444    0.0836   0.8342   0.1411   0.9990
22.5548    0.0632   0.9305   0.1081   1.9041
23.1473    0.0846   0.8816   0.1427   0.9950
23.1644    0.0876   0.8590   0.1475   0.9834
22.6027    0.0638   1.0734   0.1091   1.8925
23.2813    0.0932   0.9507   0.1564   0.9627
23.2369    0.0890   1.4167   0.1497   0.9782
22.7889    0.0724   1.1771   0.1230   1.8183
22.7547    0.0679   1.1442   0.1158   1.8564
22.6944    0.0656   1.1306   0.1120   1.8770
23.1433    0.0833   0.8911   0.1406   1.0005
22.6118    0.0634   0.9544   0.1084   1.8962
22.5805    0.0650   1.1530   0.1110   1.8822
22.6903    0.0662   0.9783   0.1129   1.8718
22.3894    0.0581   0.9196   0.0998   1.9588
22.5822    0.0625   0.9928   0.1069   1.9042
22.6744    0.0621   1.0047   0.1062   1.9082
22.8375    0.0724   1.0615   0.1230   1.8183
23.3258    0.0932   1.0568   0.1564   0.9627
22.8565    0.0709   0.9849   0.1206   1.8315
22.6649    0.0644   0.9272   0.1100   1.8915
23.3733    0.0961   0.8567   0.1611   0.9523
23.3577    0.0992   0.8269   0.1660   0.9420
23.0925    0.0918   1.1629   0.1541   0.9678
22.4754    0.0630   0.9718   0.1077   1.9002
23.6021    0.1034   1.0249   0.1726   0.9289
22.5333    0.0632   0.8316   0.1081   1.8982
22.5583    0.0625   1.0586   0.1069   1.9042
22.6414    0.0681   1.2416   0.1160   1.8552
22.6688    0.0672   1.1027   0.1145   1.8642
22.4964    0.0630   0.9699   0.1077   1.9002
22.5454    0.0598   0.9143   0.1025   1.9409
22.6594    0.0686   0.9704   0.1168   1.8512
22.6034    0.0650   0.9377   0.1110   1.8822
22.5015    0.0579   0.9745   0.0994   1.9620
22.6642    0.0686   1.1645   0.1168   1.8512
22.7951    0.0674   1.2133   0.1149   1.8615
22.3859    0.0549   0.8458   0.0945   1.9729
23.0011    0.0819   0.7655   0.1384   1.0059
22.6729    0.0686   0.9282   0.1168   1.0678
22.4540    0.0588   0.8584   0.1008   1.9376
22.9675    0.0740   0.7690   0.1256   1.0410
22.1981    0.0499   0.6972   0.0862   2.0568
22.1174    0.0502   0.8960   0.0866   2.0512
22.9279    0.0767   0.9021   0.1300   1.0285
22.5299    0.0602   1.1120   0.1031   1.9251
22.6858    0.0638   0.8558   0.1091   1.0938
22.6086    0.0678   0.8881   0.1156   1.0719
22.3878    0.0588   1.0835   0.1008   1.9376
22.3922    0.0561   0.8209   0.0964   1.9699
22.5250    0.0613   0.9996   0.1049   1.9151
22.0184    0.0457   0.7109   0.0792   2.1221
22.4151    0.0555   0.7672   0.0953   1.9890
22.3831    0.0588   1.1243   0.1008   1.9376
22.1993    0.0521   0.8262   0.0898   2.0003
23.0204    0.0740   0.8526   0.1256   1.0410
22.5198    0.0609   0.9129   0.1042   1.9189
22.5484    0.0602   1.0145   0.1031   1.9251
23.0236    0.0796   0.8547   0.1346   1.0160
22.8724    0.0740   0.7043   0.1256   1.0410
22.1374    0.0483   0.8789   0.0834   2.0841
22.6366    0.0616   1.0182   0.1054   1.9124
22.8422    0.0715   0.8787   0.1216   1.0531
22.1135    0.0487   0.8789   0.0841   2.0702
22.9552    0.0781   0.8231   0.1323   1.0222
22.3937    0.0561   0.8262   0.0964   1.9699
22.5092    0.0609   0.7367   0.1042   1.9189
22.4075    0.0552   0.7735   0.0949   1.9931
22.3542    0.0529   0.9489   0.0911   1.9923
22.0578    0.0488   0.9505   0.0843   2.0709
22.1016    0.0468   0.8856   0.0810   2.0978
23.2551    0.0781   0.6400   0.1323   1.0222
22.2541    0.0526   0.8431   0.0907   1.9950
23.1651    0.0781   0.8885   0.1323   1.0222
22.1526    0.0474   0.6899   0.0820   2.0966
22.4412    0.0558   0.9588   0.0959   1.9648
22.3295    0.0536   0.8456   0.0924   1.9851
22.3960    0.0567   0.9532   0.0974   1.9564
23.0219    0.0767   0.8072   0.1300   1.0285
22.9418    0.0781   0.5494   0.1323   1.0222
22.1948    0.0526   0.8873   0.0907   1.9950
23.0458    0.0796   0.8550   0.1346   1.0160
22.2715    0.0532   0.8969   0.0916   1.9891
22.7537    0.0694   0.9520   0.1181   1.0638
22.1545    0.0483   0.8265   0.0835   2.0762
22.4836    0.0588   0.9954   0.1008   1.9376
22.3167    0.0532   0.9642   0.0916   2.0175
21.9331    0.0439   0.8467   0.0762   2.1496
23.1309    0.0824   1.1163   0.1391   1.0041
22.3540    0.0523   0.8018   0.0902   2.0289
22.3735    0.0549   0.9928   0.0945   1.9729
23.0286    0.0819   0.7601   0.1384   1.0059
22.8798    0.0740   0.8592   0.1256   1.0410
22.2118    0.0523   1.0199   0.0902   1.9976
22.6325    0.0657   0.7115   0.1121   1.0832
22.8930    0.0740   0.9126   0.1256   1.0410
22.3338    0.0532   0.9695   0.0916   2.0057
22.2408    0.0526   0.8733   0.0907   1.9950
22.8290    0.0754   0.9175   0.1278   1.0347
22.7938    0.0718   0.9631   0.1220   1.0517
22.4706    0.0595   1.0574   0.1019   1.9314
22.5998    0.0629   0.6702   0.1076   1.0991
22.5039    0.0588   0.7553   0.1008   1.9376
22.7567    0.0678   0.6079   0.1156   1.0719
22.3858    0.0562   0.8634   0.0965   1.9613
22.7081    0.0686   0.7166   0.1168   1.0678
22.4211    0.0556   0.8395   0.0956   1.9879
22.5772    0.0657   0.5664   0.1121   1.0832
22.7908    0.0740   0.7397   0.1256   1.0410
23.0469    0.0831   0.7763   0.1402   1.0014
23.0322    0.0796   0.7284   0.1346   1.0160
22.3880    0.0573   0.9463   0.0984   1.9638
22.0828    0.0460   0.8282   0.0796   2.1124
22.3544    0.0549   1.0320   0.0945   1.9729
22.5272    0.0638   0.8551   0.1091   1.0938
23.0115    0.0754   0.8510   0.1278   1.0347
22.9033    0.0767   1.1473   0.1300   1.0285
22.8176    0.0740   1.0484   0.1256   1.0410
22.8203    0.0767   0.7082   0.1300   1.0285
22.5569    0.0638   0.8882   0.1091   1.0938
22.8203    0.0727   0.9095   0.1235   1.0473
22.4553    0.0574   1.0083   0.0985   1.9502
22.1601    0.0512   0.8340   0.0883   2.0390
22.2336    0.0554   0.8775   0.0952   1.9689
22.8015    0.0727   0.6930   0.1235   1.0473
22.6294    0.0609   0.8473   0.1042   1.9189
22.4077    0.0553   0.8234   0.0951   1.9753
22.8120    0.0710   1.0110   0.1207   1.0556
22.2341    0.0516   0.8856   0.0889   2.0363
22.6360    0.0670   0.8171   0.1143   1.0759
22.4167    0.0562   1.0241   0.0965   1.9613
22.3350    0.0536   0.7611   0.0924   1.9851
21.8866    0.0436   0.8600   0.0757   2.1550
22.2625    0.0503   0.8665   0.0869   2.0279
22.4110    0.0554   1.0479   0.0952   1.9689
21.9113    0.0432   0.7744   0.0750   2.1617
21.9788    0.0437   0.7647   0.0758   2.1536
22.9698    0.0781   0.7311   0.1323   1.0222
22.9365    0.0767   0.8615   0.1300   1.0285
22.6359    0.0648   0.6915   0.1106   1.0885
22.1712    0.0491   0.8376   0.0848   2.0692
22.7634    0.0720   0.6709   0.1224   1.0503
22.4291    0.0574   0.7766   0.0985   1.9502
22.4721    0.0602   0.9931   0.1031   1.9251
21.9749    0.0449   0.8379   0.0779   2.1321
22.2277    0.0541   1.0771   0.0932   2.0056
22.9189    0.0781   0.7285   0.1323   1.0222
22.2035    0.0504   0.8821   0.0869   2.0535
22.0856    0.0474   0.7497   0.0820   2.0963
22.8608    0.0720   0.7600   0.1224   1.0503
22.5818    0.0604   0.9164   0.1035   1.1138
22.4981    0.0604   0.7728   0.1035   1.1138
22.1397    0.0487   0.7015   0.0842   1.1961
21.5670    0.0348   0.6619   0.0609   2.3131
21.8045    0.0413   0.6448   0.0717   2.1944
21.9994    0.0453   0.6333   0.0785   2.0701
21.7395    0.0397   0.7729   0.0691   2.2224
22.2941    0.0522   0.7587   0.0900   1.1690
22.1127    0.0483   0.7156   0.0835   1.1992
21.6943    0.0378   0.6027   0.0658   2.2590
21.8981    0.0434   0.8494   0.0752   2.1236
22.1662    0.0508   0.8898   0.0877   2.0125
22.1476    0.0473   0.8745   0.0818   2.0489
22.1358    0.0498   0.7258   0.0860   2.0230
22.0632    0.0475   0.7597   0.0821   2.0469
22.2983    0.0517   0.6858   0.0891   1.1730
22.1024    0.0465   0.8257   0.0806   2.0566
21.9651    0.0473   0.8409   0.0818   2.0489
21.9619    0.0449   0.7845   0.0779   2.0741
22.2003    0.0488   0.8304   0.0843   2.0335
22.3947    0.0539   0.7642   0.0927   1.1569
22.1612    0.0493   0.8545   0.0851   2.0282
22.5089    0.0604   0.4996   0.1035   1.1138
21.8823    0.0427   0.7876   0.0742   2.0990
21.9073    0.0446   0.7248   0.0773   2.0781
21.8170    0.0403   0.6690   0.0702   2.1619
22.3580    0.0549   0.6459   0.0945   1.1494
22.1170    0.0478   0.8517   0.0826   2.0439
22.3984    0.0533   0.6907   0.0918   1.1609
22.4883    0.0596   0.6944   0.1022   1.1191
21.6419    0.0368   0.7295   0.0641   2.2699
22.1949    0.0507   0.7158   0.0875   1.1804
22.4010    0.0588   0.6933   0.1008   1.1243
22.4436    0.0613   0.7680   0.1050   1.1086
22.3346    0.0544   0.7121   0.0937   1.1528
22.4467    0.0567   0.8528   0.0973   1.1378
22.2960    0.0533   0.6847   0.0918   1.1609
22.5218    0.0604   0.7483   0.1035   1.1138
21.9404    0.0438   0.7993   0.0760   2.1069
21.9208    0.0446   0.6214   0.0774   2.1082
22.4309    0.0596   0.8319   0.1022   1.1191
22.4908    0.0558   0.6897   0.0959   1.1436
22.0554    0.0487   0.5886   0.0842   1.1961
21.8063    0.0385   0.5834   0.0670   2.2327
22.2326    0.0491   0.6708   0.0848   1.1930
21.7128    0.0386   0.7224   0.0672   2.2434
21.8674    0.0429   0.7613   0.0744   2.1464
22.4254    0.0596   0.7473   0.1022   1.1191
21.7646    0.0393   0.6742   0.0684   2.1966
21.7724    0.0399   0.7314   0.0694   2.2059
21.8157    0.0401   0.7411   0.0698   2.1763
22.3379    0.0552   0.6410   0.0950   1.1475
21.9920    0.0447   0.6655   0.0775   2.1298
22.0295    0.0469   0.6811   0.0812   2.0528
22.0720    0.0495   0.5983   0.0855   1.1898
21.8447    0.0402   0.7585   0.0700   2.2073
21.6310    0.0367   0.7400   0.0640   2.2764
22.0519    0.0453   0.7414   0.0785   2.0701
21.8687    0.0412   0.7828   0.0716   2.1347
22.2018    0.0528   0.6982   0.0909   1.1649
22.1950    0.0495   0.7641   0.0855   1.1898
22.1108    0.0498   0.7945   0.0860   2.0230
21.9298    0.0425   0.8222   0.0738   2.1724
22.2904    0.0511   0.6533   0.0882   1.1771
22.4248    0.0579   0.8031   0.0994   1.1295
22.3579    0.0533   0.7542   0.0918   1.1609
21.6262    0.0357   0.5984   0.0623   2.3006
22.3693    0.0571   0.7024   0.0981   1.1348
21.8164    0.0392   0.7096   0.0682   2.2329
21.6769    0.0373   0.6963   0.0651   2.2615
21.6017    0.0352   0.6431   0.0614   2.3068
22.2590    0.0522   0.5244   0.0900   1.1690
21.7249    0.0384   0.7347   0.0670   2.2439
21.7211    0.0380   0.7235   0.0662   2.2519
22.2497    0.0511   0.6141   0.0882   1.1771
22.1327    0.0507   0.5862   0.0875   1.1804
22.3954    0.0579   0.7242   0.0994   1.1295
21.8603    0.0426   0.7332   0.0740   2.1653
21.7737    0.0396   0.7541   0.0689   2.2055
22.2860    0.0517   0.4902   0.0891   1.1730
21.8790    0.0437   0.7629   0.0759   2.1327
22.4299    0.0622   0.7362   0.1064   1.1034
22.3064    0.0539   0.4690   0.0927   1.1569
21.7527    0.0396   0.6753   0.0689   2.2122
22.1236    0.0493   0.8039   0.0851   2.0282
22.1957    0.0493   0.6710   0.0851   2.0282
22.2869    0.0539   0.6358   0.0927   1.1569
22.0913    0.0483   0.6986   0.0835   1.1992
22.0441    0.0429   0.8026   0.0745   2.1514
21.8774    0.0426   0.6775   0.0740   2.1712
21.8379    0.0398   0.6300   0.0693   2.2125
21.6100    0.0359   0.7206   0.0627   2.2957
22.5980    0.0596   0.6270   0.1022   1.1191
21.7384    0.0380   0.7635   0.0663   2.2449
21.9630    0.0430   0.7942   0.0747   2.0959
21.9479    0.0432   0.7764   0.0749   2.1425
22.4379    0.0588   0.7207   0.1008   1.1243
21.9472    0.0431   0.8010   0.0748   2.1507
22.2519    0.0507   0.5809   0.0875   1.1804
21.8335    0.0413   0.8054   0.0717   2.1938
22.4643    0.0604   0.8492   0.1035   1.1138
22.1602    0.0495   0.6286   0.0855   1.1898
22.0836    0.0475   0.9379   0.0821   2.0469
21.9994    0.0427   0.7962   0.0741   2.1683
21.7349    0.0383   0.8227   0.0667   2.2368
21.4304    0.0334   0.6502   0.0584   2.3487
22.2350    0.0567   0.6718   0.0973   1.1378
21.8341    0.0410   0.6991   0.0712   2.1701
21.8480    0.0403   0.7079   0.0701   2.2120
21.8997    0.0425   0.7944   0.0738   2.1021
22.2195    0.0503   0.6940   0.0868   1.1836
22.2050    0.0533   0.5182   0.0918   1.1609
21.8041    0.0412   0.7564   0.0716   2.1950
21.8354    0.0415   0.7986   0.0721   2.1898
22.6268    0.0622   0.8526   0.1064   1.1034
21.9630    0.0439   0.7864   0.0761   2.0862
21.7598    0.0382   0.7248   0.0666   2.2308
22.3622    0.0567   0.7544   0.0973   1.1378
21.8871    0.0418   0.7015   0.0726   2.1632
22.3359    0.0579   0.6940   0.0994   1.1295
21.8664    0.0414   0.7885   0.0720   2.1660
21.8362    0.0413   0.7178   0.0717   2.1938
21.7486    0.0391   0.7585   0.0681   2.2220
21.9389    0.0430   0.8706   0.0746   2.1125
22.4915    0.0604   0.9160   0.1035   1.1138
21.8780    0.0433   0.7249   0.0751   2.1364
21.8876    0.0416   0.8509   0.0723   2.1760
22.2476    0.0508   0.9262   0.0877   2.0125
22.6704    0.0622   0.7213   0.1064   1.1034
22.4166    0.0567   0.6387   0.0973   1.1378
22.2087    0.0517   0.6612   0.0891   1.1730
22.3561    0.0555   0.7814   0.0954   1.1455
21.7978    0.0398   0.7360   0.0692   2.2206
21.7344    0.0391   0.6981   0.0680   2.2181
22.1955    0.0491   0.6334   0.0848   1.1930
22.1350    0.0479   0.8439   0.0829   2.0532
21.9372    0.0439   0.8744   0.0761   2.0862
21.7896    0.0404   0.6556   0.0703   2.1934
22.1509    0.0495   0.8156   0.0855   1.1898
22.3931    0.0544   0.7631   0.0937   1.1528
22.0341    0.0462   0.7781   0.0800   2.0921
22.2026    0.0498   0.8709   0.0860   2.0230
22.0752    0.0483   0.7480   0.0834   2.0387
21.6802    0.0391   0.6928   0.0681   2.2294
22.0207    0.0472   0.7790   0.0816   2.0867
21.9008    0.0426   0.8960   0.0740   2.1653
22.2586    0.0507   0.5747   0.0875   1.1804
22.0774    0.0477   0.9371   0.0824   2.0597
21.5558    0.0346   0.7740   0.0604   2.3245
21.4541    0.0320   0.5235   0.0561   2.3793
21.5350    0.0347   0.6527   0.0605   2.3029
21.8566    0.0408   0.5927   0.0710   1.2691
21.9377    0.0413   0.4639   0.0718   1.2641
22.0875    0.0468   0.4458   0.0809   1.2127
21.7489    0.0386   0.5809   0.0673   1.2932
21.7426    0.0384   0.5264   0.0669   1.2954
22.0105    0.0468   0.6516   0.0809   1.2127
21.9040    0.0428   0.4917   0.0742   1.2495
21.4798    0.0344   0.7071   0.0600   2.2876
21.5063    0.0342   0.6993   0.0598   2.3111
21.7913    0.0385   0.6631   0.0671   2.1510
21.3866    0.0324   0.5621   0.0567   2.3135
22.1176    0.0468   0.6651   0.0809   1.2127
21.8828    0.0438   0.6776   0.0760   1.2392
21.9635    0.0462   0.5603   0.0801   1.2173
21.7617    0.0384   0.6351   0.0669   1.2954
21.7037    0.0382   0.5789   0.0666   1.2976
21.1714    0.0275   0.6396   0.0482   2.5052
21.7734    0.0408   0.5489   0.0710   1.2691
21.5803    0.0352   0.6028   0.0614   2.2937
21.7858    0.0397   0.7519   0.0692   2.1356
21.5449    0.0346   0.6808   0.0605   2.3173
21.8764    0.0413   0.5276   0.0718   1.2641
21.7961    0.0400   0.5928   0.0695   2.1461
22.1251    0.0468   0.5556   0.0809   1.2127
21.7545    0.0394   0.7584   0.0685   2.1402
22.1045    0.0478   0.6289   0.0827   1.2035
21.8601    0.0428   0.6275   0.0742   1.2495
21.5155    0.0345   0.5962   0.0603   2.2522
22.0203    0.0457   0.6534   0.0792   1.2219
21.8536    0.0413   0.6552   0.0718   1.2641
21.2924    0.0291   0.6557   0.0511   2.4585
21.8282    0.0413   0.6837   0.0718   1.2641
21.4309    0.0329   0.5965   0.0575   2.3425
21.6481    0.0365   0.5437   0.0637   2.1783
21.1967    0.0283   0.5940   0.0496   2.4725
21.9555    0.0413   0.5802   0.0718   1.2641
21.4620    0.0331   0.6249   0.0580   2.3381
21.6759    0.0382   0.5995   0.0665   2.2178
21.9549    0.0457   0.6119   0.0792   1.2219
21.8200    0.0399   0.5573   0.0694   1.2791
21.9849    0.0444   0.5779   0.0770   1.2341
21.7187    0.0382   0.5134   0.0666   1.2976
21.5102    0.0344   0.6155   0.0602   2.3123
21.6856    0.0381   0.5429   0.0664   2.1707
21.7924    0.0386   0.4885   0.0673   1.2932
21.0870    0.0263   0.6720   0.0461   2.5433
21.8870    0.0418   0.6985   0.0726   1.2591
21.6936    0.0388   0.5267   0.0676   1.2911
21.6217    0.0355   0.6791   0.0619   2.2461
21.6045    0.0362   0.6245   0.0631   2.1833
21.8044    0.0389   0.7137   0.0678   2.1458
21.8686    0.0418   0.5579   0.0726   1.2591
22.2092    0.0478   0.6993   0.0827   1.2035
21.4143    0.0321   0.7893   0.0561   2.3576
21.9195    0.0430   0.6822   0.0747   1.2469
21.9728    0.0433   0.5276   0.0751   1.2444
21.4581    0.0324   0.5866   0.0568   2.3635
21.3322    0.0297   0.6857   0.0521   2.4228
21.3617    0.0315   0.6109   0.0552   2.3732
21.4158    0.0322   0.6817   0.0563   2.3759
21.3526    0.0302   0.6491   0.0530   2.4080
21.7992    0.0413   0.5349   0.0718   1.2641
21.4507    0.0326   0.6091   0.0570   2.3252
22.0013    0.0462   0.6047   0.0801   1.2173
21.4945    0.0352   0.5981   0.0616   2.2992
22.0678    0.0452   0.7483   0.0783   1.2265
21.5960    0.0362   0.7179   0.0631   2.2166
22.0259    0.0447   0.6705   0.0775   1.2311
21.2276    0.0296   0.6288   0.0519   2.4431
21.0839    0.0261   0.4499   0.0458   2.5483
22.0875    0.0457   0.6582   0.0792   1.2219
21.7563    0.0388   0.7739   0.0675   2.1524
21.6799    0.0369   0.6439   0.0643   2.2096
21.4459    0.0326   0.5248   0.0570   2.3252
21.4020    0.0324   0.6797   0.0567   2.3499
21.2709    0.0297   0.6333   0.0520   2.4438
21.4317    0.0329   0.6306   0.0575   2.3391
21.7342    0.0382   0.5473   0.0666   1.2976
21.1927    0.0283   0.6007   0.0496   2.4810
21.2324    0.0300   0.5784   0.0525   2.4154
21.5884    0.0339   0.6773   0.0593   2.2913
21.4804    0.0340   0.7431   0.0595   2.3122
21.3631    0.0314   0.7265   0.0550   2.3935
21.1904    0.0283   0.6377   0.0497   2.4776
21.9265    0.0405   0.6058   0.0704   2.1264
22.0007    0.0447   0.5436   0.0775   1.2311
21.9486    0.0438   0.6263   0.0760   1.2392
21.8244    0.0399   0.4438   0.0694   1.2791
21.6530    0.0363   0.5626   0.0634   2.2388
21.8723    0.0418   0.5857   0.0726   1.2591
21.9200    0.0418   0.6194   0.0726   1.2591
21.7232    0.0381   0.5279   0.0663   1.2997
21.8356    0.0413   0.6060   0.0718   1.2641
21.7580    0.0391   0.5887   0.0681   2.1432
21.7203    0.0399   0.5762   0.0694   1.2791
21.6147    0.0360   0.4802   0.0629   2.1899
21.7468    0.0384   0.7124   0.0669   1.2954
21.9955    0.0447   0.6633   0.0775   1.2311
21.8911    0.0423   0.6142   0.0735   1.2541
21.7598    0.0397   0.7300   0.0692   2.1356
21.6880    0.0394   0.5812   0.0686   1.2842
21.5150    0.0338   0.6608   0.0591   2.3376
21.7082    0.0379   0.6365   0.0661   2.1772
21.3959    0.0322   0.6517   0.0564   2.3280
21.4785    0.0343   0.6873   0.0599   2.3142
21.3548    0.0326   0.6944   0.0570   2.3410
21.8680    0.0413   0.5486   0.0718   1.2641
21.9958    0.0447   0.5120   0.0775   1.2311
21.8042    0.0405   0.7076   0.0704   2.1264
21.9794    0.0441   0.5575   0.0765   1.2367
21.2922    0.0300   0.5696   0.0525   2.4114
21.6369    0.0373   0.5713   0.0650   2.1930
21.1373    0.0284   0.6648   0.0498   2.4785
21.3617    0.0314   0.6072   0.0550   2.3960
21.8455    0.0399   0.6310   0.0694   1.2791
21.1238    0.0274   0.5289   0.0481   2.5083
21.7263    0.0394   0.5212   0.0686   1.2842
21.7514    0.0376   0.7552   0.0656   2.1632
21.8156    0.0413   0.5454   0.0718   1.2641
21.9150    0.0428   0.5708   0.0742   1.2495
21.7136    0.0388   0.5811   0.0676   1.2911
21.3825    0.0316   0.6096   0.0552   2.3836
21.8065    0.0399   0.4744   0.0694   1.2791
21.5117    0.0330   0.5315   0.0577   2.3478
22.0327    0.0473   0.7523   0.0818   1.2081
21.8568    0.0413   0.6773   0.0718   1.2641
21.1144    0.0270   0.6299   0.0475   2.5148
21.4588    0.0322   0.6199   0.0563   2.3501
21.6067    0.0363   0.6980   0.0633   2.2645
21.1681    0.0281   0.5260   0.0493   2.4809
21.8969    0.0436   0.6368   0.0756   1.2418
21.3973    0.0327   0.6823   0.0573   2.3298
21.3410    0.0304   0.4998   0.0532   2.4240
20.8669    0.0230   0.4999   0.0405   2.6558
21.4878    0.0339   0.5818   0.0592   1.3529
21.2451    0.0288   0.5905   0.0505   2.3528
21.4491    0.0334   0.6419   0.0585   2.2479
21.3512    0.0313   0.3515   0.0548   1.3919
21.4234    0.0327   0.6858   0.0573   2.2701
21.0507    0.0256   0.5520   0.0449   2.5367
21.1311    0.0277   0.6108   0.0486   2.4746
20.9776    0.0248   0.4928   0.0436   2.5649
20.8360    0.0228   0.4457   0.0401   2.6540
21.3439    0.0318   0.4833   0.0556   1.3838
21.4657    0.0326   0.5750   0.0570   2.3020
21.4280    0.0330   0.4606   0.0577   1.3655
21.5795    0.0359   0.4309   0.0627   1.3262
20.8315    0.0224   0.5168   0.0395   2.6777
21.5879    0.0354   0.5904   0.0618   1.3329
21.4219    0.0321   0.4577   0.0561   1.3798
21.2246    0.0282   0.5328   0.0495   2.4158
21.5332    0.0343   0.5134   0.0599   1.3475
21.5312    0.0354   0.5220   0.0618   1.3329
21.4914    0.0339   0.4746   0.0592   1.3529
21.7055    0.0381   0.4917   0.0663   1.2997
21.1194    0.0269   0.4862   0.0473   2.4557
20.6195    0.0201   0.5422   0.0354   2.7797
21.2158    0.0285   0.5951   0.0499   2.4207
21.1205    0.0277   0.5859   0.0486   2.4843
21.4185    0.0310   0.5140   0.0544   2.3199
20.9794    0.0246   0.5048   0.0433   2.5938
21.3749    0.0315   0.5765   0.0552   2.3199
21.1888    0.0278   0.4614   0.0489   2.3909
20.9777    0.0254   0.5269   0.0447   2.5591
21.5650    0.0354   0.4593   0.0618   1.3329
21.3616    0.0315   0.5532   0.0551   2.3095
21.1397    0.0270   0.5259   0.0474   2.4835
21.7039    0.0375   0.5281   0.0654   1.3059
21.4291    0.0325   0.6442   0.0569   2.2949
21.5520    0.0341   0.3910   0.0596   1.3500
21.4298    0.0323   0.4727   0.0565   1.3758
21.0614    0.0260   0.5220   0.0457   2.5081
21.4595    0.0323   0.4410   0.0565   1.3758
21.3333    0.0313   0.4538   0.0548   1.3919
21.7110    0.0375   0.5633   0.0654   1.3059
21.2972    0.0291   0.6766   0.0510   2.4226
21.0642    0.0264   0.5060   0.0464   2.5129
21.4699    0.0334   0.4589   0.0585   1.3592
21.1384    0.0275   0.6214   0.0483   2.4823
21.1080    0.0273   0.6457   0.0480   2.4898
20.9457    0.0248   0.5973   0.0437   2.5900
21.3648    0.0310   0.4938   0.0543   1.3959
20.9807    0.0258   0.6570   0.0453   2.5425
21.6077    0.0349   0.5500   0.0609   1.3397
21.3732    0.0318   0.5176   0.0556   1.3838
21.6840    0.0375   0.5295   0.0654   1.3059
21.1467    0.0273   0.5324   0.0480   2.4898
20.9915    0.0259   0.5884   0.0455   2.5322
21.6354    0.0365   0.5725   0.0636   1.3194
20.8513    0.0230   0.4789   0.0404   2.6568
21.6518    0.0375   0.4222   0.0654   1.3059
21.3735    0.0307   0.5267   0.0538   2.3604
20.7703    0.0221   0.5029   0.0388   2.6925
21.4714    0.0337   0.4783   0.0589   1.3561
21.6271    0.0370   0.5304   0.0645   1.3126
21.5214    0.0344   0.4904   0.0600   1.3464
21.5966    0.0365   0.6446   0.0636   1.3194
21.0628    0.0260   0.5544   0.0457   2.5005
21.4603    0.0321   0.3963   0.0561   1.3798
21.6792    0.0370   0.4587   0.0645   1.3126
21.4237    0.0328   0.5209   0.0574   1.3687
21.4263    0.0318   0.4315   0.0556   1.3838
21.6354    0.0370   0.3664   0.0645   1.3126
21.5268    0.0342   0.6435   0.0597   2.2220
21.0507    0.0259   0.6171   0.0455   2.5057
21.5927    0.0365   0.4896   0.0636   1.3194
21.4254    0.0320   0.5893   0.0560   2.2976
21.3267    0.0315   0.5158   0.0552   1.3879
20.8828    0.0230   0.5071   0.0404   2.6591
21.5302    0.0343   0.5375   0.0599   1.3475
21.4847    0.0339   0.6739   0.0593   2.2351
21.2943    0.0301   0.6260   0.0528   2.3996
21.5518    0.0334   0.4713   0.0585   1.3592
21.4291    0.0332   0.4417   0.0581   1.3624
20.7778    0.0219   0.5459   0.0386   2.6995
21.3617    0.0305   0.6097   0.0535   2.3764
21.6467    0.0370   0.5756   0.0645   1.3126
21.4529    0.0330   0.4157   0.0577   1.3655
21.4059    0.0315   0.4307   0.0552   1.3879
21.1707    0.0278   0.5267   0.0487   2.4038
21.1081    0.0271   0.5965   0.0476   2.4873
20.7044    0.0214   0.5063   0.0376   2.7221
21.4674    0.0332   0.3728   0.0581   1.3624
21.6050    0.0359   0.3782   0.0627   1.3262
21.4500    0.0315   0.5116   0.0552   1.3879
21.6904    0.0375   0.7011   0.0654   1.3059
21.3847    0.0323   0.4477   0.0565   1.3758
21.4828    0.0342   0.5611   0.0597   2.2220
21.5236    0.0344   0.4653   0.0600   1.3464
20.9203    0.0246   0.5497   0.0432   2.5746
21.7330    0.0375   0.6242   0.0654   1.3059
20.7077    0.0215   0.4085   0.0378   2.7195
21.4127    0.0334   0.4245   0.0585   1.3592
21.2220    0.0297   0.6164   0.0521   2.4026
21.0613    0.0263   0.6257   0.0463   2.5370
21.3137    0.0308   0.4536   0.0539   1.3999
21.3874    0.0326   0.5426   0.0570   1.3718
21.4062    0.0310   0.4800   0.0543   1.3959
21.4529    0.0337   0.4872   0.0589   1.3561
21.3739    0.0318   0.6034   0.0556   2.2940
20.9945    0.0253   0.5321   0.0444   2.5750
21.6567    0.0354   0.5771   0.0618   1.3329
21.6638    0.0370   0.5951   0.0645   1.3126
21.3218    0.0307   0.5364   0.0538   2.3484
21.2510    0.0285   0.5320   0.0500   2.4109
20.9950    0.0248   0.5668   0.0436   2.5903
21.4335    0.0331   0.6617   0.0580   2.2481
21.0466    0.0252   0.3457   0.0443   1.4992
21.1514    0.0285   0.3902   0.0500   1.4382
21.0731    0.0259   0.4534   0.0455   1.4856
21.1871    0.0278   0.5187   0.0488   1.4503
20.7493    0.0220   0.4281   0.0386   2.6485
21.1940    0.0283   0.4532   0.0497   1.4412
20.5945    0.0197   0.4773   0.0347   2.8004
21.0052    0.0256   0.3598   0.0449   1.4926
21.1558    0.0280   0.4941   0.0491   1.4471
21.0875    0.0263   0.3439   0.0462   1.4785
20.8095    0.0225   0.5675   0.0396   2.6370
21.0090    0.0253   0.5440   0.0444   2.4730
21.0946    0.0268   0.5459   0.0471   2.4243
20.9269    0.0240   0.4705   0.0423   2.5116
21.0283    0.0259   0.3369   0.0455   1.4856
21.1534    0.0283   0.4978   0.0497   1.4412
21.2501    0.0290   0.3622   0.0509   1.4293
20.6249    0.0199   0.4698   0.0349   2.7773
20.8564    0.0235   0.4692   0.0413   2.5659
20.5516    0.0196   0.4008   0.0345   2.7970
21.2935    0.0292   0.4258   0.0513   1.4251
21.3006    0.0297   0.4424   0.0521   1.4167
20.7230    0.0217   0.4376   0.0382   2.6843
20.9785    0.0252   0.3575   0.0442   1.5004
21.2968    0.0297   0.5045   0.0521   1.4167
21.1463    0.0270   0.3034   0.0475   1.4644
20.6291    0.0201   0.4143   0.0354   2.7758
21.2035    0.0285   0.3813   0.0500   1.4382
20.7581    0.0218   0.4922   0.0383   2.6951
20.7799    0.0221   0.3841   0.0390   2.6279
21.2328    0.0292   0.4599   0.0513   1.4251
21.0395    0.0256   0.4092   0.0449   1.4926
21.0458    0.0260   0.4570   0.0457   2.4474
20.5648    0.0192   0.4036   0.0338   2.8053
20.2576    0.0163   0.3298   0.0286   2.9848
21.0344    0.0256   0.3745   0.0449   1.4926
20.6049    0.0200   0.4292   0.0352   2.7668
21.2954    0.0302   0.4821   0.0530   1.4083
20.8257    0.0224   0.4463   0.0394   2.6618
21.3055    0.0305   0.4082   0.0534   1.4041
20.6676    0.0207   0.3960   0.0365   2.7255
21.0162    0.0256   0.3564   0.0449   1.4926
20.7904    0.0220   0.3948   0.0387   2.6394
21.1957    0.0280   0.3057   0.0491   1.4471
21.3250    0.0302   0.3962   0.0530   1.4083
21.1893    0.0285   0.2875   0.0500   1.4382
20.9996    0.0250   0.4422   0.0439   2.4756
21.2798    0.0290   0.4078   0.0509   1.4293
20.9204    0.0239   0.4458   0.0420   2.5859
20.7310    0.0215   0.4660   0.0378   2.6983
21.2497    0.0297   0.4511   0.0521   1.4167
20.4901    0.0189   0.4306   0.0333   2.8186
21.1811    0.0285   0.3156   0.0500   1.4382
20.8621    0.0230   0.4709   0.0405   2.5748
20.3145    0.0169   0.3889   0.0296   2.9500
20.8246    0.0227   0.4886   0.0400   2.6276
20.6342    0.0206   0.4823   0.0362   2.7509
21.2416    0.0295   0.4357   0.0517   1.4209
21.2640    0.0295   0.5100   0.0517   1.4209
21.2547    0.0300   0.4374   0.0526   1.4125
21.2807    0.0300   0.4076   0.0526   1.4125
20.5818    0.0192   0.4346   0.0337   2.8179
20.6335    0.0204   0.4899   0.0358   2.7648
21.0820    0.0263   0.3643   0.0462   1.4785
20.7740    0.0221   0.4348   0.0389   2.6480
21.1304    0.0274   0.4579   0.0482   1.4573
21.2056    0.0285   0.4756   0.0500   1.4382
20.8915    0.0238   0.4490   0.0419   2.5860
21.1480    0.0292   0.4160   0.0513   1.4251
21.0680    0.0263   0.3703   0.0462   1.4785
21.2039    0.0283   0.3923   0.0497   1.4412
20.5555    0.0193   0.3956   0.0340   2.8108
21.0818    0.0266   0.4964   0.0467   2.4208
21.2092    0.0285   0.4577   0.0500   1.4382
21.1209    0.0267   0.4047   0.0468   1.4714
20.6953    0.0220   0.5057   0.0387   2.6394
21.0294    0.0259   0.3102   0.0455   1.4856
21.2645    0.0290   0.3378   0.0509   1.4293
20.3914    0.0180   0.4289   0.0317   2.8867
21.1515    0.0280   0.3722   0.0491   1.4471
21.2058    0.0280   0.3628   0.0491   1.4471
20.8525    0.0237   0.5016   0.0416   2.5737
21.2420    0.0292   0.4109   0.0513   1.4251
20.4446    0.0183   0.4171   0.0321   2.8735
21.0658    0.0259   0.3744   0.0455   1.4856
20.8113    0.0224   0.3893   0.0394   2.6663
21.2472    0.0300   0.4105   0.0526   1.4125
21.0871    0.0267   0.3720   0.0468   1.4714
20.8724    0.0233   0.4881   0.0411   2.5764
21.1494    0.0274   0.3836   0.0482   1.4573
21.1869    0.0282   0.3970   0.0494   1.4442
20.6553    0.0208   0.4174   0.0366   2.7388
21.2657    0.0290   0.4315   0.0509   1.4293
21.1606    0.0280   0.3721   0.0491   1.4471
20.7805    0.0221   0.4561   0.0388   2.6629
21.0001    0.0259   0.3873   0.0455   1.4856
20.4761    0.0181   0.3976   0.0318   2.8825
20.3624    0.0170   0.3962   0.0299   2.9153
20.5301    0.0189   0.3541   0.0332   2.7114
20.3577    0.0171   0.3489   0.0300   2.8868
20.9950    0.0249   0.3837   0.0438   1.5050
20.1367    0.0150   0.3176   0.0263   3.0604
20.5057    0.0185   0.3587   0.0325   2.7308
20.7556    0.0220   0.3741   0.0388   1.5678
20.3542    0.0170   0.4342   0.0299   2.9283
20.9435    0.0245   0.4237   0.0430   1.5142
20.3957    0.0175   0.3773   0.0307   2.8979
20.9843    0.0247   0.3383   0.0434   1.5096
20.8797    0.0236   0.3321   0.0416   1.5323
21.0057    0.0249   0.4109   0.0438   1.5050
20.2862    0.0165   0.3873   0.0291   2.9199
20.8748    0.0233   0.2760   0.0409   1.5401
20.4681    0.0184   0.4259   0.0324   2.8360
20.8324    0.0230   0.3905   0.0405   1.5452
20.3636    0.0171   0.3947   0.0300   2.9031
20.8293    0.0222   0.2768   0.0391   1.5634
20.7377    0.0213   0.3265   0.0375   1.5848
20.4163    0.0180   0.4023   0.0317   2.8585
20.8441    0.0230   0.3149   0.0405   1.5452
21.0181    0.0243   0.3202   0.0427   1.5188
20.4161    0.0179   0.3620   0.0315   2.8376
19.9364    0.0132   0.3009   0.0231   3.1853
20.8838    0.0232   0.3143   0.0407   1.5427
20.6996    0.0210   0.3787   0.0370   1.5915
20.6783    0.0213   0.2698   0.0375   1.5848
20.8255    0.0229   0.3645   0.0403   1.5478
20.8618    0.0228   0.3193   0.0401   1.5501
20.9067    0.0235   0.3129   0.0414   1.5349
20.3386    0.0166   0.3588   0.0292   2.9200
20.3190    0.0166   0.3689   0.0292   2.9273
20.9450    0.0241   0.3664   0.0423   1.5234
20.7166    0.0216   0.2839   0.0381   1.5765
20.8308    0.0227   0.3441   0.0400   1.5523
20.6535    0.0205   0.4266   0.0361   2.6843
20.9189    0.0241   0.3781   0.0423   1.5234
20.8830    0.0233   0.3850   0.0409   1.5401
20.7587    0.0215   0.3037   0.0378   1.5809
20.6542    0.0206   0.2871   0.0363   1.6003
20.7653    0.0222   0.3273   0.0391   1.5634
20.8697    0.0238   0.3664   0.0419   1.5280
20.7499    0.0218   0.3484   0.0384   1.5722
20.6889    0.0208   0.3065   0.0366   1.5960
20.6753    0.0208   0.3061   0.0366   1.5960
20.6445    0.0205   0.3940   0.0361   2.6390
20.7681    0.0224   0.3255   0.0394   1.5591
20.6448    0.0206   0.2882   0.0363   1.6003
20.4612    0.0184   0.3923   0.0323   2.7684
19.9801    0.0136   0.3451   0.0237   3.1595
20.7291    0.0216   0.2436   0.0381   1.5765
20.7262    0.0215   0.2209   0.0378   1.5809
20.7988    0.0224   0.3594   0.0394   1.5591
20.8105    0.0224   0.3605   0.0394   1.5591
20.4171    0.0180   0.4008   0.0316   2.8325
20.4264    0.0178   0.3832   0.0313   2.8419
20.2762    0.0164   0.4123   0.0288   2.9702
20.8744    0.0235   0.3282   0.0414   1.5349
20.9279    0.0241   0.3046   0.0423   1.5234
20.9681    0.0245   0.3342   0.0430   1.5142
20.7084    0.0212   0.3188   0.0373   1.5871
20.3619    0.0171   0.3124   0.0301   2.8761
20.4333    0.0177   0.3771   0.0310   2.8546
20.9763    0.0247   0.3252   0.0434   1.5096
20.5641    0.0193   0.4349   0.0340   2.7892
20.7999    0.0224   0.3636   0.0394   1.5591
20.7296    0.0213   0.4487   0.0376   2.5999
20.1570    0.0152   0.3399   0.0266   3.0490
20.8797    0.0234   0.4111   0.0411   1.5375
20.1693    0.0152   0.3598   0.0266   3.0436
20.7847    0.0222   0.2594   0.0391   1.5634
20.8600    0.0234   0.3558   0.0411   1.5375
20.7516    0.0218   0.2649   0.0384   1.5722
20.8055    0.0224   0.3010   0.0394   1.5591
20.6773    0.0206   0.3477   0.0363   1.6003
20.6780    0.0206   0.3669   0.0362   2.6311
20.8784    0.0233   0.3408   0.0409   1.5401
20.2425    0.0159   0.3654   0.0279   3.0015
20.3680    0.0174   0.3642   0.0305   2.8562
20.7881    0.0229   0.2806   0.0403   1.5478
20.8645    0.0236   0.3585   0.0416   1.5323
20.8042    0.0227   0.2728   0.0399   1.5535
20.5329    0.0190   0.3493   0.0334   1.6407
20.3657    0.0171   0.2910   0.0300   1.6893
20.3474    0.0171   0.4313   0.0301   2.8473
20.6531    0.0204   0.3270   0.0358   1.6068
20.6539    0.0204   0.3315   0.0359   1.6055
20.0808    0.0145   0.3349   0.0254   3.0032
20.4912    0.0186   0.3126   0.0326   1.6516
20.3991    0.0177   0.4112   0.0311   2.7695
20.6488    0.0201   0.3406   0.0354   1.6133
19.8307    0.0122   0.3004   0.0213   3.2465
19.8011    0.0122   0.3154   0.0213   3.2500
20.4022    0.0174   0.2761   0.0306   1.6804
19.8139    0.0122   0.2410   0.0212   3.2535
20.5846    0.0195   0.3157   0.0344   1.6267
20.2473    0.0159   0.3380   0.0278   2.9563
20.4157    0.0177   0.2816   0.0311   1.6735
20.1223    0.0148   0.3601   0.0259   2.9263
20.2932    0.0165   0.3229   0.0289   2.8350
20.5796    0.0194   0.2379   0.0341   1.6301
20.2983    0.0169   0.2680   0.0296   1.6952
20.2558    0.0161   0.3284   0.0283   2.9209
20.5157    0.0186   0.2569   0.0326   1.6516
19.7440    0.0117   0.2886   0.0203   3.2967
20.3760    0.0174   0.2619   0.0306   1.6804
19.7730    0.0119   0.2812   0.0207   3.2658
20.6088    0.0198   0.3243   0.0349   1.6200
19.9005    0.0128   0.3026   0.0223   3.1900
20.5765    0.0195   0.3281   0.0344   1.6267
20.6663    0.0205   0.3521   0.0361   1.6029
20.2997    0.0169   0.2511   0.0296   1.6952
20.4396    0.0184   0.3144   0.0323   1.6559
19.9379    0.0132   0.3201   0.0231   3.1366
20.3963    0.0175   0.3020   0.0308   1.6770
20.5670    0.0198   0.2916   0.0349   1.6200
20.3256    0.0169   0.2997   0.0298   2.7936
20.0456    0.0143   0.3432   0.0249   3.0230
20.5646    0.0194   0.1678   0.0341   1.6301
20.3085    0.0169   0.2977   0.0296   1.6952
20.2321    0.0158   0.3176   0.0278   2.8657
20.2192    0.0157   0.3136   0.0275   2.9853
20.5423    0.0195   0.2895   0.0344   1.6267
20.2757    0.0167   0.3106   0.0293   1.7001
20.4017    0.0177   0.3373   0.0311   1.6735
20.1224    0.0148   0.3312   0.0260   2.9217
19.9490    0.0135   0.3380   0.0236   3.0806
19.6342    0.0109   0.2756   0.0189   3.3523
20.1855    0.0152   0.3462   0.0267   2.8791
20.1736    0.0155   0.3307   0.0271   2.9796
20.0564    0.0141   0.3710   0.0247   3.0528
20.6302    0.0201   0.2758   0.0354   1.6133
20.5267    0.0190   0.2922   0.0334   1.6407
20.1461    0.0150   0.3410   0.0264   3.0115
20.6622    0.0206   0.2866   0.0362   1.6016
20.2803    0.0164   0.3031   0.0288   2.8724
20.1076    0.0148   0.3075   0.0259   3.0493
20.3340    0.0172   0.3477   0.0302   1.6863
20.3540    0.0171   0.2967   0.0300   1.6893
19.9555    0.0134   0.3080   0.0233   3.1723
20.6091    0.0198   0.3144   0.0349   1.6200
20.1031    0.0148   0.3963   0.0260   3.0570
19.8447    0.0124   0.2862   0.0216   3.2410
20.6250    0.0201   0.2965   0.0354   1.6133
20.6446    0.0200   0.2935   0.0351   1.6166
20.4619    0.0186   0.3537   0.0327   1.6509
19.9673    0.0135   0.3339   0.0236   3.1238
20.2496    0.0160   0.3470   0.0282   2.9292
20.0643    0.0144   0.3248   0.0252   2.9989
19.7543    0.0116   0.2718   0.0201   3.3031
20.0106    0.0139   0.3166   0.0242   3.0982
20.5433    0.0192   0.3656   0.0337   1.6357
20.5707    0.0197   0.2820   0.0346   1.6234
20.0195    0.0139   0.3201   0.0242   3.1260
19.9730    0.0137   0.3532   0.0240   1.7797
19.5263    0.0102   0.3504   0.0175   3.3544
19.9451    0.0133   0.3316   0.0232   1.7927
19.6543    0.0109   0.2983   0.0189   3.2535
19.4398    0.0096   0.3214   0.0164   3.4396
19.4990    0.0099   0.2960   0.0171   3.4341
19.9769    0.0134   0.3131   0.0234   1.7891
20.2152    0.0157   0.3346   0.0276   1.7260
19.6707    0.0113   0.3339   0.0196   3.3076
20.0649    0.0144   0.2837   0.0252   1.7620
19.5572    0.0103   0.3098   0.0178   3.3438
19.5532    0.0105   0.3022   0.0181   3.3791
19.5437    0.0102   0.2794   0.0176   3.4099
20.3154    0.0164   0.2610   0.0288   1.7068
19.8405    0.0125   0.3283   0.0218   3.1789
20.1837    0.0155   0.2760   0.0271   1.7327
20.0807    0.0145   0.2918   0.0254   1.7594
19.8293    0.0124   0.3091   0.0215   3.1610
20.1190    0.0149   0.2645   0.0261   1.7484
20.1538    0.0150   0.2702   0.0263   1.7452
20.2749    0.0163   0.2967   0.0286   1.7106
20.1645    0.0151   0.3159   0.0265   1.7421
20.0601    0.0143   0.3494   0.0250   2.9771
19.6661    0.0112   0.2978   0.0195   3.3234
20.1457    0.0151   0.2848   0.0265   1.7421
20.2146    0.0157   0.2856   0.0276   1.7260
19.7831    0.0120   0.2898   0.0208   3.2104
19.5232    0.0101   0.3116   0.0173   3.3966
19.4449    0.0096   0.2952   0.0165   3.4466
19.9645    0.0134   0.3878   0.0234   1.7891
19.9788    0.0137   0.3154   0.0240   1.7797
20.3019    0.0164   0.3062   0.0288   1.7068
20.0434    0.0141   0.3170   0.0246   1.7703
20.2614    0.0161   0.3273   0.0283   1.7145
19.8162    0.0123   0.3460   0.0214   3.1017
19.9554    0.0135   0.3303   0.0236   1.7860
19.5281    0.0101   0.3319   0.0174   3.3678
19.9600    0.0134   0.3173   0.0234   1.7891
19.6344    0.0110   0.3322   0.0190   3.2384
20.0220    0.0141   0.3317   0.0246   1.7703
20.0799    0.0143   0.3172   0.0250   2.9771
20.0133    0.0140   0.3382   0.0245   2.9479
19.9202    0.0131   0.3234   0.0229   1.7967
19.7713    0.0118   0.2950   0.0205   3.2494
19.9247    0.0132   0.3509   0.0231   1.7940
19.7682    0.0119   0.3329   0.0207   3.1390
20.1129    0.0144   0.2767   0.0252   1.7620
20.0904    0.0144   0.2829   0.0252   1.7620
20.1583    0.0151   0.3157   0.0265   1.7421
20.0219    0.0141   0.2489   0.0246   1.7703
19.5791    0.0105   0.3143   0.0181   3.3171
20.1386    0.0148   0.2760   0.0259   1.7513
19.6037    0.0106   0.3290   0.0183   3.3140
19.9376    0.0132   0.3221   0.0231   1.7940
20.1972    0.0153   0.2840   0.0269   1.7358
19.8389    0.0123   0.3375   0.0214   3.1253
19.8813    0.0128   0.2989   0.0223   3.1219
20.0677    0.0145   0.3499   0.0254   1.7594
19.8407    0.0124   0.3231   0.0215   3.2072
19.5559    0.0104   0.3245   0.0179   3.3999
20.2041    0.0155   0.2879   0.0271   1.7327
20.2398    0.0161   0.2976   0.0283   1.7145
19.6584    0.0110   0.4283   0.0191   1.8616
19.5327    0.0103   0.5022   0.0177   1.8854
19.8818    0.0128   0.3300   0.0223   1.8072
19.1354    0.0078   0.4343   0.0131   3.5175
19.6911    0.0115   0.4185   0.0199   1.8472
19.6941    0.0113   0.4348   0.0197   1.8511
19.9079    0.0129   0.3618   0.0224   1.8051
19.2577    0.0085   0.3926   0.0144   3.5029
19.5982    0.0107   0.4781   0.0185   1.8711
19.4259    0.0096   0.3657   0.0164   3.4251
19.8301    0.0125   0.3662   0.0218   1.8158
19.0881    0.0076   0.3310   0.0127   3.6280
19.2668    0.0085   0.4140   0.0145   3.4849
19.3649    0.0091   0.4483   0.0156   3.3061
19.4940    0.0099   0.4086   0.0170   3.2045
19.8725    0.0127   0.3371   0.0221   1.8112
19.5947    0.0106   0.4682   0.0183   1.8749
18.9704    0.0069   0.3955   0.0115   3.6906
19.7612    0.0117   0.4162   0.0203   1.8409
19.6827    0.0114   0.3921   0.0197   3.1004
19.7175    0.0115   0.4038   0.0199   1.8472
19.7270    0.0115   0.4066   0.0200   1.8451
19.8711    0.0128   0.3429   0.0223   1.8072
19.9052    0.0127   0.3503   0.0222   1.8092
19.9200    0.0129   0.3267   0.0225   1.8031
19.3348    0.0090   0.3267   0.0154   3.4818
19.2685    0.0085   0.3612   0.0145   3.5407
19.5142    0.0100   0.5089   0.0173   1.8923
19.8075    0.0123   0.3605   0.0214   1.8220
19.8462    0.0125   0.3443   0.0218   1.8158
19.5189    0.0100   0.3646   0.0173   3.2885
19.2437    0.0084   0.3426   0.0143   3.5555
19.9144    0.0129   0.3671   0.0224   1.8051
19.8057    0.0121   0.3803   0.0210   1.8281
19.6765    0.0113   0.4103   0.0196   1.8529
19.8200    0.0123   0.3280   0.0214   1.8220
19.4968    0.0100   0.4364   0.0171   3.2431
19.5791    0.0105   0.4717   0.0181   1.8785
19.6736    0.0113   0.4485   0.0196   1.8529
19.8646    0.0127   0.3525   0.0221   1.8112
19.6625    0.0112   0.4108   0.0194   1.8563
19.3207    0.0089   0.3139   0.0151   3.5072
18.8134    0.0062   0.5017   0.0101   3.7639
19.4746    0.0097   0.4254   0.0166   3.2580
19.1267    0.0077   0.3524   0.0130   3.6169
19.4173    0.0095   0.4991   0.0162   3.1979
19.4810    0.0099   0.5169   0.0171   1.8958
19.6573    0.0110   0.4346   0.0191   1.8616
19.4853    0.0099   0.5146   0.0171   1.8958
19.4812    0.0099   0.3569   0.0171   3.3207
19.7442    0.0118   0.3741   0.0205   1.8367
19.8367    0.0123   0.3528   0.0214   1.8220
19.5153    0.0101   0.5110   0.0175   1.8889
19.6233    0.0108   0.4595   0.0187   1.8673
19.4773    0.0099   0.3378   0.0169   3.3769
18.7587    0.0060   1.1331   0.0097   3.6730
18.9110    0.0066   1.1039   0.0109   3.6158
18.0882    0.0035   1.7822   0.0049   3.4469
19.0821    0.0075   1.6161   0.0126   1.9713
18.9657    0.0069   1.6044   0.0114   1.9942
19.0531    0.0074   1.6188   0.0124   1.9748
18.7907    0.0061   1.2051   0.0099   3.6117
18.5560    0.0051   0.9078   0.0080   3.8444
18.8326    0.0063   1.1786   0.0104   3.6111
18.6659    0.0055   1.0041   0.0088   3.7914
19.0490    0.0073   1.2755   0.0122   3.4496
19.0706    0.0075   1.3730   0.0125   3.3528
19.1907    0.0081   1.6028   0.0137   1.9468
18.9611    0.0069   1.6018   0.0114   1.9942
17.7684    0.0026   2.2021   0.0032   1.9212
19.0466    0.0073   1.6203   0.0122   1.9782
18.5590    0.0051   1.0406   0.0081   3.8196
19.4234    0.0094   0.4654   0.0162   1.9061
19.0113    0.0071   1.3360   0.0118   3.4281
17.4873    0.0019   2.3278   0.0018   1.9221
19.4783    0.0097   1.2344   0.0166   3.2711
19.3343    0.0089   1.6529   0.0152   1.9162
18.9507    0.0068   1.6210   0.0113   1.9977
19.3355    0.0088   1.3796   0.0150   3.2554
18.9463    0.0068   1.3469   0.0113   3.4252
18.7680    0.0060   1.0613   0.0097   3.7049
19.0054    0.0071   1.3067   0.0118   3.4285
18.9327    0.0067   1.5992   0.0111   2.0002
18.7087    0.0058   1.0013   0.0093   3.7657
18.7169    0.0058   1.1580   0.0093   3.6618
18.8263    0.0062   1.4205   0.0102   3.3988
19.1495    0.0078   1.6012   0.0132   1.9576
18.8217    0.0062   1.0188   0.0102   3.6928
19.2103    0.0082   0.3883   0.0139   3.3174
18.9291    0.0067   1.4202   0.0110   3.3823
18.7459    0.0059   0.9847   0.0095   3.7519
18.6453    0.0055   1.0502   0.0088   3.7676
18.3866    0.0045   1.6699   0.0068   3.8530
19.0004    0.0071   1.2458   0.0118   3.4675
19.0431    0.0073   1.6040   0.0122   1.9782
19.1809    0.0080   1.6084   0.0136   1.9487
19.0662    0.0074   0.4349   0.0124   3.5691
19.4340    0.0095   0.4813   0.0163   1.9051
18.8690    0.0065   1.0695   0.0106   3.6456
18.7742    0.0060   1.2404   0.0098   3.5811
18.8842    0.0066   1.3855   0.0108   3.4109
18.7210    0.0058   0.9972   0.0093   3.7630
18.8713    0.0065   1.7986   0.0107   1.9177
18.7315    0.0058   1.3578   0.0095   3.5303
18.6376    0.0055   1.6363   0.0088   2.0476
18.5839    0.0053   1.2025   0.0083   3.7063
18.6887    0.0057   1.3705   0.0091   3.5175
18.7312    0.0058   1.6271   0.0094   2.0342
18.5600    0.0051   1.0906   0.0081   3.7835
18.8906    0.0066   1.6096   0.0108   2.0069
18.5068    0.0049   1.4602   0.0077   3.5112
18.7231    0.0058   1.6357   0.0094   2.0342
18.5661    0.0052   1.6686   0.0082   2.0585
18.2662    0.0041   1.3826   0.0060   3.7452
18.6238    0.0054   1.1727   0.0086   3.7026
18.8577    0.0064   1.6043   0.0104   2.0137
18.9079    0.0066   1.6170   0.0110   2.0036
18.7420    0.0058   1.6166   0.0094   2.0342
18.8339    0.0063   1.6131   0.0103   2.0171
18.2578    0.0040   1.6282   0.0060   3.9551
18.8141    0.0062   1.6288   0.0101   2.0204
18.1027    0.0036   1.9028   0.0051   2.0738
18.7499    0.0059   1.6385   0.0096   2.0307
18.5770    0.0052   1.6581   0.0082   2.0585
18.4777    0.0048   1.7211   0.0075   2.0687
18.4332    0.0046   1.0753   0.0071   3.8837
18.8358    0.0063   1.6127   0.0103   2.0171
18.6521    0.0055   1.2494   0.0088   3.6337
17.9376    0.0030   1.5805   0.0041   3.7575
16.9761    0.0009   2.4463  -0.0001   2.0824
18.5598    0.0051   1.3685   0.0081   3.5888
18.0721    0.0035   1.6213   0.0049   4.0319
18.5680    0.0052   1.4059   0.0082   3.5337
18.7293    0.0059   1.3481   0.0095   3.5257
17.8294    0.0027   2.0423   0.0035   2.0773
18.5440    0.0050   1.3499   0.0079   3.6089
18.2646    0.0040   1.1517   0.0060   3.9241
18.5555    0.0051   1.6725   0.0080   2.0608
18.5530    0.0051   1.6769   0.0080   2.0608
