#ID x y mag e_mag col1 e_col1 memb_prob sel
2309     1027.870000 1128.970000  19.2980   0.0100   1.6180   0.0180   1.0000      1
1745     1031.710000 976.530000  19.3740   0.0110   1.5320   0.0200   1.0000      1
2218     1150.600000 1099.230000  19.8490   0.0110   1.3560   0.0250   1.0000      1
1803     1087.530000 993.130000  19.2780   0.0140   1.6250   0.0240   1.0000      1
2315     1057.870000 1129.830000  19.7150   0.0140   1.5320   0.0280   1.0000      1
2361     1201.160000 1152.490000  19.3710   0.0150   1.5650   0.0210   1.0000      1
2229     1122.900000 1103.380000  19.3620   0.0150   1.6390   0.0250   1.0000      1
1979     1105.110000 1039.450000  19.3710   0.0200   1.5580   0.0350   1.0000      1
2422     1135.440000 1177.120000  20.5560   0.0230   0.7980   0.0300   1.0000      1
2099     1088.540000 1067.580000  19.8210   0.0320   1.4210   0.0500   1.0000      1
2213     1118.520000 1097.930000  18.8120   0.0080   1.7120   0.0160   0.9990      1
2071     1186.380000 1060.360000  18.9250   0.0090   1.2610   0.0150   0.9990      1
2080     1164.730000 1063.730000  18.8730   0.0090   1.4720   0.0170   0.9990      1
1755     1197.630000 979.080000  19.1190   0.0100   1.3810   0.0150   0.9990      1
2211     1062.550000 1097.060000  18.9070   0.0100   1.2520   0.0170   0.9990      1
1786     1091.820000 988.170000  19.6140   0.0210   1.6020   0.0340   0.9990      1
1826     963.870000 999.340000  20.5090   0.0230   0.8840   0.0360   0.9990      1
2308     1068.740000 1128.090000  20.6230   0.0450   0.8560   0.0600   0.9990      1
2095     1250.680000 1065.680000  19.0420   0.0090   1.3760   0.0150   0.9980      1
2105     1056.490000 1069.210000  18.1370   0.0100   1.6730   0.0180   0.9980      1
1993     1121.120000 1043.210000  19.2780   0.0210   1.5480   0.0370   0.9980      1
1576     1045.520000 914.670000  19.1180   0.0100   1.4210   0.0160   0.9970      1
2110     1073.940000 1070.010000  19.2890   0.0170   1.4350   0.0240   0.9970      1
2275     1132.420000 1118.480000  21.0600   0.0330   1.5360   0.0610   0.9970      1
2237     973.770000 1105.370000  17.7360   0.0070   2.0750   0.0110   0.9960      1
1882     1198.500000 1014.890000  17.7720   0.0070   2.0400   0.0110   0.9960      1
1813     1168.600000 995.860000  19.0350   0.0080   1.3660   0.0150   0.9960      1
2025     946.270000 1052.060000  19.0590   0.0090   1.3940   0.0160   0.9960      1
1630     1173.390000 938.420000  21.1260   0.0310   1.5230   0.0620   0.9960      1
1968     1214.250000 1038.040000  19.0330   0.0080   1.3600   0.0190   0.9950      1
1878     977.580000 1013.600000  18.9400   0.0100   1.4250   0.0160   0.9950      1
2313     1118.610000 1129.460000  19.1230   0.0100   1.4280   0.0190   0.9950      1
2032     1008.860000 1053.290000  18.9190   0.0110   1.6680   0.0170   0.9950      1
2449     1079.220000 1188.330000  17.9340   0.0060   1.8010   0.0120   0.9940      1
1583     1116.690000 918.320000  19.5780   0.0150   1.5430   0.0230   0.9940      1
1955     1153.870000 1035.730000  19.2120   0.0180   1.3960   0.0220   0.9940      1
2310     1144.410000 1129.040000  19.8220   0.0220   1.2590   0.0380   0.9940      1
2246     1097.340000 1108.340000  19.6640   0.0380   1.5870   0.0820   0.9940      1
1739     1183.370000 974.800000  18.9560   0.0110   1.6920   0.0160   0.9930      1
2350     1116.560000 1146.650000  19.0960   0.0070   1.3760   0.0160   0.9920      1
2028     986.860000 1052.540000  18.9260   0.0090   1.4330   0.0140   0.9920      1
2094     1234.670000 1065.650000  18.5040   0.0090   1.5710   0.0160   0.9920      1
1880     1090.660000 1014.150000  18.9570   0.0120   1.7140   0.0230   0.9920      1
2051     1135.350000 1057.410000  18.7660   0.0130   1.5920   0.0190   0.9920      1
1768     1073.430000 982.380000  19.1430   0.0130   1.3860   0.0200   0.9920      1
1664     1003.610000 950.350000  19.1360   0.0200   1.6130   0.0270   0.9920      1
2208     1023.690000 1095.810000  20.6580   0.0230   1.4400   0.0500   0.9920      1
2267     1121.330000 1116.900000  18.8210   0.0100   1.3500   0.0130   0.9910      1
2150     1120.110000 1080.280000  18.9560   0.0100   1.7380   0.0180   0.9910      1
2193     1149.390000 1091.350000  19.0520   0.0120   1.3520   0.0200   0.9910      1
1899     1151.780000 1021.490000  19.0370   0.0140   1.3450   0.0210   0.9910      1
1935     1073.260000 1030.780000  19.2410   0.0180   1.6720   0.0270   0.9910      1
1952     1128.980000 1035.020000  19.3750   0.0210   1.4510   0.0330   0.9910      1
2085     1132.860000 1064.600000  21.2360   0.0380   1.7420   0.1410   0.9910      1
2459     1210.180000 1193.120000  19.0630   0.0080   1.3770   0.0130   0.9900      1
1725     1036.500000 969.710000  18.9740   0.0090   1.3600   0.0150   0.9900      1
2018     1006.850000 1049.440000  19.0600   0.0100   1.4360   0.0170   0.9900      1
2301     1210.170000 1127.110000  18.9150   0.0110   1.2880   0.0170   0.9900      1
1927     1214.670000 1028.720000  19.0970   0.0090   1.3710   0.0180   0.9890      1
2506     1139.700000 1213.200000  18.9820   0.0080   1.6620   0.0130   0.9880      1
1890     1116.150000 1018.720000  16.2770   0.0170   2.8440   0.0230   0.9880      1
2082     1084.660000 1064.130000  18.8670   0.0220   1.5020   0.0380   0.9880      1
2323     1160.380000 1135.000000  18.7430   0.0130   1.6010   0.0210   0.9870      1
1791     1139.600000 989.700000  18.8660   0.0090   1.3410   0.0140   0.9860      1
1930     1120.520000 1029.130000  18.4580   0.0130   1.6570   0.0220   0.9860      1
2084     1178.830000 1064.590000  20.9400   0.0310   1.5050   0.0670   0.9860      1
2040     1056.940000 1054.920000  16.1970   0.0080   2.9540   0.0110   0.9850      1
1957     1120.990000 1035.770000  18.1510   0.0200   1.6520   0.0330   0.9850      1
1597     1135.660000 926.050000  20.1770   0.0160   1.4750   0.0320   0.9840      1
1673     1237.810000 953.560000  20.6740   0.0670   0.7510   0.0770   0.9830      1
1730     1126.130000 972.020000  19.1500   0.0110   1.3970   0.0190   0.9820      1
2104     1112.220000 1068.750000  18.5410   0.0130   1.6990   0.0220   0.9820      1
1887     1130.270000 1017.880000  18.0270   0.0110   1.7580   0.0170   0.9810      1
1994     1056.530000 1043.370000  20.6370   0.0560   0.6060   0.0630   0.9810      1
1933     1124.780000 1030.730000  18.8980   0.0090   1.4810   0.0180   0.9800      1
2205     1087.030000 1094.120000  18.4160   0.0070   1.7900   0.0140   0.9790      1
2160     1010.610000 1082.230000  18.2310   0.0140   1.8400   0.0230   0.9790      1
2035     1180.500000 1054.290000  20.6900   0.0260   1.4120   0.0560   0.9790      1
1676     1001.070000 954.220000  20.0240   0.0580   1.6120   0.0710   0.9790      1
1898     1008.120000 1021.250000  18.8470   0.0140   1.6420   0.0230   0.9780      1
2046     1064.890000 1056.480000  20.3700   0.0290   1.6800   0.0620   0.9780      1
1889     1167.510000 1018.620000  21.0690   0.0380   1.4890   0.0910   0.9780      1
1682     1070.470000 955.950000  20.6350   0.0250   1.5140   0.0470   0.9770      1
1520     1115.690000 889.590000  19.0620   0.0100   1.6500   0.0180   0.9760      1
1977     1042.060000 1038.970000  21.2190   0.0420   1.4740   0.0760   0.9760      1
1835     1036.260000 1003.340000  20.8840   0.0280   1.4840   0.0550   0.9750      1
2057     1190.170000 1058.010000  19.0690   0.0140   1.3580   0.0200   0.9740      1
2003     1070.160000 1046.190000  18.8450   0.0150   1.6000   0.0250   0.9740      1
2001     1082.490000 1045.860000  18.8510   0.0230   1.5550   0.0370   0.9740      1
2020     1064.230000 1050.270000  20.1880   0.0200   1.4730   0.0430   0.9730      1
2135     1111.820000 1076.250000  18.8680   0.0350   1.4740   0.0510   0.9730      1
2492     1035.820000 1205.460000  16.8730   0.0040   2.5110   0.0080   0.9720      1
1830     1148.890000 1001.110000  19.2840   0.0220   1.4140   0.0360   0.9720      1
1967     1067.760000 1037.750000  20.5880   0.0610   0.9820   0.0840   0.9720      1
2290     1134.000000 1122.770000  20.0870   0.0240   1.2970   0.0350   0.9710      1
2518     1063.420000 1222.180000  17.8640   0.0050  -0.2980   0.0090   0.9700      1
1719     1233.700000 967.000000  18.4810   0.0070  -0.3990   0.0100   0.9700      1
2271     1103.640000 1117.550000  20.3720   0.0260   1.1820   0.0440   0.9700      1
2269     1080.790000 1117.120000  18.9990   0.0110   1.3920   0.0170   0.9680      1
1736     990.820000 973.950000  19.9230   0.0180   1.4760   0.0290   0.9670      1
1711     1110.690000 964.230000  18.5430   0.0190   1.6480   0.0270   0.9660      1
1853     1061.340000 1008.030000  17.7120   0.0080   1.7650   0.0320   0.9650      1
2367     1226.990000 1154.980000  21.2830   0.0400   0.8330   0.0610   0.9650      1
1936     1162.210000 1031.160000  21.9610   0.0720   1.4100   0.1550   0.9650      1
2114     1115.440000 1070.840000  18.9030   0.0210   1.6710   0.0360   0.9640      1
2227     1228.100000 1103.290000  20.6390   0.0240   1.2820   0.0440   0.9640      1
2140     1148.100000 1077.260000  17.3890   0.0250   1.7500   0.0320   0.9640      1
2413     1067.850000 1171.780000  20.4600   0.0360   0.8680   0.0530   0.9640      1
2156     1255.560000 1081.490000  19.0040   0.0080   1.3820   0.0130   0.9630      1
1929     1083.550000 1028.880000  18.8250   0.0250   1.3790   0.0350   0.9630      1
2167     1049.250000 1083.880000  20.1520   0.0290   1.0250   0.0430   0.9630      1
2069     995.840000 1060.080000  19.3760   0.0120   1.1780   0.0200   0.9620      1
1639     1029.250000 942.360000  20.9180   0.0400   0.8060   0.0610   0.9620      1
1908     993.080000 1024.590000  20.3700   0.0390   1.0090   0.0870   0.9610      1
2098     1191.420000 1067.470000  20.1430   0.0180   1.3920   0.0360   0.9600      1
1858     1145.090000 1008.820000  17.8730   0.0230   1.6270   0.0560   0.9600      1
1866     1032.530000 1010.120000  21.3380   0.0510   0.8190   0.0870   0.9600      1
1705     1123.110000 962.050000  20.2550   0.0200   1.5110   0.0370   0.9580      1
2119     1082.170000 1071.820000  19.9010   0.0400   1.4490   0.0580   0.9580      1
1973     1077.250000 1038.400000  21.3190   0.0520   0.9360   0.0800   0.9580      1
2374     968.990000 1157.140000  19.1770   0.0120   1.4370   0.0180   0.9570      1
1959     1146.760000 1035.880000  18.9520   0.0120   1.2980   0.0230   0.9570      1
2347     1087.840000 1145.220000  21.2940   0.0400   0.9770   0.0620   0.9570      1
1797     972.370000 991.030000  21.3820   0.0420   0.7690   0.0640   0.9570      1
2109     1136.320000 1069.840000  21.2800   0.0430   0.7640   0.0640   0.9570      1
2134     1169.670000 1076.210000  21.2790   0.0600   0.9240   0.0840   0.9570      1
1869     1174.180000 1011.120000  20.6320   0.0220   1.2430   0.0450   0.9560      1
2039     1102.220000 1054.830000  20.7570   0.0690   0.8090   0.0840   0.9560      1
1810     1229.160000 994.960000  21.3920   0.0380   0.7170   0.0590   0.9550      1
1987     1196.680000 1041.670000  20.6470   0.0390   1.8500   0.0890   0.9550      1
2123     1101.170000 1072.690000  20.6870   0.0490   0.9820   0.0840   0.9550      1
2185     1219.490000 1089.830000  20.7440   0.0510   0.9450   0.0610   0.9550      1
2113     1106.530000 1070.500000  19.0010   0.0180   1.4120   0.0260   0.9540      1
2120     988.410000 1071.990000  21.3830   0.0530   0.7270   0.0710   0.9540      1
1875     1105.080000 1012.880000  20.3680   0.0530   0.9310   0.0760   0.9540      1
2122     976.700000 1072.090000  21.3750   0.0590   0.7600   0.0790   0.9540      1
2107     1033.960000 1069.660000  21.2970   0.0630   0.9430   0.0880   0.9540      1
1828     1110.830000 1000.050000  21.2540   0.0730   0.8480   0.0850   0.9540      1
1983     1239.320000 1040.890000  20.6360   0.0280   1.2820   0.0500   0.9530      1
1884     1097.660000 1015.770000  21.3860   0.0630   0.7950   0.0880   0.9530      1
1802     1063.140000 992.690000  21.2900   0.0700   0.7680   0.0960   0.9520      1
2355     1151.730000 1150.660000  18.8660   0.0110  -0.3680   0.0130   0.9510      1
2002     1052.590000 1045.890000  20.0890   0.0290   1.4950   0.0450   0.9510      1
1919     1172.760000 1026.740000  20.0690   0.0400   1.3830   0.0540   0.9500      1
2036     1089.800000 1054.350000  19.1810   0.0240   1.5800   0.0350   0.9490      1
1811     1043.880000 995.630000  21.4450   0.0430   0.7210   0.0710   0.9490      1
2196     1060.610000 1091.520000  21.2160   0.0500   0.8980   0.0750   0.9490      1
2244     1130.770000 1107.790000  21.4210   0.0570   0.8190   0.1070   0.9470      1
1834     1141.440000 1003.300000  20.0890   0.0580   1.1830   0.0830   0.9470      1
2328     1118.250000 1137.120000  18.9870   0.0100   1.3470   0.0180   0.9460      1
1687     1089.100000 957.390000  21.5390   0.0440   1.5980   0.1080   0.9460      1
1821     1028.620000 998.450000  21.4790   0.0510   0.7450   0.0700   0.9460      1
2103     1130.550000 1068.600000  21.3780   0.0510   0.9480   0.0760   0.9460      1
1948     1034.550000 1034.230000  21.2750   0.0520   0.7060   0.0670   0.9450      1
2052     1123.110000 1057.570000  18.8990   0.0130   1.3390   0.0190   0.9440      1
1924     1238.850000 1027.580000  20.3410   0.0330   1.2930   0.0440   0.9440      1
2021     1257.640000 1050.570000  21.5210   0.0400   0.8580   0.0800   0.9440      1
1733     1057.860000 973.260000  21.4050   0.0540   0.6570   0.0690   0.9440      1
2416     1188.140000 1172.470000  21.1320   0.0370   1.3240   0.0670   0.9430      1
2375     1153.690000 1157.460000  21.5160   0.0450   0.8750   0.0670   0.9430      1
2345     981.120000 1144.690000  21.5070   0.0570   0.7800   0.0730   0.9430      1
1861     1028.700000 1009.320000  20.9440   0.0400   0.6880   0.0650   0.9420      1
1603     1162.950000 927.850000  21.5100   0.0510   0.7150   0.0690   0.9410      1
2149     980.580000 1080.100000  18.5690   0.0090   1.3690   0.0140   0.9400      1
2170     1097.780000 1085.200000  20.8600   0.0450   1.4450   0.0740   0.9400      1
2029     1110.170000 1052.830000  20.8290   0.0560   0.7030   0.0730   0.9400      1
2066     1096.380000 1059.580000  21.4700   0.0720   0.8720   0.1160   0.9400      1
1784     1023.170000 988.070000  21.3840   0.0450   0.9740   0.0670   0.9390      1
1686     1099.790000 957.360000  21.5470   0.0510   0.8310   0.0850   0.9380      1
1838     1229.660000 1003.830000  21.5590   0.0540   1.2350   0.0850   0.9370      1
2335     1199.520000 1140.500000  21.4990   0.0570   0.9310   0.0780   0.9370      1
1964     1174.590000 1037.560000  21.5190   0.0670   0.7940   0.1070   0.9370      1
2026     1068.340000 1052.440000  20.8050   0.0690   0.7020   0.0920   0.9370      1
1961     1050.390000 1036.510000  21.5110   0.0740   0.8440   0.1070   0.9370      1
1817     1053.230000 996.570000  20.6810   0.0320   1.3160   0.0550   0.9360      1
2210     1078.230000 1096.660000  21.4690   0.0620   0.6710   0.0930   0.9360      1
2480     1189.180000 1199.640000  21.1660   0.0340   0.7760   0.0530   0.9350      1
2169     1137.600000 1084.190000  21.4710   0.0460   0.9400   0.0680   0.9350      1
2142     1078.300000 1078.060000  21.1780   0.0510   0.7920   0.0710   0.9350      1
2215     1157.960000 1098.700000  20.9830   0.0630   0.7360   0.0830   0.9350      1
1982     1061.260000 1040.660000  21.8170   0.0980  -0.2340   0.1170   0.9350      1
2460     1025.330000 1193.350000  21.5460   0.0460   1.1690   0.0760   0.9330      1
1779     1062.650000 986.050000  21.1740   0.0520   0.7710   0.0720   0.9330      1
2102     1157.700000 1068.300000  21.1820   0.0570   0.9080   0.0780   0.9330      1
1970     1112.370000 1038.120000  21.5080   0.0650   0.9560   0.1090   0.9330      1
2092     1075.910000 1065.510000  21.5150   0.0700   0.7240   0.0990   0.9330      1
1848     1160.510000 1007.080000  20.5600   0.0250   1.4850   0.0630   0.9320      1
2132     1071.790000 1075.650000  20.9000   0.0620   0.8770   0.0810   0.9320      1
2027     1133.080000 1052.470000  21.5590   0.0660   0.8290   0.1060   0.9300      1
1712     1097.110000 964.550000  21.5160   0.0750   0.7090   0.1010   0.9300      1
1777     1249.240000 985.840000  21.0760   0.0430   0.7160   0.0560   0.9270      1
2292     1093.950000 1123.320000  21.6890   0.0650   1.3130   0.1200   0.9260      1
1943     1058.200000 1033.310000  21.4670   0.0980   0.6910   0.1210   0.9260      1
2261     965.860000 1114.280000  21.4960   0.0410   1.1130   0.0830   0.9250      1
1560     1156.550000 906.760000  21.6000   0.0520   1.1800   0.0990   0.9250      1
2255     961.140000 1111.490000  21.5900   0.0580   0.8920   0.0820   0.9250      1
1655     1060.310000 947.250000  21.1220   0.0400   0.7580   0.0540   0.9240      1
1900     1258.140000 1021.620000  21.5650   0.0480   1.0730   0.0890   0.9240      1
1563     1094.050000 908.950000  21.5610   0.0580   1.0040   0.0790   0.9240      1
1971     965.670000 1038.190000  21.4950   0.0610   0.6330   0.0830   0.9240      1
1832     1098.610000 1001.840000  20.9740   0.0440   0.6540   0.0600   0.9230      1
2207     949.770000 1095.240000  21.5950   0.0470   0.9570   0.0740   0.9230      1
2377     1076.100000 1157.890000  21.5960   0.0520   0.8360   0.0800   0.9230      1
2163     1164.710000 1082.620000  20.9560   0.0650   0.6780   0.0850   0.9230      1
1591     1036.790000 921.890000  18.9890   0.0110   1.2760   0.0140   0.9220      1
2128     1033.580000 1074.890000  21.4790   0.0570   1.0690   0.1070   0.9220      1
2180     999.970000 1087.570000  21.3230   0.0340   1.0650   0.0520   0.9210      1
2299     1233.660000 1125.660000  21.5870   0.0440   0.7180   0.0710   0.9210      1
2023     1148.360000 1050.900000  21.5040   0.0840   0.6640   0.1020   0.9210      1
2033     998.210000 1053.440000  21.5990   0.0540   1.1380   0.0950   0.9200      1
1746     1113.980000 976.670000  21.5280   0.0800   0.6770   0.1100   0.9180      1
2200     1186.970000 1092.100000  21.3200   0.0370   1.5170   0.0810   0.9170      1
1617     1141.740000 932.600000  21.2170   0.0470   1.2580   0.0950   0.9170      1
1962     1138.970000 1036.860000  21.3300   0.0650   0.6230   0.0920   0.9160      1
2256     1151.290000 1111.840000  21.4940   0.0480   0.5930   0.0630   0.9150      1
1624     1065.730000 934.510000  21.5550   0.0510   0.6440   0.0690   0.9150      1
2232     1217.140000 1103.880000  21.3930   0.0550   0.5900   0.0700   0.9150      1
2312     1073.930000 1129.450000  21.6090   0.0580   0.8170   0.0880   0.9150      1
1986     1203.270000 1041.610000  21.5330   0.0790   0.6620   0.1050   0.9140      1
1814     1202.850000 996.110000  21.6050   0.0490   0.7300   0.0740   0.9130      1
2198     1168.700000 1091.900000  21.6160   0.0500   0.9420   0.0810   0.9130      1
1749     1132.510000 977.030000  21.6160   0.0640   0.8980   0.0880   0.9130      1
1953     1101.740000 1035.150000  21.5270   0.0940  -0.3510   0.1080   0.9130      1
1783     1201.050000 987.570000  20.7640   0.0350   0.4160   0.0420   0.9120      1
1704     1094.450000 961.870000  21.4390   0.0500   0.5950   0.0960   0.9120      1
1714     1089.690000 964.960000  21.1530   0.0330   1.2110   0.0820   0.9100      1
1602     1188.590000 927.300000  21.6220   0.0480   0.7760   0.0730   0.9090      1
2305     1109.950000 1127.370000  21.2700   0.0590   1.1140   0.1050   0.9090      1
2126     1207.650000 1074.400000  21.6270   0.0500   0.8310   0.0830   0.9080      1
2430     1214.870000 1180.420000  21.3840   0.0440   1.0680   0.0840   0.9050      1
2469     1137.730000 1195.010000  21.4740   0.0510   1.2720   0.0900   0.9050      1
1626     1089.930000 934.680000  21.3730   0.0610   0.6000   0.1070   0.9050      1
1978     1004.210000 1039.250000  21.8310   0.0600   0.8520   0.1030   0.9040      1
2333     1047.580000 1139.280000  21.8120   0.0620   0.8630   0.0970   0.9040      1
1920     1065.540000 1026.820000  18.8130   0.0140  -0.3440   0.0160   0.9030      1
2235     1138.280000 1105.110000  21.8070   0.0700   0.8820   0.0920   0.9030      1
2293     1089.680000 1123.760000  21.8030   0.0650   0.8510   0.1020   0.9010      1
1941     959.580000 1032.880000  21.8100   0.0740   0.9310   0.1060   0.9010      1
1516     1102.400000 885.990000  21.7850   0.0610   0.8390   0.0880   0.9000      1
1867     1043.060000 1010.210000  21.1040   0.0510   1.2840   0.0910   0.8990      1
1750     1221.620000 977.060000  21.7910   0.0570   0.7910   0.0840   0.8990      1
1764     1111.620000 980.980000  21.2780   0.0730   0.6130   0.0880   0.8990      1
2019     1127.350000 1049.980000  21.8440   0.0950   1.0130   0.1560   0.8990      1
2319     1184.150000 1131.860000  21.2730   0.0370   1.1550   0.0710   0.8980      1
2234     1075.880000 1104.890000  21.4540   0.0550   1.1950   0.0920   0.8980      1
2250     1078.250000 1109.670000  21.6270   0.0720   0.6990   0.0910   0.8980      1
2164     1125.720000 1082.870000  21.4240   0.0580   0.5650   0.0740   0.8970      1
2495     1181.060000 1206.840000  21.8740   0.0610   0.7840   0.0810   0.8970      1
1856     1234.730000 1008.240000  22.1270   0.0880   1.0070   0.1240   0.8970      1
1692     1182.970000 958.330000  21.1040   0.0380   1.2580   0.0680   0.8960      1
2330     1153.520000 1137.740000  21.8270   0.0660   0.7880   0.1020   0.8960      1
2067     1099.870000 1059.660000  21.8580   0.0860   0.8740   0.1400   0.8950      1
2484     1179.790000 1202.030000  21.7640   0.0500   0.7420   0.0750   0.8940      1
2258     1233.640000 1113.730000  21.7870   0.0550   0.7440   0.0880   0.8940      1
2372     1175.930000 1156.620000  21.8160   0.0630   0.7470   0.0860   0.8940      1
2418     1082.690000 1173.310000  21.6720   0.0680   0.7340   0.0860   0.8930      1
2190     1132.650000 1090.390000  21.6680   0.0550   0.8000   0.0890   0.8920      1
2369     1064.670000 1156.260000  21.9530   0.0710   0.8500   0.1050   0.8920      1
1726     1159.140000 970.470000  21.7170   0.0710   0.7960   0.1020   0.8910      1
1638     1115.420000 941.900000  21.8630   0.0750   0.7720   0.0990   0.8910      1
1668     1110.830000 951.050000  21.7920   0.0540   0.7160   0.0920   0.8900      1
1590     1174.360000 921.170000  21.6970   0.0610   0.7720   0.0870   0.8900      1
2091     988.620000 1065.490000  21.9440   0.0610   0.8170   0.0920   0.8900      1
1631     1068.850000 938.510000  21.6730   0.0620   0.7180   0.0860   0.8900      1
1893     1159.350000 1019.960000  21.7560   0.0810   0.7610   0.1090   0.8900      1
2228     1111.200000 1103.300000  21.8210   0.0670   0.7390   0.1050   0.8890      1
2004     1251.660000 1046.280000  21.6920   0.0500   0.7310   0.0710   0.8880      1
2075     1009.920000 1061.410000  21.9710   0.0650   0.8370   0.1000   0.8880      1
1794     1215.330000 990.260000  21.9220   0.0810   0.7990   0.1000   0.8870      1
2456     1190.040000 1192.140000  21.7210   0.0690   1.0560   0.0890   0.8850      1
1912     1060.160000 1025.440000  21.8390   0.1040   0.7980   0.1410   0.8850      1
2282     1142.290000 1121.920000  21.6830   0.0600   1.0100   0.0960   0.8840      1
2063     1022.050000 1059.250000  21.8770   0.0890   0.7750   0.1200   0.8840      1
2221     1100.570000 1100.830000  21.8520   0.1140   0.7900   0.1400   0.8830      1
1801     1103.290000 992.620000  20.8540   0.0390   0.5450   0.0500   0.8820      1
2151     1206.480000 1080.330000  21.7820   0.0550   0.6670   0.0810   0.8820      1
2195     1101.990000 1091.390000  21.0780   0.0500   0.8840   0.0670   0.8790      1
2159     1160.520000 1082.020000  21.4250   0.0580   1.2000   0.0930   0.8790      1
2077     1174.660000 1062.840000  21.8890   0.0710   0.7330   0.0990   0.8790      1
2202     1096.700000 1093.180000  21.6520   0.0770   0.6570   0.1050   0.8790      1
1672     1062.510000 953.370000  21.9020   0.0860   0.7580   0.1160   0.8780      1
2118     1041.210000 1071.760000  21.0190   0.0390   1.0100   0.0610   0.8770      1
1823     988.480000 998.830000  21.8020   0.0610   0.6580   0.0800   0.8770      1
1707     1170.890000 962.850000  21.8010   0.0640   0.6650   0.0930   0.8770      1
2303     1002.870000 1127.290000  21.7580   0.0580   0.6460   0.0800   0.8760      1
1886     1021.900000 1016.370000  21.5230   0.0690   0.5640   0.0870   0.8760      1
1599     1169.060000 926.450000  22.0620   0.0690   0.8510   0.1010   0.8750      1
2265     1002.310000 1115.810000  22.0480   0.0690   0.8410   0.1020   0.8740      1
2364     1112.590000 1154.120000  22.1240   0.0940   0.9170   0.1340   0.8740      1
1894     1035.120000 1020.150000  21.6430   0.0610   0.6270   0.0770   0.8730      1
2490     1142.930000 1203.250000  21.9130   0.0710   0.7340   0.1060   0.8730      1
2245     1114.620000 1108.250000  21.7130   0.0680   0.6480   0.0960   0.8720      1
2281     1105.060000 1121.830000  21.9290   0.0850   0.7550   0.1200   0.8720      1
1855     1126.290000 1008.240000  21.7230   0.0720   0.6440   0.0940   0.8710      1
2257     1063.250000 1112.530000  20.8220   0.0390   0.4040   0.0480   0.8690      1
2406     1134.150000 1169.910000  21.8700   0.0760   0.6770   0.1050   0.8670      1
1950     1189.690000 1034.530000  21.8190   0.0600   0.6290   0.0780   0.8660      1
1640     1057.530000 942.520000  21.7250   0.0720   0.6260   0.0950   0.8650      1
1728     1216.260000 971.740000  22.0760   0.0780   0.8210   0.1230   0.8600      1
2070     1158.250000 1060.130000  22.7800   0.1650   0.8470   0.2290   0.8600      1
1748     1151.770000 976.970000  21.9580   0.0700   0.7220   0.1040   0.8590      1
2233     1045.700000 1104.650000  22.0220   0.0850   0.7880   0.1410   0.8580      1
2147     1179.640000 1079.570000  22.0870   0.0880   0.8210   0.1270   0.8580      1
2259     1192.910000 1113.780000  21.1070   0.0370   1.0450   0.0540   0.8570      1
1703     1204.900000 960.860000  22.3310   0.0880   0.8890   0.1390   0.8570      1
1793     1155.750000 989.910000  21.7010   0.0640   0.6000   0.0820   0.8540      1
2509     1044.100000 1214.830000  20.9330   0.0310   1.2780   0.0560   0.8530      1
1954     1083.070000 1035.300000  20.8020   0.0370   1.0000   0.0550   0.8530      1
1888     1046.370000 1018.290000  20.8630   0.0590   0.4250   0.0740   0.8520      1
1685     1159.320000 957.230000  21.7290   0.0750   0.5960   0.0890   0.8520      1
2209     1103.870000 1096.080000  21.7460   0.0750   0.5950   0.0910   0.8520      1
2096     1123.010000 1065.720000  21.7770   0.0840   0.6060   0.1300   0.8520      1
2329     1177.880000 1137.730000  22.0210   0.0930   0.7520   0.1300   0.8520      1
2153     1240.460000 1080.900000  21.7680   0.0610   0.5870   0.0870   0.8510      1
2189     1068.750000 1090.300000  21.8200   0.1030   0.6180   0.1280   0.8510      1
2488     1122.670000 1202.990000  22.4770   0.1090   0.8400   0.1540   0.8510      1
2062     1105.590000 1058.510000  20.8850   0.0400   0.3480   0.0480   0.8500      1
2231     1206.620000 1103.570000  21.5950   0.0620   0.5700   0.0780   0.8500      1
1653     1146.730000 946.640000  21.6930   0.0730   0.5920   0.0900   0.8490      1
1778     1169.540000 986.000000  22.0110   0.0810   0.7230   0.1080   0.8480      1
1756     1124.050000 979.270000  21.0070   0.0540   0.5410   0.0740   0.8460      1
1671     1146.570000 952.730000  21.2250   0.0610   0.5650   0.0810   0.8460      1
1939     1093.180000 1032.420000  22.0810   0.0990   0.8260   0.1970   0.8460      1
2251     1082.870000 1110.260000  21.4840   0.0770   0.5180   0.0960   0.8440      1
2320     1051.820000 1133.680000  22.2970   0.0890   0.8370   0.1430   0.8440      1
2100     1006.330000 1067.630000  21.5010   0.0590   0.5150   0.0820   0.8430      1
2165     1211.320000 1082.960000  21.8710   0.0620   0.6000   0.0880   0.8430      1
1678     1045.220000 955.460000  22.0280   0.0880   0.7100   0.1220   0.8400      1
2298     1013.840000 1125.370000  22.2530   0.1100   0.8040   0.1350   0.8400      1
2388     1157.760000 1162.280000  22.2160   0.0910   0.7980   0.1320   0.8390      1
2276     1138.070000 1118.930000  22.0920   0.1000   0.7490   0.1370   0.8390      1
1877     1239.730000 1013.540000  21.9310   0.0770   0.6310   0.0970   0.8380      1
1833     1002.780000 1002.020000  22.0380   0.0640   0.6990   0.0960   0.8360      1
2306     1089.330000 1127.540000  22.3270   0.1050   0.8010   0.1630   0.8340      1
1760     1163.820000 979.790000  22.6180   0.1110   0.4950   0.1360   0.8340      1
2414     1037.530000 1171.910000  20.7190   0.0230   0.2270   0.0280   0.8330      1
2331     1041.010000 1137.750000  21.0160   0.0380   1.3030   0.0640   0.8330      1
2479     1013.900000 1199.590000  22.1320   0.0770   0.7460   0.1270   0.8330      1
1980     981.560000 1039.620000  21.8220   0.0740   0.5610   0.0950   0.8320      1
2090     1046.540000 1065.260000  22.4610   0.1690   0.7890   0.2410   0.8290      1
2263     1225.120000 1115.060000  21.9720   0.0650   0.6360   0.0880   0.8280      1
2225     1172.300000 1102.720000  21.8730   0.0680   0.5640   0.1200   0.8280      1
2249     1208.950000 1109.440000  22.0250   0.0730   0.6690   0.1070   0.8280      1
2473     1010.400000 1196.810000  22.2010   0.0850   0.7440   0.1220   0.8270      1
2357     1248.020000 1151.530000  22.0360   0.0640   0.6680   0.0860   0.8260      1
2088     1032.800000 1065.040000  21.4200   0.0840   0.5050   0.0960   0.8260      1
2435     1160.270000 1182.910000  22.3750   0.1040   0.7390   0.1360   0.8260      1
2409     1088.260000 1170.660000  22.5220   0.1240   0.6560   0.1500   0.8260      1
1667     1080.600000 950.870000  22.1060   0.0680   0.7020   0.1130   0.8250      1
2321     1174.040000 1134.370000  22.1570   0.0860   0.7210   0.1250   0.8240      1
2224     1270.510000 1101.570000  21.9900   0.0880   0.6310   0.1070   0.8240      1
1871     991.030000 1011.210000  22.5100   0.1160   0.6340   0.1470   0.8230      1
1732     1042.640000 972.260000  22.3010   0.1000   0.7410   0.1480   0.8220      1
2192     1117.780000 1090.690000  22.3720   0.1180   0.7300   0.1740   0.8210      1
1735     1174.240000 973.580000  22.5150   0.1350   0.6360   0.1810   0.8210      1
2041     1127.130000 1055.060000  20.6070   0.0520   0.2950   0.0580   0.8190      1
1976     1087.220000 1038.960000  22.2730   0.1230   0.7220   0.1660   0.8180      1
1659     1104.210000 948.540000  22.5750   0.1150   0.3740   0.1680   0.8170      1
2005     1192.040000 1046.500000  22.2990   0.1050   0.7130   0.1500   0.8160      1
1944     1096.330000 1033.420000  22.4130   0.1410   0.6820   0.2240   0.8140      1
2362     1090.940000 1152.910000  20.8860   0.0270   0.2800   0.0360   0.8120      1
2278     1194.980000 1120.080000  22.3570   0.0950   0.6780   0.1360   0.8110      1
1860     950.600000 1009.020000  22.2500   0.0840   0.6790   0.1170   0.8080      1
1675     1035.080000 953.980000  22.3460   0.0960   0.6680   0.1330   0.8080      1
2383     986.960000 1159.860000  22.2600   0.0860   0.6770   0.1150   0.8070      1
2214     1169.580000 1098.380000  22.2370   0.1000   0.6680   0.1440   0.8050      1
1642     1193.070000 942.590000  22.3270   0.1130   0.6470   0.1450   0.8020      1
1891     1059.850000 1018.910000  21.5720   0.0680   0.4390   0.1430   0.7950      1
1754     1066.020000 977.960000  21.8080   0.0860   0.4990   0.1000   0.7940      1
2175     1056.880000 1086.200000  21.7030   0.1060   0.4800   0.1270   0.7910      1
2188     985.370000 1090.030000  22.5070   0.1210   0.2710   0.1420   0.7870      1
1633     1014.760000 938.860000  21.2250   0.0350   0.4870   0.0450   0.7850      1
1580     1148.210000 915.930000  22.2660   0.1000   0.5910   0.1340   0.7850      1
1857     1131.380000 1008.750000  22.4450   0.1480   0.4510   0.1900   0.7830      1
1541     1118.120000 898.910000  22.0760   0.0800   0.5520   0.1060   0.7820      1
1568     1031.560000 911.620000  22.1300   0.0890   0.5550   0.1240   0.7790      1
1969     1220.940000 1038.070000  21.7280   0.0540   0.1370   0.0830   0.7780      1
2397     1023.620000 1166.530000  22.0660   0.0830   0.5350   0.1080   0.7770      1
2380     1017.570000 1158.560000  21.7150   0.0560   0.4930   0.0880   0.7750      1
1902     1232.900000 1021.820000  22.0970   0.0790   0.5340   0.1220   0.7750      1
1918     1162.970000 1026.260000  21.9980   0.0860   0.5000   0.1110   0.7710      1
1799     976.630000 992.260000  22.0080   0.0740   0.5070   0.0980   0.7690      1
1614     1057.390000 932.010000  22.4150   0.1080   0.4020   0.1290   0.7660      1
1636     1210.570000 940.290000  21.5940   0.0580   0.2570   0.0700   0.7600      1
1702     1075.480000 960.710000  21.5770   0.0620   0.2650   0.0710   0.7570      1
1923     1145.510000 1027.510000  21.8410   0.0880   0.4040   0.1320   0.7480      1
1552     1134.300000 903.700000  21.4890   0.0510   0.2340   0.0630   0.7460      1
1870     1160.640000 1011.210000  21.7140   0.0650   0.1870   0.0970   0.7440      1
1600     1152.370000 926.580000  22.1810   0.0970   0.4440   0.1370   0.7400      1
1873     999.750000 1012.230000  21.3700   0.0590   0.2050   0.0700   0.7350      1
1790     1238.040000 989.540000  21.5550   0.0520   0.4020   0.0690   0.7320      1
1774     998.280000 984.770000  21.5220   0.0690   0.2660   0.0910   0.7290      1
2173     1107.410000 1086.080000  18.1310   0.0110   2.1710   0.0170   0.9730      0
2332     994.860000 1138.610000  17.4120   0.0060   2.2060   0.0100   0.9680      0
1827     1074.480000 999.960000  16.1000   0.0070   2.9980   0.0120   0.9570      0
2507     1077.870000 1213.240000  19.4780   0.0170   3.2080   0.0480   0.9480      0
2307     1051.490000 1127.610000  19.9190   0.0190   1.1750   0.0450   0.9400      0
2247     1037.200000 1108.590000  18.1180   0.0100   1.6230   0.0150   0.9390      0
1825     1196.660000 999.210000  20.1290   0.0180   0.2990   0.0200   0.9280      0
2056     1086.690000 1058.000000  18.9750   0.0180   1.2860   0.0280   0.9180      0
2254     1104.690000 1111.180000  21.0190   0.0720  -0.4700   0.0860   0.9110      0
2378     1033.930000 1158.180000  20.4680   0.0180   1.2390   0.0590   0.9060      0
2470     1086.670000 1195.070000  20.1820   0.0210   0.0580   0.0240   0.8980      0
2022     1119.670000 1050.720000  18.8250   0.0210   1.2260   0.0330   0.8890      0
1747     1242.260000 976.910000  20.0130   0.0270   0.1160   0.0300   0.8890      0
2166     1019.540000 1083.350000  18.4960   0.0160   1.4450   0.0210   0.8810      0
2065     962.770000 1059.350000  20.5340   0.0260   1.4010   0.0440   0.8800      0
1925     1094.650000 1028.470000  22.1500   0.1020   1.0230   0.1950   0.8740      0
1862     1082.710000 1009.560000  18.6640   0.0130   1.4220   0.0190   0.8690      0
2184     1140.520000 1088.560000  22.2080   0.0960   0.9390   0.1440   0.8690      0
2199     1038.510000 1092.050000  21.0250   0.0750   0.5730   0.0930   0.8640      0
2010     1138.860000 1047.560000  22.1590   0.1050   0.9050   0.1510   0.8640      0
2238     1155.500000 1105.580000  22.1300   0.0850   0.8630   0.1310   0.8620      0
1752     1083.100000 977.600000  19.5040   0.0150   1.2800   0.0370   0.8540      0
1660     1213.920000 949.500000  21.0160   0.0470   0.5490   0.0570   0.8440      0
1547     1120.190000 901.700000  21.9160   0.0720   0.5810   0.1020   0.8230      0
1843     1043.380000 1004.780000  22.1850   0.0950   0.7230   0.1290   0.8230      0
2174     1173.580000 1086.090000  20.9050   0.0330  -0.0350   0.0390   0.8210      0
1963     1198.350000 1037.500000  21.9280   0.0800   0.5840   0.0990   0.8210      0
2410     1200.540000 1171.000000  22.1110   0.0880   0.6820   0.1090   0.8200      0
1776     1154.580000 985.840000  21.9220   0.0790   0.5760   0.0970   0.8190      0
1940     1204.030000 1032.660000  22.2090   0.0810   0.7120   0.1370   0.8160      0
2270     1032.260000 1117.220000  22.0940   0.0980   0.6580   0.1250   0.8150      0
2289     977.380000 1122.460000  22.0810   0.0870   0.6320   0.1090   0.8090      0
2068     1048.490000 1059.950000  20.8520   0.0280   0.1490   0.0370   0.8060      0
2346     1128.420000 1144.860000  22.1450   0.0820   0.6450   0.1180   0.8050      0
2013     1240.850000 1048.780000  20.5680   0.0290   1.1880   0.0480   0.7960      0
2058     1150.310000 1058.020000  22.0470   0.0690   0.5790   0.0960   0.7950      0
1849     1187.540000 1007.130000  22.1350   0.0910   0.5980   0.1230   0.7920      0
1737     1156.010000 974.200000  22.4270   0.1090   0.5370   0.1430   0.7910      0
1881     1074.260000 1014.370000  20.9310   0.0910   1.2260   0.1040   0.7870      0
1699     1041.450000 960.050000  22.2050   0.0920   0.5950   0.1250   0.7860      0
2358     1034.420000 1151.620000  22.3250   0.1040   0.5760   0.1430   0.7850      0
2351     1039.090000 1146.850000  22.2790   0.1180   0.5770   0.1610   0.7850      0
2240     950.260000 1106.970000  22.2690   0.1060   0.5660   0.1300   0.7780      0
1716     1078.130000 965.640000  22.1050   0.0910   0.5170   0.1060   0.7660      0
1850     995.520000 1007.200000  22.1100   0.0740   0.5070   0.0980   0.7610      0
2203     1006.030000 1093.540000  22.1820   0.0830   0.5120   0.1040   0.7590      0
1761     1172.670000 979.810000  22.1570   0.1020   0.4930   0.1290   0.7570      0
1611     1081.030000 930.710000  20.8100   0.0240   1.1700   0.0530   0.7550      0
1657     1160.990000 947.590000  22.1970   0.0970   0.4850   0.1280   0.7530      0
2356     1069.940000 1151.130000  22.3330   0.0920   0.4270   0.1230   0.7470      0
1681     1223.320000 955.900000  21.0680   0.0380   0.2720   0.0470   0.7390      0
2279     1047.660000 1120.170000  21.7200   0.0610   0.2340   0.0970   0.7240      0
1616     1088.410000 932.480000  21.6390   0.0580   0.3160   0.1010   0.7230      0
2006     1106.220000 1046.670000  20.7630   0.0870   0.1730   0.0970   0.7180      0
1985     1070.400000 1041.500000  21.0200   0.0700   0.3390   0.0830   0.7150      0
1625     1030.280000 934.530000  21.8980   0.0770   0.3930   0.0970   0.7100      0
2219     1131.190000 1099.330000  21.2420   0.0660   0.4290   0.0800   0.7050      0
1762     1096.740000 980.000000  20.7640   0.0470   1.2170   0.0780   0.7040      0
1549     1146.300000 902.900000  21.7070   0.0510   0.2980   0.0670   0.7030      0
1792     1133.890000 989.860000  21.2400   0.0470   0.0830   0.0590   0.6890      0
1649     1141.660000 945.420000  21.3110   0.0440   0.4040   0.0520   0.6880      0
2177     1079.090000 1086.960000  21.3100   0.0530   0.2950   0.0750   0.6860      0
2139     1141.180000 1077.170000  21.3520   0.0670   0.3830   0.0850   0.6770      0
2053     1112.710000 1057.630000  21.2900   0.0700   0.2100   0.0780   0.6770      0
2408     1077.630000 1170.520000  21.8820   0.0780   0.3400   0.0910   0.6680      0
2148     1168.050000 1079.870000  21.2630   0.0740   0.1930   0.0850   0.6450      0
1804     1117.860000 993.600000  21.0590   0.0360   0.1950   0.0450   0.6440      0
2017     1175.370000 1049.130000  22.0150   0.0870   0.1510   0.1020   0.5790      0
