#ID x y mag e_mag col1 e_col1 memb_prob sel
8648     295.090000 580.210000  18.7930   0.0230   1.0870   0.0390   0.2090      1
10175    509.650000 688.180000  17.8050   0.0060  -0.3840   0.0070   0.2040      1
9509     468.710000 641.660000  17.8050   0.0050  -0.3870   0.0070   0.2020      1
8909     494.140000 598.170000  17.7990   0.0220  -0.4420   0.0240   0.2000      1
6577     493.620000 433.180000  18.8720   0.0160   1.1000   0.0280   0.1980      1
10711    440.120000 726.110000  17.8830   0.0060  -0.5040   0.0070   0.1930      1
8768     569.770000 588.310000  18.3680   0.0080  -0.4110   0.0100   0.1930      1
10207    548.170000 690.410000  18.3980   0.0130  -0.3890   0.0140   0.1870      1
8628     341.560000 578.870000  18.1590   0.0100  -0.3040   0.0130   0.1860      1
8015     444.590000 535.020000  18.1400   0.0160  -0.2580   0.0190   0.1840      1
8187     343.260000 548.110000  18.8240   0.0120  -0.2290   0.0140   0.1810      1
9369     478.530000 631.660000  17.7640   0.0090  -0.3040   0.0110   0.1800      1
7754     559.090000 516.900000  18.4010   0.0180  -0.3890   0.0220   0.1770      1
7006     384.610000 463.840000  16.8310   0.0060  -0.3580   0.0080   0.1740      1
7426     455.220000 494.180000  18.0540   0.0080  -0.3210   0.0090   0.1740      1
9298     445.820000 626.100000  19.2700   0.0130  -0.2190   0.0160   0.1670      1
8399     517.120000 563.440000  16.8040   0.0080  -0.3780   0.0090   0.1640      1
10052    524.490000 679.610000  18.8030   0.0170   1.1560   0.0340   0.1580      1
6660     489.790000 440.350000  18.8200   0.0390   0.9320   0.0530   0.1570      1
7481     566.540000 497.590000  18.9140   0.0150   1.1270   0.0240   0.1520      1
8314     543.230000 557.420000  18.8130   0.0180  -0.2680   0.0220   0.1520      1
7507     450.830000 499.710000  18.7210   0.0070   1.5290   0.0170   0.1500      1
8868     391.610000 595.530000  19.0280   0.0090   1.5050   0.0170   0.1470      1
9585     581.760000 647.060000  19.7020   0.0260  -0.5190   0.0410   0.1470      1
9391     383.540000 632.540000  19.9930   0.0210  -0.2550   0.0250   0.1460      1
8795     395.830000 590.620000  21.4300   0.1290  -0.6250   0.1350   0.1430      1
7686     317.900000 512.010000  19.0300   0.0090   1.5630   0.0230   0.1370      1
9540     430.350000 643.900000  19.7400   0.0140  -0.3080   0.0170   0.1370      1
8412     503.900000 564.370000  17.8770   0.0280  -0.1390   0.0300   0.1360      1
8685     553.620000 581.920000  18.4150   0.0300  -0.0190   0.0450   0.1350      1
7699     497.500000 512.920000  18.8260   0.0220  -0.2670   0.0240   0.1330      1
9876     403.700000 667.750000  19.1150   0.0110  -0.3150   0.0130   0.1300      1
8196     508.940000 549.100000  20.0110   0.0230  -0.2000   0.0270   0.1300      1
8702     409.470000 583.920000  21.4010   0.0530  -0.3930   0.0720   0.1300      1
9268     342.420000 623.750000  19.2680   0.0290  -0.1530   0.0360   0.1290      1
8126     423.800000 543.660000  19.7550   0.0180  -0.3870   0.0390   0.1270      1
10053    574.360000 679.630000  19.2730   0.0150  -0.2710   0.0190   0.1260      1
7430     352.800000 494.310000  19.1450   0.0160  -0.3030   0.0170   0.1260      1
9577     352.530000 646.490000  19.9650   0.0250  -0.2490   0.0270   0.1260      1
8983     554.370000 603.170000  19.2810   0.0230  -0.1590   0.0270   0.1250      1
10193    483.340000 689.380000  19.9700   0.0300  -0.2410   0.0340   0.1240      1
8091     296.480000 540.790000  19.7480   0.0200  -0.3590   0.0560   0.1220      1
6875     396.850000 454.590000  20.0040   0.0210  -0.1860   0.0240   0.1220      1
9493     584.630000 639.820000  20.2900   0.0220  -0.1540   0.0270   0.1220      1
8382     463.870000 562.170000  19.7310   0.0190  -0.2950   0.0220   0.1210      1
7246     400.570000 481.410000  20.3220   0.0350  -0.2050   0.0380   0.1200      1
10326    347.320000 698.550000  18.9720   0.0130  -0.2410   0.0150   0.1160      1
7627     384.300000 507.570000  19.1200   0.0200  -0.2970   0.0220   0.1150      1
8441     351.540000 566.030000  19.3600   0.0140  -0.2350   0.0210   0.1120      1
8075     410.180000 539.880000  19.3030   0.0170  -0.2420   0.0230   0.1120      1
10215    445.470000 691.150000  20.1760   0.0200   0.1390   0.0270   0.1120      1
8713     530.130000 584.820000  16.6730   0.0260  -0.4120   0.0300   0.1120      1
9635     362.910000 650.140000  20.3810   0.0270  -0.2330   0.0320   0.1110      1
10074    331.710000 681.150000  19.0020   0.0150  -0.4030   0.0170   0.1100      1
9633     441.800000 649.980000  19.9520   0.0250  -0.2220   0.0280   0.1100      1
9766     452.730000 659.990000  20.2770   0.0380  -0.1560   0.0410   0.1100      1
10102    387.340000 683.280000  20.2570   0.0280  -0.1580   0.0340   0.1090      1
8147     484.320000 544.990000  21.3890   0.0760  -0.3730   0.0890   0.1080      1
9653     517.970000 651.910000  20.1800   0.0270   0.1490   0.0320   0.1070      1
9818     466.600000 663.760000  20.3740   0.0310  -0.2260   0.0420   0.1070      1
9537     531.560000 643.750000  20.3510   0.0410  -0.1940   0.0450   0.1070      1
9543     512.640000 644.030000  15.8120   0.0100  -0.1930   0.0120   0.1050      1
7648     475.620000 509.100000  18.9870   0.0140  -0.1950   0.0160   0.1030      1
8494     487.260000 569.970000  15.5590   0.0030   2.2830   0.0070   0.1020      1
7455     361.690000 495.780000  15.9820   0.0040   0.7190   0.0050   0.1020      1
7399     337.850000 492.500000  19.9500   0.0320  -0.2310   0.0380   0.1020      1
10528    425.650000 713.070000  20.1840   0.0190   0.1150   0.0250   0.1010      1
10666    456.140000 722.990000  20.0130   0.0290  -0.1710   0.0340   0.1010      1
7313     525.030000 486.500000  15.8360   0.0030  -0.4480   0.0050   0.1000      1
8964     527.680000 602.010000  14.1800   0.0130   2.5920   0.0200   0.1000      1
10281    361.700000 695.420000  20.2270   0.0220  -0.1550   0.0260   0.0970      1
9751     531.890000 659.070000  20.2260   0.0300  -0.0910   0.0350   0.0970      1
8755     500.650000 587.350000  15.0920   0.0160  -0.3330   0.0230   0.0960      1
8133     434.260000 544.040000  20.4300   0.0230   0.0970   0.0290   0.0950      1
8293     455.790000 555.890000  20.3820   0.0370  -0.3440   0.0420   0.0940      1
7331     472.680000 487.590000  20.2740   0.0340  -0.2010   0.0420   0.0930      1
6452     457.610000 424.610000  20.3570   0.0440  -0.1620   0.0500   0.0930      1
9515     591.090000 642.000000  20.2000   0.0260  -0.1180   0.0290   0.0920      1
10440    536.960000 707.000000  20.2480   0.0240   0.0580   0.0270   0.0910      1
10615    521.110000 719.390000  20.7290   0.0360  -0.0660   0.0410   0.0910      1
9156     400.900000 615.470000  20.7480   0.0430  -0.1020   0.0490   0.0910      1
8286     572.490000 555.480000  20.2490   0.0260   0.0710   0.0310   0.0890      1
9053     426.450000 609.030000  20.4320   0.0280   0.0940   0.0330   0.0880      1
8049     564.030000 537.780000  20.7840   0.0350  -0.0180   0.0440   0.0880      1
7805     431.740000 520.270000  20.4180   0.0310   0.1300   0.0370   0.0860      1
6990     443.810000 462.640000  20.2400   0.0320   0.0670   0.0400   0.0860      1
8475     439.260000 568.490000  20.7350   0.0390  -0.0400   0.0450   0.0860      1
7915     320.110000 528.260000  21.7370   0.0730   0.2920   0.0970   0.0860      1
9668     398.710000 653.110000  20.4180   0.0320   0.1040   0.0380   0.0850      1
10051    549.100000 679.600000  20.8140   0.0520  -0.0950   0.0590   0.0850      1
10296    557.660000 696.510000  21.7680   0.0900   0.2430   0.1160   0.0850      1
9230     324.430000 621.500000  21.4360   0.0590  -0.2730   0.0670   0.0770      1
9103     436.740000 612.490000  21.2230   0.0500  -0.2630   0.0570   0.0580      1
9299     393.400000 626.240000  17.8620   0.0060  -0.5470   0.0070   0.2280      0
9686     567.620000 655.000000  17.8060   0.0080  -0.5640   0.0170   0.1960      0
8471     481.140000 568.100000  18.3930   0.0160  -0.4310   0.0170   0.1740      0
8102     514.070000 541.940000  17.1510   0.0090  -0.4430   0.0100   0.1700      0
8300     534.470000 556.340000  17.0850   0.0180   2.3840   0.0360   0.1670      0
9244     355.490000 622.330000  18.2230   0.0200   0.6920   0.0230   0.1660      0
9314     519.030000 627.350000  17.8050   0.0100  -0.2410   0.0110   0.1640      0
8717     557.120000 585.150000  17.1370   0.0070  -0.3600   0.0130   0.1610      0
10669    496.730000 723.080000  17.6710   0.0100  -0.2370   0.0110   0.1480      0
9037     569.740000 608.030000  18.4700   0.0080   1.9800   0.0230   0.1460      0
7207     503.410000 478.610000  17.6110   0.0200  -0.2560   0.0210   0.1460      0
7445     464.610000 495.440000  17.1590   0.0170  -0.4480   0.0190   0.1440      0
8882     613.450000 596.530000  18.1470   0.0350  -0.2760   0.0360   0.1440      0
8582     579.080000 575.830000  17.0620   0.0040   2.5140   0.0110   0.1430      0
9763     327.770000 659.860000  17.6810   0.0060  -0.4650   0.0070   0.1410      0
6632     523.280000 438.230000  17.6910   0.0100  -0.4900   0.0110   0.1410      0
10124    410.460000 684.650000  16.6100   0.0030  -0.3350   0.0120   0.1370      0
8434     525.580000 565.770000  18.1700   0.0230  -0.2740   0.0290   0.1370      0
9838     497.190000 665.060000  18.2730   0.0370   0.5320   0.0400   0.1360      0
6743     378.510000 446.010000  17.4820   0.0070   1.7740   0.0130   0.1350      0
7566     549.110000 503.270000  19.0060   0.0110   1.5080   0.0210   0.1340      0
7978     352.520000 532.520000  18.2070   0.0090  -0.4460   0.0100   0.1330      0
9223     520.290000 621.140000  18.4010   0.0170  -0.3480   0.0180   0.1310      0
9939     389.000000 672.430000  17.0990   0.0040   2.2330   0.0090   0.1300      0
8526     515.520000 571.930000  18.3250   0.0220  -0.0860   0.0570   0.1290      0
8521     544.070000 571.500000  17.6900   0.0270  -0.3850   0.0350   0.1290      0
8925     562.970000 599.350000  18.4390   0.0110  -0.3700   0.0120   0.1260      0
9875     538.220000 667.500000  18.9380   0.0130   1.2240   0.0180   0.1250      0
8952     608.150000 601.530000  19.7080   0.0190   1.4980   0.0450   0.1250      0
9344     524.350000 629.630000  18.7370   0.0100   1.5950   0.0200   0.1220      0
8655     385.680000 580.490000  18.7430   0.0170   1.5220   0.0260   0.1220      0
8090     369.960000 540.760000  17.2460   0.0050   2.1730   0.0080   0.1210      0
8672     545.720000 581.520000  17.5350   0.0360  -0.2390   0.0430   0.1210      0
9259     568.460000 623.300000  17.1990   0.0040   2.4750   0.0130   0.1200      0
10721    465.800000 726.790000  19.0370   0.0140   1.5750   0.0260   0.1200      0
9315     302.580000 627.400000  19.0450   0.0130   1.5450   0.0230   0.1190      0
7884     538.210000 526.180000  18.7770   0.0110  -0.5860   0.0300   0.1170      0
10186    521.710000 688.820000  18.8900   0.0180   1.2400   0.0300   0.1170      0
7870     356.290000 525.280000  18.9150   0.0210   1.2520   0.0360   0.1170      0
10304    501.680000 696.970000  17.6210   0.0050  -0.3560   0.0060   0.1160      0
10065    342.390000 680.630000  18.7110   0.0080   1.5120   0.0160   0.1160      0
9910     591.520000 670.280000  19.4350   0.0200   0.8450   0.0280   0.1160      0
9848     452.390000 665.890000  19.6900   0.0160   1.5890   0.0390   0.1150      0
8575     459.790000 575.380000  17.7780   0.0040   1.8150   0.0120   0.1140      0
6772     355.070000 448.160000  18.1880   0.0100  -0.4320   0.0120   0.1140      0
8435     567.710000 565.770000  18.8640   0.0220   1.2190   0.0430   0.1130      0
9338     596.450000 629.390000  18.5230   0.0490   0.1140   0.0510   0.1130      0
9675     601.580000 653.980000  17.4460   0.0070  -0.2860   0.0090   0.1120      0
10520    397.630000 712.330000  20.2140   0.0360   0.9840   0.0460   0.1120      0
8371     546.730000 561.500000  18.4660   0.0150   1.7770   0.0310   0.1100      0
7865     313.260000 524.700000  18.7840   0.0140   0.0730   0.0150   0.1090      0
8028     399.640000 536.190000  18.2140   0.0090  -0.3410   0.0100   0.1060      0
8069     577.580000 539.270000  18.3480   0.0100   0.7130   0.0140   0.1060      0
10062    450.860000 680.390000  19.2280   0.0100   1.6460   0.0210   0.1060      0
7180     329.090000 476.440000  18.4650   0.0070   1.7460   0.0180   0.1040      0
8289     593.350000 555.750000  17.8980   0.0080  -0.3500   0.0160   0.1040      0
8566     349.180000 574.640000  19.4550   0.0180   1.2450   0.0300   0.1040      0
7101     476.330000 470.730000  17.2070   0.0040   2.1490   0.0080   0.1030      0
9994     454.460000 676.120000  19.1340   0.0100   1.6600   0.0180   0.1030      0
9483     405.000000 638.950000  16.8620   0.0040   0.3960   0.0050   0.1020      0
9044     497.180000 608.340000  16.0560   0.0100  -0.6250   0.0120   0.1020      0
8275     577.720000 554.850000  19.0580   0.0100   1.5820   0.0230   0.1020      0
8951     359.580000 601.520000  18.9180   0.0180   1.2800   0.0320   0.1020      0
9883     392.760000 668.350000  18.9830   0.0110   1.5120   0.0210   0.1010      0
7311     482.570000 486.310000  19.6880   0.0170   1.7420   0.0380   0.1010      0
8181     363.090000 547.770000  20.1290   0.0220   1.4690   0.0420   0.1010      0
10723    410.590000 726.880000  19.3400   0.0320  -0.1870   0.0410   0.1010      0
8803     364.680000 591.130000  16.6720   0.0050   2.5560   0.0180   0.1000      0
10243    514.570000 692.890000  19.0120   0.0100   1.4780   0.0260   0.1000      0
7095     531.350000 470.010000  20.0000   0.0230   0.4720   0.0280   0.1000      0
9227     528.220000 621.320000  18.9930   0.0350  -0.4570   0.0420   0.1000      0
9574     339.210000 646.360000  16.3000   0.0030   2.9360   0.0080   0.0990      0
8611     372.550000 577.740000  15.4720   0.0040   0.9470   0.0050   0.0990      0
9587     322.920000 647.130000  15.9220   0.0040   1.6260   0.0050   0.0990      0
7252     467.400000 482.090000  16.2930   0.0070   2.0420   0.0130   0.0990      0
9102     595.840000 612.470000  16.7020   0.0070   4.2530   0.0450   0.0990      0
8260     502.500000 553.610000  18.4040   0.0190   1.8970   0.0250   0.0990      0
10179    376.550000 688.450000  19.9710   0.0200   0.4390   0.0280   0.0990      0
8329     601.270000 558.550000  19.1840   0.0260  -0.3290   0.0290   0.0990      0
8209     439.670000 549.650000  17.4690   0.0040   1.2080   0.0100   0.0980      0
7717     553.550000 514.150000  17.0810   0.0050   1.1320   0.0070   0.0980      0
7899     493.400000 527.290000  19.2870   0.0420  -0.1180   0.0530   0.0980      0
7731     473.290000 515.210000  20.7330   0.0450  -0.4600   0.0650   0.0980      0
9219     576.150000 620.880000  16.0930   0.0040   1.8920   0.0070   0.0970      0
6591     370.610000 434.120000  17.2050   0.0070   1.7370   0.0090   0.0970      0
7075     564.760000 469.200000  20.1170   0.0220   1.4470   0.0470   0.0970      0
8792     352.620000 590.520000  17.3010   0.0230   0.7740   0.0320   0.0970      0
7033     367.280000 466.110000  19.1210   0.0090   1.6040   0.0180   0.0960      0
6555     453.380000 431.990000  19.0800   0.0110  -0.1910   0.0140   0.0960      0
7420     570.490000 493.920000  19.0370   0.0110   1.4660   0.0260   0.0960      0
7005     564.480000 463.830000  18.9930   0.0120   1.5370   0.0210   0.0960      0
6960     341.580000 460.700000  19.5260   0.0130   1.3570   0.0240   0.0960      0
8841     518.820000 593.740000  14.1260   0.0220   2.2550   0.0260   0.0960      0
6334     504.620000 416.710000  18.7640   0.0080  -0.4610   0.0120   0.0950      0
10399    381.080000 703.690000  18.3190   0.0100  -0.4430   0.0110   0.0950      0
8942     590.400000 600.890000  16.1060   0.0100  -0.4740   0.0120   0.0950      0
9618     371.120000 649.050000  18.3800   0.0100   1.7010   0.0150   0.0950      0
7061     351.840000 467.990000  18.9890   0.0120   1.4760   0.0240   0.0950      0
8130     457.770000 543.960000  19.1730   0.0220  -0.3350   0.0260   0.0950      0
7871     565.340000 525.320000  20.2640   0.0410   1.2190   0.0800   0.0950      0
8179     475.700000 547.470000  19.7710   0.0180  -0.2770   0.0220   0.0940      0
9393     456.470000 632.670000  20.0510   0.0240  -0.2550   0.0260   0.0940      0
7808     410.830000 520.580000  18.8610   0.0310  -0.1960   0.0420   0.0940      0
10372    400.260000 701.860000  20.3170   0.0340   1.0550   0.0490   0.0940      0
7609     468.190000 506.730000  20.0480   0.0390  -0.2310   0.0480   0.0940      0
9182     489.980000 617.870000  18.8320   0.0400  -0.2570   0.0440   0.0940      0
8072     586.560000 539.590000  16.8940   0.0040   1.5530   0.0080   0.0930      0
6933     440.640000 459.010000  18.2600   0.0090  -0.3730   0.0120   0.0930      0
8893     472.980000 597.400000  19.0260   0.0140   2.2620   0.0340   0.0930      0
8176     318.700000 547.310000  19.4210   0.0170   1.3310   0.0270   0.0930      0
7479     389.110000 497.520000  19.7060   0.0230  -0.3280   0.0310   0.0930      0
8762     452.030000 587.740000  18.5870   0.0070  -0.4610   0.0110   0.0920      0
8595     493.110000 576.810000  18.6120   0.0130  -0.4670   0.0150   0.0910      0
7064     575.130000 468.260000  19.4150   0.0190   0.1870   0.0220   0.0910      0
9333     343.190000 629.080000  18.6620   0.0190   1.1120   0.0450   0.0910      0
8943     469.390000 600.920000  19.7170   0.0230   0.6760   0.0350   0.0910      0
9907     328.660000 669.920000  20.6190   0.0350  -0.3500   0.0390   0.0910      0
6737     472.130000 445.170000  21.2860   0.0430   1.0750   0.1000   0.0910      0
6730     518.720000 444.960000  18.1030   0.0060   1.9370   0.0120   0.0900      0
7526     593.200000 500.900000  19.6310   0.0150  -0.3900   0.0200   0.0900      0
8460     336.880000 567.510000  18.9140   0.0090   1.4310   0.0190   0.0890      0
10839    422.920000 734.920000  18.8900   0.0100   1.7620   0.0210   0.0890      0
9096     383.210000 612.110000  19.7070   0.0220  -0.2750   0.0250   0.0890      0
9022     405.280000 607.000000  20.3930   0.0350  -0.1840   0.0400   0.0890      0
6475     442.610000 426.370000  20.7100   0.0350   0.7980   0.0480   0.0890      0
8085     554.050000 540.460000  16.4610   0.0040  -0.2820   0.0070   0.0880      0
7097     556.330000 470.130000  19.7660   0.0200   1.5740   0.0370   0.0880      0
8855     464.670000 594.660000  19.1520   0.0210   1.6420   0.0440   0.0880      0
9426     517.000000 634.740000  19.7760   0.0480  -0.3270   0.0670   0.0880      0
8742     464.100000 586.470000  19.1740   0.0160  -0.2620   0.0190   0.0860      0
8934     398.580000 599.820000  19.6170   0.0180  -0.2770   0.0200   0.0860      0
10730    423.330000 727.460000  19.0390   0.0190   0.1390   0.0220   0.0860      0
9183     544.020000 617.880000  20.1530   0.0260   0.1370   0.0440   0.0860      0
7804     556.570000 520.140000  18.0940   0.0090  -0.4620   0.0190   0.0850      0
9370     379.060000 631.770000  18.7390   0.0130  -0.2730   0.0140   0.0850      0
7503     518.590000 499.430000  19.4990   0.0140  -0.1470   0.0150   0.0850      0
7563     539.390000 503.110000  19.2490   0.0140   1.5830   0.0240   0.0850      0
8861     482.440000 594.990000  18.6990   0.0210   1.1720   0.0360   0.0850      0
9351     435.200000 630.040000  19.3930   0.0240  -0.1770   0.0260   0.0850      0
9178     359.980000 617.560000  19.5300   0.0310   1.0640   0.0640   0.0850      0
8018     507.430000 535.270000  19.6380   0.0570   0.8550   0.0660   0.0850      0
10455    404.480000 708.000000  21.7940   0.0940   0.2040   0.1130   0.0850      0
7687     574.130000 512.030000  22.3360   0.1050   1.0090   0.2070   0.0850      0
6607     510.870000 435.640000  16.9670   0.0050  -0.4900   0.0060   0.0840      0
9991     567.280000 675.920000  17.9660   0.0060   1.9110   0.0130   0.0840      0
10108    532.190000 683.600000  19.1000   0.0110  -0.2350   0.0140   0.0840      0
9517     383.980000 642.140000  18.9710   0.0150   1.4730   0.0240   0.0840      0
8875     430.060000 596.230000  20.0470   0.0220  -0.1780   0.0250   0.0840      0
9851     344.220000 665.990000  20.3870   0.0240  -0.3860   0.0370   0.0840      0
8210     384.950000 549.650000  20.2640   0.0250  -0.0060   0.0280   0.0840      0
9942     378.480000 672.800000  20.4750   0.0270   0.6660   0.0360   0.0840      0
9764     389.120000 659.880000  20.8080   0.0460  -0.0390   0.0510   0.0840      0
6863     559.610000 453.830000  20.2390   0.0480  -0.0670   0.0560   0.0840      0
6941     517.020000 459.680000  19.8530   0.0160   1.9290   0.0480   0.0830      0
7403     539.550000 493.040000  19.6490   0.0190  -0.2260   0.0210   0.0830      0
7755     520.330000 516.940000  19.2560   0.0240  -0.3170   0.0270   0.0830      0
9979     510.030000 674.960000  20.3170   0.0320  -0.0970   0.0370   0.0830      0
7845     387.860000 523.510000  21.7400   0.0810   0.2900   0.1130   0.0830      0
7034     405.260000 466.130000  19.6920   0.0260  -0.2870   0.0300   0.0820      0
8866     334.160000 595.320000  19.1760   0.0280   0.2760   0.0330   0.0820      0
7631     331.240000 507.890000  20.7170   0.0330  -0.0420   0.0380   0.0820      0
10546    404.460000 713.920000  21.3290   0.0570   1.0520   0.0940   0.0820      0
9226     549.980000 621.310000  21.7360   0.0840   0.1530   0.1010   0.0820      0
7583     342.580000 504.550000  20.8440   0.0290  -0.0910   0.0410   0.0810      0
6930     536.800000 458.770000  20.5030   0.0310   0.2200   0.0410   0.0810      0
7262     549.400000 482.700000  20.5400   0.0400   0.7260   0.0560   0.0810      0
7847     526.220000 523.560000  18.9000   0.0090  -0.1520   0.0120   0.0800      0
9661     338.010000 652.460000  18.8610   0.0130  -0.4080   0.0140   0.0800      0
9407     574.520000 633.890000  19.6010   0.0160  -0.2690   0.0190   0.0800      0
9038     352.010000 608.040000  19.0780   0.0180  -0.2600   0.0190   0.0800      0
9699     454.790000 655.520000  18.6600   0.0210   0.8590   0.0250   0.0800      0
9175     468.560000 617.290000  21.1770   0.0450   1.2000   0.0870   0.0800      0
8985     466.860000 603.430000  20.3770   0.0560  -0.1570   0.0660   0.0800      0
9892     586.190000 668.930000  18.9360   0.0110   1.5240   0.0210   0.0790      0
7914     439.000000 528.250000  19.0320   0.0120   1.1320   0.0560   0.0790      0
10266    369.990000 694.390000  18.3460   0.0160  -0.2350   0.0170   0.0790      0
9092     313.800000 611.950000  19.9900   0.0210  -0.0620   0.0230   0.0790      0
9615     430.250000 648.800000  19.8120   0.0210   1.2020   0.0430   0.0790      0
10396    455.720000 703.210000  19.6700   0.0230  -0.2250   0.0270   0.0790      0
9437     413.690000 635.450000  20.7350   0.0550  -0.1160   0.0620   0.0790      0
8397     435.180000 563.060000  21.6880   0.0800   0.2000   0.1000   0.0790      0
8881     308.700000 596.460000  18.8420   0.0070   1.5760   0.0200   0.0780      0
7558     566.110000 502.870000  19.3680   0.0140  -0.4410   0.0170   0.0780      0
7976     420.720000 532.130000  19.4150   0.0180  -0.3190   0.0200   0.0780      0
10335    411.910000 699.120000  20.1810   0.0220  -0.1210   0.0280   0.0780      0
8490     426.010000 569.540000  20.5040   0.0330   0.7560   0.0440   0.0780      0
6815     503.200000 450.750000  20.7860   0.0420  -0.2630   0.0470   0.0780      0
8763     608.570000 587.850000  20.7740   0.0680  -0.0620   0.0750   0.0780      0
7285     443.530000 484.500000  21.7190   0.0810   0.1310   0.0990   0.0780      0
9421     565.950000 634.410000  18.0810   0.0060   1.8890   0.0110   0.0770      0
7472     345.410000 496.960000  19.4290   0.0140  -0.1910   0.0180   0.0770      0
8546     591.720000 573.560000  18.9410   0.0150   1.3040   0.0270   0.0770      0
8259     465.240000 553.600000  19.3920   0.0210  -0.2470   0.0250   0.0770      0
10273    531.380000 694.890000  18.9140   0.0210   1.4540   0.0300   0.0770      0
7492     417.960000 498.860000  19.7730   0.0260   1.6230   0.0430   0.0770      0
9059     540.700000 609.610000  19.0070   0.0420  -0.4600   0.0570   0.0770      0
6539     394.100000 431.020000  20.7660   0.0660  -0.1600   0.0760   0.0770      0
9144     539.130000 615.090000  20.7660   0.0690  -0.1100   0.0860   0.0770      0
6935     472.710000 459.230000  17.2820   0.0050   2.1050   0.0090   0.0760      0
9052     381.100000 608.990000  18.9220   0.0140   1.4320   0.0280   0.0760      0
10831    450.480000 734.310000  19.8060   0.0220  -0.2880   0.0230   0.0760      0
7908     509.990000 527.780000  19.2050   0.0130  -0.1830   0.0150   0.0750      0
8036     496.840000 537.030000  19.1350   0.0130   1.4020   0.0300   0.0750      0
7107     423.120000 471.330000  20.7280   0.0370  -0.3030   0.0420   0.0750      0
8437     358.640000 565.790000  20.4180   0.0480  -0.2010   0.0590   0.0750      0
10503    454.950000 711.100000  21.8760   0.1100   0.2940   0.1250   0.0750      0
7348     341.500000 488.600000  18.8870   0.0130   1.3180   0.0230   0.0740      0
7018     447.510000 465.030000  20.8700   0.0350  -0.1690   0.0440   0.0740      0
10061    395.980000 680.350000  20.3490   0.0370  -0.1010   0.0440   0.0740      0
8913     557.430000 598.690000  19.3270   0.0510  -0.1090   0.0520   0.0740      0
8608     360.860000 577.490000  20.1930   0.0580   0.1520   0.0690   0.0740      0
9569     484.990000 646.140000  20.8140   0.0840  -0.1760   0.0970   0.0740      0
8065     548.720000 539.110000  16.4310   0.0050  -0.4710   0.0060   0.0730      0
7353     322.380000 489.050000  19.0550   0.0110   1.4800   0.0220   0.0730      0
9504     309.270000 640.970000  19.5470   0.0150  -0.0950   0.0180   0.0730      0
9283     412.680000 625.230000  19.8140   0.0150   1.3480   0.0330   0.0730      0
9685     469.620000 654.750000  20.7940   0.0310   0.1480   0.0420   0.0730      0
7533     431.660000 501.190000  19.9770   0.0340  -0.1010   0.0380   0.0730      0
8228     325.240000 551.130000  20.8180   0.0380   0.1670   0.0570   0.0730      0
6634     425.760000 438.320000  20.7650   0.0460   0.0170   0.0490   0.0730      0
7598     449.720000 506.190000  18.5380   0.0060   1.4230   0.0140   0.0720      0
8241     522.280000 552.540000  19.2710   0.0120  -0.3430   0.0160   0.0720      0
8493     451.720000 569.920000  19.5040   0.0130  -0.3080   0.0150   0.0720      0
8479     399.780000 568.950000  19.6080   0.0140  -0.3650   0.0160   0.0720      0
7381     390.210000 490.880000  20.5080   0.0310   0.2990   0.0510   0.0720      0
6339     415.090000 417.250000  20.3860   0.0360   0.1800   0.0450   0.0720      0
8057     475.890000 538.390000  18.8350   0.0120  -0.3570   0.0150   0.0710      0
9255     562.880000 623.050000  19.0940   0.0150  -0.3390   0.0170   0.0710      0
8805     527.040000 591.240000  17.2060   0.0250  -0.5120   0.0440   0.0710      0
6908     499.850000 456.990000  20.2990   0.0440  -0.0340   0.0490   0.0710      0
9932     478.840000 672.020000  20.4350   0.0530  -0.2090   0.0610   0.0710      0
6837     511.560000 452.230000  20.8910   0.0550  -0.2490   0.0670   0.0710      0
9390     367.820000 632.530000  20.9030   0.0590  -0.2080   0.0660   0.0710      0
9398     397.530000 633.310000  19.5340   0.0160  -0.2960   0.0180   0.0700      0
9115     459.180000 613.350000  19.4400   0.0240  -0.3340   0.0290   0.0700      0
9977     524.620000 674.930000  20.5250   0.0380   0.1690   0.0460   0.0700      0
7165     410.190000 475.380000  20.6940   0.0470   0.7170   0.0680   0.0700      0
10610    437.700000 718.890000  20.0390   0.0480  -0.1430   0.0530   0.0700      0
8347     402.930000 559.820000  18.0190   0.0060   2.0370   0.0130   0.0690      0
9243     610.440000 622.230000  20.1390   0.0170   1.6510   0.0580   0.0690      0
8404     596.020000 563.780000  19.9240   0.0340  -0.1800   0.0410   0.0690      0
7484     373.420000 497.970000  19.5170   0.0350  -0.4380   0.0460   0.0690      0
8532     412.230000 572.350000  20.8640   0.0360   0.2200   0.0450   0.0690      0
9134     486.140000 614.640000  20.3440   0.0460  -0.0760   0.0570   0.0690      0
9884     336.250000 668.350000  20.8070   0.0480   0.1090   0.0580   0.0690      0
9583     476.130000 647.020000  20.9420   0.0500  -0.2110   0.0570   0.0690      0
7617     515.920000 507.100000  20.4950   0.0570   0.2360   0.0620   0.0690      0
8764     599.960000 587.850000  21.4880   0.0690   1.2870   0.1290   0.0690      0
8884     326.660000 596.800000  21.6620   0.1020   0.1610   0.1140   0.0690      0
7842     328.020000 523.320000  19.2090   0.0130   1.2860   0.0240   0.0680      0
7790     481.630000 519.300000  18.9430   0.0170   1.4450   0.0290   0.0680      0
9490     499.250000 639.610000  17.8880   0.0180   1.1800   0.0240   0.0680      0
9107     521.490000 612.790000  19.4200   0.0370   1.0260   0.0650   0.0680      0
8747     344.880000 586.870000  19.4240   0.0400  -0.1520   0.0460   0.0680      0
10164    451.760000 687.680000  20.9550   0.0410  -0.1650   0.0470   0.0680      0
10418    550.100000 705.080000  20.8980   0.0410  -0.0960   0.0540   0.0680      0
7251     348.980000 481.770000  20.4920   0.0580   0.2370   0.0670   0.0680      0
9261     556.240000 623.350000  21.6290   0.0790   0.2380   0.1010   0.0680      0
7121     383.000000 472.080000  20.3790   0.0330   0.0900   0.0480   0.0670      0
9256     534.790000 623.080000  20.5950   0.0580  -0.3480   0.0800   0.0670      0
8378     416.080000 562.030000  20.4220   0.0640   0.2070   0.0740   0.0670      0
7655     346.620000 509.660000  21.7320   0.0880   0.3990   0.1060   0.0670      0
8811     541.520000 591.600000  19.6710   0.0380  -0.2090   0.0530   0.0660      0
7000     550.420000 463.410000  20.8050   0.0550   0.1210   0.0650   0.0660      0
7277     395.040000 483.680000  20.3250   0.0330   1.2330   0.0540   0.0650      0
10410    462.790000 704.120000  20.4720   0.0340   0.0750   0.0380   0.0650      0
7597     426.390000 506.140000  20.8850   0.0370   0.1770   0.0610   0.0650      0
7123     357.250000 472.330000  20.9190   0.0560  -0.0960   0.0720   0.0650      0
7894     418.700000 526.760000  20.8210   0.0650   0.0850   0.0730   0.0650      0
9288     505.510000 625.390000  21.8750   0.1220   0.3780   0.1540   0.0650      0
8729     312.170000 585.720000  18.9600   0.0140   1.7360   0.0240   0.0640      0
6989     376.290000 462.480000  20.4290   0.0350   0.2630   0.0480   0.0640      0
8545     535.520000 573.460000  18.1090   0.0440  -0.4930   0.0590   0.0640      0
9780     575.290000 660.740000  20.8660   0.0480   0.1190   0.0740   0.0640      0
7289     329.720000 484.650000  21.1610   0.0490   0.9590   0.0850   0.0640      0
6638     498.170000 438.690000  19.1280   0.0150   1.4360   0.0240   0.0630      0
7496     552.740000 499.100000  19.8520   0.0190   0.0670   0.0220   0.0630      0
7977     469.440000 532.190000  20.2100   0.0300   1.3380   0.0500   0.0630      0
8705     591.530000 583.970000  19.9380   0.0310  -0.0460   0.0340   0.0630      0
7861     450.670000 524.490000  17.6830   0.0490   1.9150   0.0530   0.0630      0
7830     518.870000 522.580000  19.9830   0.0520  -0.0590   0.0580   0.0630      0
8850     546.140000 594.290000  20.1800   0.0650   0.0140   0.0870   0.0630      0
7980     306.120000 532.560000  21.8850   0.1220   0.0560   0.1420   0.0630      0
8598     302.120000 577.090000  18.8370   0.0120   1.3040   0.0190   0.0620      0
10083    578.040000 681.990000  19.0610   0.0160   1.1900   0.0270   0.0620      0
9596     455.250000 647.890000  17.7580   0.0220   1.4410   0.0350   0.0620      0
9455     539.290000 636.720000  20.4770   0.0270  -0.2010   0.0310   0.0620      0
9843     378.220000 665.240000  20.9960   0.0420  -0.1680   0.0550   0.0620      0
8285     493.220000 555.430000  20.8190   0.0720   0.1080   0.0910   0.0620      0
7029     483.190000 465.870000  18.7680   0.0080   1.8830   0.0190   0.0610      0
8073     521.360000 539.740000  19.4440   0.0200  -0.1320   0.0280   0.0610      0
10081    377.990000 681.950000  20.6410   0.0340   1.1040   0.0540   0.0610      0
9357     372.150000 630.350000  20.5600   0.0380   0.2250   0.0450   0.0610      0
7869     580.250000 525.260000  21.0360   0.0400   1.7120   0.1100   0.0610      0
8253     548.470000 553.370000  21.1900   0.0440   0.9850   0.1380   0.0610      0
9031     457.270000 607.750000  20.7860   0.0500   0.1690   0.0580   0.0610      0
8425     423.710000 565.160000  21.2460   0.0510  -0.1470   0.0600   0.0610      0
6471     429.550000 426.130000  21.2460   0.0640   0.9480   0.0970   0.0610      0
6813     405.370000 450.660000  22.0640   0.0860   0.5130   0.1310   0.0610      0
9608     547.730000 648.640000  18.8790   0.0090   1.4510   0.0160   0.0600      0
8606     320.940000 577.470000  19.3040   0.0140   1.5560   0.0250   0.0600      0
7531     477.740000 501.120000  20.0610   0.0290   1.2350   0.0460   0.0600      0
9452     604.210000 636.540000  19.4160   0.0440   0.1150   0.0470   0.0600      0
8136     306.170000 544.440000  20.3580   0.0440   0.2220   0.0530   0.0600      0
9191     300.660000 618.260000  20.6850   0.0470  -0.1140   0.0570   0.0600      0
7383     317.760000 491.120000  20.6920   0.0620   0.7180   0.0840   0.0600      0
8663     607.760000 581.170000  20.3500   0.0660   0.0010   0.0700   0.0600      0
10110    550.050000 683.880000  20.4750   0.0770   0.0770   0.0890   0.0600      0
9967     517.980000 674.190000  19.0550   0.0240   1.4320   0.0360   0.0590      0
10082    463.090000 681.950000  20.4110   0.0270  -0.1180   0.0320   0.0590      0
9087     323.400000 611.710000  20.3390   0.0340   0.1450   0.0400   0.0590      0
7803     343.000000 520.070000  20.7420   0.0400   0.0690   0.0450   0.0590      0
7072     359.130000 468.950000  20.6900   0.0440   1.0200   0.0870   0.0590      0
9671     446.660000 653.410000  20.0610   0.0460   1.1740   0.0570   0.0590      0
6949     354.580000 459.970000  20.8980   0.0550   0.1570   0.0680   0.0590      0
9155     418.230000 615.420000  21.5550   0.0700   0.4110   0.0870   0.0590      0
7950     527.230000 530.520000  21.5990   0.0930   0.3940   0.1200   0.0590      0
9808     513.120000 662.860000  22.0260   0.1140   0.6910   0.1630   0.0590      0
8818     417.340000 592.150000  21.5990   0.1180   0.1760   0.1420   0.0590      0
9420     608.130000 634.400000  20.0140   0.0270  -0.0200   0.0320   0.0580      0
9676     488.300000 654.140000  21.1230   0.0450   0.0200   0.0540   0.0580      0
7182     560.560000 476.540000  21.1750   0.0540   0.0480   0.0610   0.0580      0
8683     435.270000 581.860000  20.6910   0.0560  -0.1520   0.0690   0.0580      0
6446     425.650000 423.960000  21.6230   0.0780  -0.0170   0.0910   0.0580      0
7284     429.340000 484.430000  22.0370   0.1170   0.6420   0.1660   0.0580      0
7676     539.850000 511.150000  18.3010   0.0080  -0.3280   0.0090   0.0570      0
10169    575.990000 687.890000  19.0660   0.0120   1.4080   0.0420   0.0570      0
9970     538.550000 674.310000  20.0850   0.0210  -0.2880   0.0270   0.0570      0
8318     484.260000 557.860000  19.1300   0.0300  -0.1410   0.0320   0.0570      0
9106     370.970000 612.750000  20.5730   0.0320   0.1370   0.0440   0.0570      0
7342     564.560000 488.230000  20.8420   0.0400   0.2880   0.0490   0.0570      0
7934     371.900000 529.820000  21.0200   0.0410  -0.0590   0.0480   0.0570      0
8152     330.770000 545.140000  21.1450   0.0470   0.0800   0.0580   0.0570      0
8722     475.890000 585.380000  21.0160   0.0520  -0.1110   0.0640   0.0570      0
7225     363.800000 479.950000  21.5370   0.0910   0.3520   0.1100   0.0570      0
8168     596.480000 546.470000  21.5750   0.0960   0.2190   0.1120   0.0570      0
9192     424.470000 618.290000  20.5530   0.0310  -0.0180   0.0360   0.0560      0
8498     417.600000 570.110000  19.9410   0.0320  -0.4690   0.0340   0.0560      0
10480    504.560000 709.770000  19.6870   0.0370   1.3850   0.0660   0.0560      0
10534    435.980000 713.430000  20.1540   0.0380  -0.1210   0.0400   0.0560      0
9741     385.710000 658.070000  20.7600   0.0460   0.7040   0.0630   0.0560      0
6354     422.870000 418.380000  20.9520   0.0470  -0.0250   0.0550   0.0560      0
6782     462.400000 449.020000  21.0220   0.0540  -0.1370   0.0650   0.0560      0
9768     347.280000 660.010000  20.9980   0.0550  -0.3600   0.0650   0.0560      0
8537     566.440000 572.730000  20.6950   0.0730   0.0020   0.0830   0.0560      0
9216     374.120000 620.520000  20.5480   0.0740   0.1850   0.0830   0.0560      0
9811     567.760000 663.070000  18.6930   0.0110  -0.5100   0.0240   0.0550      0
7090     456.810000 469.810000  19.2420   0.0160   1.3550   0.0340   0.0550      0
7938     407.990000 529.970000  19.2120   0.0170   0.9320   0.0230   0.0550      0
6724     537.510000 444.420000  20.5000   0.0270  -0.0450   0.0370   0.0550      0
9681     322.490000 654.510000  19.9080   0.0290  -0.1590   0.0340   0.0550      0
7924     392.640000 528.840000  20.7230   0.0370   0.0520   0.0440   0.0550      0
8387     471.490000 562.480000  20.5230   0.0380  -0.0500   0.0440   0.0550      0
9735     442.210000 657.710000  19.9300   0.0420   0.0120   0.0470   0.0550      0
8958     449.890000 601.710000  21.5570   0.0500   0.4720   0.0810   0.0550      0
7528     499.930000 501.080000  21.0750   0.0540   0.9590   0.0800   0.0550      0
8156     352.420000 545.680000  21.1380   0.0580  -0.0030   0.0670   0.0550      0
6907     415.190000 456.980000  20.9270   0.0590  -0.0140   0.0670   0.0550      0
8211     559.330000 549.690000  20.4580   0.0620  -0.0250   0.0850   0.0550      0
9152     350.120000 615.230000  21.5390   0.1090   0.2910   0.1300   0.0550      0
7257     451.660000 482.440000  22.0040   0.1340   0.7760   0.1760   0.0550      0
7016     541.110000 464.840000  19.5320   0.0130  -0.3650   0.0150   0.0540      0
9274     422.490000 624.450000  20.0320   0.0190   1.4410   0.0420   0.0540      0
7021     514.720000 465.110000  20.0530   0.0200   1.6890   0.0590   0.0540      0
7796     398.830000 519.570000  20.1740   0.0210  -0.2860   0.0250   0.0540      0
6516     480.390000 429.570000  19.0750   0.0220   1.2680   0.0340   0.0540      0
7625     416.620000 507.510000  18.9040   0.0270   1.5590   0.0430   0.0540      0
9833     441.130000 664.940000  19.5510   0.0400  -0.1520   0.0450   0.0540      0
6847     417.480000 452.680000  20.9400   0.0450   0.5430   0.0630   0.0540      0
8514     392.740000 571.180000  21.0960   0.0460  -0.0040   0.0610   0.0540      0
8936     458.110000 600.040000  21.4350   0.0540   0.3530   0.0740   0.0540      0
7295     416.620000 485.060000  20.8300   0.0570   0.2690   0.0630   0.0540      0
8474     553.210000 568.380000  20.5090   0.0760  -0.0040   0.0990   0.0540      0
8084     417.930000 540.430000  19.3880   0.0310  -0.3510   0.0330   0.0530      0
9029     417.120000 607.580000  19.9250   0.0310   0.0330   0.0330   0.0530      0
6624     412.560000 437.490000  20.9010   0.0370   0.3190   0.0550   0.0530      0
7230     386.510000 480.240000  20.5480   0.0430   0.0690   0.0490   0.0530      0
8907     377.230000 598.070000  20.3630   0.0450  -0.0270   0.0520   0.0530      0
8445     598.490000 566.270000  20.6690   0.0450  -0.0800   0.0600   0.0530      0
8911     454.370000 598.310000  21.5580   0.0540   0.0080   0.0690   0.0530      0
7595     403.790000 506.040000  21.4750   0.0640   0.4830   0.0880   0.0530      0
6842     432.010000 452.420000  21.5710   0.0680  -0.0240   0.0780   0.0530      0
8472     324.960000 568.290000  21.5460   0.0680   1.0970   0.1250   0.0530      0
7425     474.470000 494.070000  21.5930   0.0700  -0.0720   0.0930   0.0530      0
8375     608.780000 561.730000  21.2300   0.0720  -0.1330   0.0860   0.0530      0
10291    428.930000 696.190000  19.7940   0.0250  -0.1800   0.0280   0.0520      0
6323     493.840000 415.670000  19.8670   0.0250   0.1380   0.0290   0.0520      0
9837     368.830000 665.060000  20.9430   0.0380   0.6000   0.0570   0.0520      0
7051     525.930000 467.310000  21.0100   0.0420   0.0120   0.0500   0.0520      0
8621     532.390000 578.330000  18.0170   0.0450  -0.3270   0.0580   0.0520      0
7582     488.050000 504.500000  21.0890   0.0460   0.0840   0.0590   0.0520      0
7645     428.650000 508.930000  21.0330   0.0470  -0.0040   0.0680   0.0520      0
10789    458.680000 731.740000  21.2850   0.0530   0.1030   0.0720   0.0520      0
8230     484.270000 551.340000  21.4070   0.0540   0.4060   0.0840   0.0520      0
8643     397.310000 579.960000  21.5070   0.0800   0.2810   0.0980   0.0520      0
8745     302.020000 586.680000  21.1230   0.0830   0.0510   0.0910   0.0520      0
7724     462.440000 514.480000  21.2020   0.0830  -0.2230   0.1000   0.0520      0
7087     428.890000 469.600000  19.4860   0.0140   1.6810   0.0290   0.0510      0
8215     346.270000 550.290000  18.4730   0.0150   1.0570   0.0260   0.0510      0
9121     477.160000 613.780000  18.9020   0.0150  -0.3740   0.0260   0.0510      0
9945     337.540000 672.840000  20.8780   0.0400   0.4980   0.0570   0.0510      0
7244     541.330000 481.240000  21.3370   0.0430   0.1450   0.0610   0.0510      0
9375     500.990000 631.920000  20.5620   0.0440  -0.0170   0.0580   0.0510      0
7777     531.800000 518.320000  20.9330   0.0510   0.1670   0.0690   0.0510      0
6810     478.880000 450.560000  21.4160   0.0520   0.4760   0.0740   0.0510      0
8358     479.660000 560.890000  20.1510   0.0610  -0.0070   0.0630   0.0510      0
6680     442.980000 441.370000  21.2920   0.0640   0.1030   0.0810   0.0510      0
10499    545.930000 710.920000  20.7720   0.0690   1.0730   0.0920   0.0510      0
9353     329.130000 630.240000  21.2370   0.0780  -0.0650   0.0900   0.0510      0
8976     478.590000 602.770000  21.3780   0.0950  -0.1620   0.1150   0.0510      0
9878     580.740000 668.000000  20.1960   0.0320  -0.2340   0.0350   0.0500      0
10609    450.120000 718.800000  20.5800   0.0320   0.0640   0.0380   0.0500      0
8044     332.590000 537.430000  20.5310   0.0350  -0.1930   0.0390   0.0500      0
8071     425.260000 539.540000  20.5620   0.0370  -0.0830   0.0470   0.0500      0
9904     367.970000 669.570000  20.9640   0.0410   0.6030   0.0560   0.0500      0
6559     536.110000 432.200000  20.8760   0.0420   0.4920   0.0610   0.0500      0
9000     441.260000 604.600000  20.9290   0.0450   0.3940   0.0540   0.0500      0
10496    475.190000 710.600000  20.7750   0.0540   0.7070   0.0700   0.0500      0
9689     435.860000 655.140000  21.3710   0.0550  -0.1650   0.0730   0.0500      0
8867     292.980000 595.360000  18.6620   0.0080   1.3300   0.0160   0.0490      0
7391     376.050000 491.720000  18.7480   0.0120   1.3590   0.0220   0.0490      0
8244     607.330000 552.600000  19.8240   0.0230  -0.1560   0.0270   0.0490      0
8158     406.850000 546.000000  20.1960   0.0300  -0.2470   0.0340   0.0490      0
9644     475.600000 651.230000  20.5460   0.0350  -0.1250   0.0470   0.0490      0
9530     376.180000 643.420000  21.0180   0.0400   0.5250   0.0620   0.0490      0
10627    529.260000 720.970000  20.8970   0.0410   1.5790   0.0900   0.0490      0
6961     404.290000 460.890000  21.1590   0.0520   0.1330   0.0770   0.0490      0
9246     332.970000 622.480000  20.8890   0.0540   0.3380   0.0630   0.0490      0
8588     310.850000 576.210000  21.5200   0.0680   0.2390   0.0850   0.0490      0
9323     361.400000 628.000000  21.4040   0.0690   0.3580   0.0910   0.0490      0
6287     441.530000 413.400000  21.4550   0.0790   0.4820   0.1090   0.0490      0
6817     370.790000 450.790000  21.1670   0.0810  -0.2120   0.0930   0.0490      0
9262     475.430000 623.440000  20.8990   0.0840   0.2650   0.0940   0.0490      0
8177     310.130000 547.320000  21.5170   0.0840   0.5090   0.1090   0.0490      0
7345     490.250000 488.420000  18.6890   0.0080   1.7110   0.0190   0.0480      0
7913     403.590000 528.230000  19.0920   0.0190   1.3720   0.0320   0.0480      0
8248     420.010000 553.050000  19.0410   0.0200   1.3230   0.0330   0.0480      0
9331     449.320000 628.980000  20.4510   0.0310  -0.0720   0.0600   0.0480      0
8549     314.060000 573.710000  20.8920   0.0350   0.6520   0.0650   0.0480      0
7725     373.810000 514.630000  19.5690   0.0420  -0.1740   0.0460   0.0480      0
8607     465.900000 577.470000  21.0470   0.0420   0.6300   0.0760   0.0480      0
8303     450.440000 556.660000  21.1160   0.0460   0.6330   0.0740   0.0480      0
7058     435.530000 467.860000  20.8780   0.0500   0.4470   0.0670   0.0480      0
8390     582.460000 562.500000  21.3300   0.0540   0.0700   0.0790   0.0480      0
9594     538.170000 647.540000  21.1460   0.0580  -0.1050   0.0690   0.0480      0
8030     391.610000 536.620000  20.8920   0.0630   0.4510   0.0800   0.0480      0
6812     549.660000 450.620000  20.9030   0.0680   0.3630   0.0980   0.0480      0
9147     373.940000 615.140000  21.3370   0.0700   0.1310   0.0820   0.0480      0
8117     403.850000 542.870000  18.6740   0.0100   1.4160   0.0170   0.0470      0
9565     438.220000 645.950000  19.7320   0.0210   0.0530   0.0240   0.0470      0
7671     434.230000 510.990000  19.8300   0.0240   0.2450   0.0300   0.0470      0
10474    448.040000 709.550000  20.3500   0.0280   0.5300   0.0340   0.0470      0
7176     515.880000 476.220000  20.9850   0.0460   0.0560   0.0600   0.0470      0
8407     404.970000 563.960000  19.1830   0.0200   1.3990   0.0310   0.0460      0
7662     374.670000 510.370000  18.4810   0.0220   1.5160   0.0310   0.0460      0
8571     613.550000 575.050000  20.2020   0.0220   1.5770   0.0420   0.0460      0
10120    401.570000 684.420000  20.2700   0.0320   0.1870   0.0420   0.0460      0
6705     383.650000 443.400000  18.9310   0.0380  -0.3480   0.0450   0.0460      0
7287     406.370000 484.540000  20.6120   0.0420   0.1220   0.0520   0.0460      0
6683     547.620000 441.500000  20.0870   0.0500   0.1830   0.0570   0.0460      0
7922     413.200000 528.720000  20.5590   0.0530  -0.2130   0.0580   0.0460      0
10673    429.360000 723.260000  21.1170   0.0550   0.5970   0.0770   0.0460      0
8667     420.980000 581.360000  21.4570   0.0800   0.5240   0.1080   0.0460      0
7616     315.470000 507.000000  19.8880   0.0160   1.6470   0.0430   0.0450      0
9384     532.810000 632.400000  20.1190   0.0220  -0.2030   0.0230   0.0450      0
7975     596.080000 532.060000  19.8640   0.0250  -0.0830   0.0280   0.0450      0
10227    397.670000 691.840000  20.5360   0.0270   0.3690   0.0360   0.0450      0
8491     621.090000 569.780000  20.5770   0.0430   0.6410   0.0530   0.0450      0
8484     434.540000 569.180000  21.0670   0.0430   0.7660   0.0680   0.0450      0
10655    516.210000 722.370000  21.0580   0.0500  -0.2570   0.0570   0.0450      0
7177     539.160000 476.230000  21.2600   0.0550   0.2330   0.0700   0.0450      0
8003     464.290000 533.940000  21.0580   0.0630   0.4970   0.0750   0.0450      0
7505     511.280000 499.550000  21.2640   0.0640   0.2270   0.0810   0.0450      0
7337     504.990000 487.880000  20.7790   0.0680   0.2500   0.0790   0.0450      0
6852     379.090000 453.190000  18.5800   0.0110   1.6280   0.0200   0.0440      0
9693     505.450000 655.280000  18.9180   0.0140   1.6360   0.0270   0.0440      0
9524     504.510000 643.000000  20.0540   0.0410   0.0680   0.0460   0.0440      0
10371    474.570000 701.780000  20.9790   0.0560   0.1410   0.0650   0.0440      0
9677     353.030000 654.210000  21.2240   0.0580   0.2140   0.0720   0.0440      0
6992     420.520000 462.910000  21.1210   0.0600   0.5860   0.0740   0.0440      0
9864     356.340000 666.920000  21.0850   0.0610   0.5210   0.0760   0.0440      0
7948     463.010000 530.300000  21.6870   0.0890  -0.3170   0.1030   0.0440      0
8386     323.930000 562.470000  19.3810   0.0110   1.4530   0.0240   0.0430      0
9860     546.780000 666.620000  20.7510   0.0430   0.2130   0.0580   0.0430      0
9944     550.970000 672.820000  20.4740   0.0700   0.3520   0.0870   0.0430      0
9820     411.850000 663.940000  20.0970   0.0280   0.0150   0.0410   0.0420      0
8107     315.490000 542.310000  20.2670   0.0300   0.3520   0.0370   0.0420      0
8656     439.580000 580.560000  20.2960   0.0390   0.7940   0.0660   0.0420      0
8761     327.210000 587.700000  20.8460   0.0460   0.6300   0.0580   0.0420      0
9435     315.770000 635.380000  21.3510   0.0720   0.4130   0.0830   0.0420      0
10352    517.880000 700.300000  21.7060   0.0720   1.0110   0.1570   0.0420      0
7723     606.210000 514.340000  21.3480   0.0790   0.3940   0.0880   0.0420      0
8254     293.760000 553.380000  21.0960   0.0900   0.7250   0.1080   0.0420      0
8458     370.460000 567.410000  20.4330   0.0960   0.6490   0.1040   0.0420      0
10208    496.580000 690.410000  18.6870   0.0090  -0.3690   0.0120   0.0410      0
8088     345.380000 540.640000  19.1010   0.0100   1.5040   0.0240   0.0410      0
8963     372.480000 602.000000  18.1900   0.0140   1.7680   0.0320   0.0410      0
8501     461.380000 570.480000  19.6030   0.0150  -0.0300   0.0180   0.0410      0
6766     438.030000 447.680000  19.7540   0.0200  -0.1120   0.0240   0.0410      0
8206     567.850000 549.470000  19.0060   0.0230  -0.3440   0.0250   0.0410      0
10290    484.810000 696.120000  20.6220   0.0350   0.0460   0.0430   0.0410      0
7762     405.070000 517.420000  21.4030   0.0580   0.1110   0.0760   0.0410      0
7770     566.530000 517.610000  21.3220   0.0640   0.3410   0.0900   0.0410      0
8870     412.010000 595.820000  21.2640   0.0710   0.2720   0.0860   0.0410      0
9135     561.800000 614.760000  21.6970   0.1160   0.5940   0.1540   0.0410      0
6715     495.760000 444.080000  20.9900   0.0920   0.2700   0.1050   0.0400      0
8508     603.310000 570.890000  22.0270   0.1410  -0.1800   0.1600   0.0400      0
10605    429.920000 718.540000  20.6610   0.0280   0.1080   0.0350   0.0390      0
9352     336.920000 630.220000  21.0280   0.0460   0.3900   0.0600   0.0390      0
10109    469.580000 683.640000  20.0460   0.0480   0.6610   0.0530   0.0390      0
10767    512.550000 730.010000  21.1600   0.0710   0.2020   0.0840   0.0390      0
9803     529.070000 662.650000  19.5730   0.0190   0.1380   0.0220   0.0380      0
8246     399.070000 552.810000  19.0080   0.0200   1.3410   0.0270   0.0380      0
8865     527.560000 595.200000  17.3600   0.0410  -0.5140   0.0510   0.0380      0
9202     315.950000 619.150000  20.9590   0.0500   0.7370   0.0620   0.0380      0
10241    464.670000 692.700000  21.3170   0.0510   0.8590   0.0860   0.0380      0
7801     509.690000 519.860000  20.9940   0.0520   0.9560   0.0850   0.0380      0
7035     518.620000 466.130000  21.1600   0.0530   0.6860   0.0870   0.0380      0
7839     472.140000 523.250000  20.8360   0.0550   0.9640   0.0730   0.0380      0
9482     329.770000 638.900000  21.0300   0.0460   0.3750   0.0540   0.0370      0
8932     339.820000 599.800000  21.1520   0.0520   0.5340   0.0680   0.0370      0
8750     307.370000 587.110000  20.3100   0.0530   0.3260   0.0570   0.0370      0
7887     593.460000 526.370000  21.0660   0.0830   0.4220   0.0990   0.0370      0
7130     405.600000 472.940000  19.7540   0.0380  -0.0070   0.0420   0.0360      0
6883     539.660000 455.420000  20.0210   0.0390   0.0920   0.0440   0.0360      0
7162     349.360000 475.160000  20.6030   0.0740   0.2790   0.0880   0.0360      0
6376     476.980000 419.400000  21.3970   0.0430   0.6580   0.0790   0.0350      0
8858     317.620000 594.830000  21.0340   0.0480   0.1810   0.0570   0.0350      0
9020     436.310000 606.800000  21.0630   0.0480   0.1890   0.0600   0.0350      0
10020    356.960000 677.500000  21.0470   0.0880   0.2680   0.0960   0.0350      0
9775     429.600000 660.490000  21.7630   0.0930   0.7200   0.1420   0.0350      0
10614    409.460000 719.340000  21.2660   0.0730   0.3680   0.0850   0.0340      0
10810    432.190000 732.680000  21.4220   0.0530   0.6900   0.0840   0.0330      0
8769     386.530000 588.430000  21.1720   0.0970   0.3650   0.1090   0.0320      0
9923     348.510000 671.330000  18.8340   0.0490   1.4900   0.0530   0.0310      0
8449     469.980000 566.490000  21.1720   0.0610   0.5060   0.0830   0.0310      0
10630    484.450000 721.300000  21.6870   0.0610   0.6790   0.0970   0.0310      0
9816     544.730000 663.630000  20.6780   0.0460   0.2190   0.0640   0.0300      0
9271     494.180000 624.010000  20.6450   0.0520   0.2440   0.0650   0.0300      0
9651     392.080000 651.720000  21.6060   0.0670   0.8880   0.1090   0.0290      0
8583     330.460000 575.860000  20.5200   0.0800   0.5510   0.0940   0.0270      0
7722     359.040000 514.270000  21.2760   0.0550   0.5230   0.0780   0.0240      0
6681     432.230000 441.370000  20.1540   0.0580   0.3700   0.0620   0.0230      0
10466    511.850000 708.970000  20.6840   0.0350   0.5210   0.0460   0.0160      0
