#mag    e_mag    col1   e_col1    m_ini
22.4472    0.0524   1.9683   0.1034   2.3113
23.0452    0.0726   1.5931   0.1656   1.1968
22.3316    0.0489   1.6356   0.0936   2.3396
22.3758    0.0473   1.7390   0.0893   2.3517
22.3714    0.0466   1.5629   0.0876   2.3658
22.4135    0.0489   1.7384   0.0936   2.3396
22.5010    0.0555   1.9528   0.1121   2.2856
22.3754    0.0477   1.6888   0.0903   2.3549
22.5898    0.0518   1.6227   0.1015   2.3167
22.4628    0.0504   1.5926   0.0979   2.3274
22.5035    0.0518   1.7878   0.1015   2.3167
22.6996    0.0615   1.4691   0.1301   1.2315
22.0612    0.0372   1.4363   0.0641   2.4230
21.6220    0.0293   1.3556   0.0465   2.5526
22.3467    0.0466   1.4659   0.0874   2.3570
22.0448    0.0385   1.6232   0.0671   2.4141
22.3555    0.0459   1.2924   0.0858   1.2865
22.2177    0.0442   1.2645   0.0812   1.2936
22.0210    0.0369   1.3095   0.0632   2.4255
22.1340    0.0417   1.5162   0.0749   2.3922
21.9920    0.0379   1.4339   0.0657   2.4487
22.3650    0.0453   1.1931   0.0841   1.2890
22.1665    0.0413   1.5191   0.0740   2.3948
22.2464    0.0427   1.1367   0.0773   1.3000
22.3429    0.0488   1.3275   0.0935   1.2754
22.0078    0.0361   1.4190   0.0615   2.4306
22.2256    0.0424   1.5747   0.0767   2.3871
22.0011    0.0373   1.4865   0.0643   2.4593
21.7332    0.0317   1.3631   0.0515   2.5253
21.6865    0.0296   1.3643   0.0472   2.5492
22.3312    0.0466   1.4073   0.0875   1.2840
22.6689    0.0576   1.4907   0.1184   1.2443
21.6032    0.0289   1.3285   0.0458   2.5587
22.1901    0.0437   1.3545   0.0798   1.2957
22.8362    0.0652   1.4512   0.1417   1.2194
22.1880    0.0439   1.6159   0.0804   2.3899
22.1030    0.0420   1.6165   0.0758   2.3897
22.1035    0.0417   1.4931   0.0749   2.3922
21.9602    0.0358   1.4517   0.0607   2.4331
21.9417    0.0379   1.4138   0.0656   2.4562
21.2902    0.0236   1.0174   0.0354   2.5977
21.9992    0.0369   1.1769   0.0632   1.3272
21.3113    0.0239   1.0999   0.0360   2.6028
21.7318    0.0311   1.0386   0.0504   1.3655
21.7978    0.0322   0.9958   0.0528   1.3563
21.6144    0.0293   0.9929   0.0466   1.3834
21.6998    0.0322   1.0962   0.0528   1.3563
21.6851    0.0302   0.9364   0.0484   1.3736
21.7771    0.0324   1.3159   0.0531   2.4576
21.9632    0.0373   1.1796   0.0643   1.3247
21.0280    0.0193   1.0503   0.0278   2.7326
21.6698    0.0300   1.2761   0.0480   2.4771
21.2346    0.0229   1.0805   0.0341   2.6421
21.1530    0.0213   1.0842   0.0313   2.6755
21.5716    0.0279   1.1545   0.0438   2.5018
21.4099    0.0254   1.0895   0.0388   2.5578
21.1733    0.0216   1.0175   0.0317   2.6733
21.4582    0.0268   1.1022   0.0414   2.5106
20.7947    0.0171   0.9354   0.0243   2.8118
21.3235    0.0241   1.2230   0.0364   2.6270
21.3012    0.0238   1.0760   0.0357   2.6121
21.6627    0.0297   0.7955   0.0473   1.4683
20.9176    0.0181   0.9412   0.0259   2.8182
21.3205    0.0238   1.0399   0.0357   2.6025
20.9681    0.0191   0.9762   0.0276   2.7794
21.6810    0.0310   0.8122   0.0500   1.5076
21.5557    0.0277   0.8928   0.0433   1.4186
21.7746    0.0310   0.8560   0.0501   1.5047
21.5080    0.0268   0.9181   0.0415   2.6504
20.8304    0.0173   0.8658   0.0247   2.8735
20.9579    0.0192   0.9356   0.0277   2.8628
20.9910    0.0193   0.9934   0.0278   2.7592
20.8666    0.0176   0.8830   0.0251   2.8815
20.8375    0.0175   0.8614   0.0249   2.8822
20.8975    0.0182   0.9172   0.0261   2.8281
21.3211    0.0238   0.9462   0.0357   2.7040
21.7513    0.0305   0.8162   0.0490   1.4824
21.3808    0.0250   0.9838   0.0379   2.5885
21.7157    0.0310   0.8120   0.0502   1.5019
21.5563    0.0277   0.8862   0.0433   1.4222
21.6670    0.0302   0.8920   0.0484   1.4762
21.2591    0.0235   0.9069   0.0353   2.7173
21.7167    0.0303   0.7515   0.0487   1.4789
21.5380    0.0277   0.8482   0.0433   1.4257
21.5026    0.0277   0.8773   0.0433   1.4134
21.7436    0.0311   0.8091   0.0502   1.4990
21.3024    0.0241   0.8902   0.0363   2.7187
20.9101    0.0182   0.8425   0.0261   3.0014
20.8760    0.0182   0.7847   0.0262   3.0800
21.5800    0.0282   0.7469   0.0443   1.5626
21.0261    0.0198   0.8228   0.0287   2.8848
21.4604    0.0259   0.7540   0.0397   1.5945
20.7795    0.0170   0.7390   0.0243   3.1308
20.7205    0.0163   0.8320   0.0231   3.0129
21.1872    0.0218   0.8233   0.0321   2.8176
21.3508    0.0241   0.8918   0.0363   2.7615
21.1915    0.0222   0.9171   0.0329   2.8175
20.8272    0.0175   0.8469   0.0251   2.9509
21.5969    0.0285   0.7643   0.0448   1.5588
20.7997    0.0170   0.7177   0.0243   3.1154
20.8630    0.0176   0.9081   0.0252   2.9465
20.8263    0.0172   0.7955   0.0246   3.0213
21.5227    0.0278   0.8392   0.0434   1.5690
21.5498    0.0277   0.7738   0.0433   1.5698
20.7880    0.0173   0.8147   0.0247   2.9600
20.7890    0.0171   0.7575   0.0243   3.0985
21.3051    0.0235   0.6376   0.0352   1.6317
21.1360    0.0217   0.5260   0.0320   1.6729
20.7674    0.0168   0.7242   0.0239   3.1358
20.4701    0.0139   0.5640   0.0196   3.3276
21.1712    0.0213   0.6146   0.0313   1.6941
21.0925    0.0205   0.7585   0.0300   2.8247
20.5175    0.0143   0.6468   0.0202   3.2792
20.4887    0.0139   0.5710   0.0197   3.3255
20.6835    0.0156   0.6394   0.0222   3.1737
20.4737    0.0136   0.5323   0.0193   3.3245
21.2003    0.0220   0.5375   0.0325   1.6632
20.7936    0.0171   0.7129   0.0243   2.9760
20.6328    0.0155   0.7128   0.0219   3.0670
20.5713    0.0149   0.6575   0.0210   3.1207
21.2242    0.0222   0.5601   0.0328   1.6597
21.1198    0.0211   0.4668   0.0309   1.7081
20.5824    0.0148   0.6408   0.0209   3.1220
20.6471    0.0155   0.6269   0.0219   3.2011
21.0569    0.0201   0.7526   0.0292   2.8476
21.1005    0.0212   0.4611   0.0310   1.7034
21.1851    0.0220   0.6126   0.0325   1.6632
21.2989    0.0238   0.6651   0.0358   1.6260
21.1208    0.0212   0.4578   0.0312   1.6988
20.6317    0.0153   0.6547   0.0216   3.1364
21.3213    0.0237   0.6066   0.0355   1.6282
21.0914    0.0202   0.3833   0.0294   1.7642
21.0836    0.0203   0.4341   0.0295   1.7601
20.5578    0.0147   0.5349   0.0208   3.3027
21.0291    0.0200   0.3676   0.0291   1.7742
21.0462    0.0200   0.3874   0.0290   1.7762
20.7279    0.0163   0.5945   0.0231   3.0742
21.1043    0.0205   0.4316   0.0299   1.7429
20.5624    0.0147   0.5552   0.0207   3.2887
21.0696    0.0203   0.4260   0.0295   1.7601
21.0549    0.0201   0.3834   0.0293   1.7682
21.0357    0.0200   0.3876   0.0290   1.7785
20.5503    0.0145   0.6013   0.0205   3.1507
21.0468    0.0198   0.3757   0.0287   1.7899
21.1017    0.0208   0.4215   0.0303   1.7266
21.0144    0.0197   0.3555   0.0286   1.7976
20.9325    0.0181   0.6541   0.0259   2.9535
21.0427    0.0202   0.4835   0.0293   1.7662
21.0970    0.0206   0.4351   0.0301   1.7377
21.0424    0.0200   0.4745   0.0290   1.7785
21.0085    0.0196   0.3771   0.0284   1.8052
20.6356    0.0152   0.6062   0.0216   3.2137
20.5859    0.0148   0.5702   0.0209   3.1997
21.1472    0.0209   0.4308   0.0306   1.7173
20.9261    0.0186   0.3494   0.0267   1.8677
20.6102    0.0149   0.5298   0.0211   3.1694
20.8697    0.0179   0.3225   0.0257   1.9048
20.4526    0.0139   0.5259   0.0196   3.2592
20.8850    0.0182   0.3042   0.0260   1.8909
21.0243    0.0195   0.3882   0.0282   1.8166
20.5292    0.0144   0.5018   0.0203   3.3229
20.3133    0.0125   0.4443   0.0178   3.5181
20.4636    0.0138   0.4763   0.0195   3.4102
20.9009    0.0181   0.3134   0.0259   1.8955
20.3832    0.0130   0.4724   0.0185   3.4550
20.9281    0.0188   0.3827   0.0270   1.8584
20.7142    0.0159   0.5222   0.0225   3.1247
20.8613    0.0179   0.2825   0.0257   1.9048
20.5172    0.0140   0.4746   0.0199   3.3885
20.2971    0.0124   0.4300   0.0176   3.5526
20.4884    0.0141   0.5227   0.0199   3.2425
20.2767    0.0123   0.4339   0.0175   3.5610
20.9909    0.0193   0.3652   0.0278   1.8306
20.9676    0.0191   0.3925   0.0275   1.8399
20.0193    0.0104   0.2746   0.0152   3.9579
20.3889    0.0129   0.3812   0.0184   3.5104
20.8190    0.0171   0.2682   0.0243   1.9604
20.8360    0.0173   0.2464   0.0246   1.9465
20.3713    0.0129   0.4486   0.0184   3.3650
20.1903    0.0115   0.3620   0.0165   3.7009
20.8427    0.0175   0.3009   0.0249   1.9326
20.1623    0.0114   0.3462   0.0165   3.7009
20.8185    0.0175   0.2468   0.0250   1.9280
20.3625    0.0129   0.3812   0.0183   3.5303
20.7259    0.0165   0.2598   0.0234   2.0022
20.8226    0.0175   0.3258   0.0250   1.9280
20.1938    0.0115   0.3457   0.0165   3.7138
20.3754    0.0129   0.4659   0.0184   3.3941
20.1143    0.0111   0.3084   0.0160   3.8189
20.8615    0.0173   0.3123   0.0247   1.9419
20.3519    0.0127   0.3457   0.0180   3.5627
20.3158    0.0126   0.4506   0.0180   3.4218
20.1890    0.0115   0.3439   0.0165   3.7094
20.6638    0.0155   0.2058   0.0220   2.0717
20.5981    0.0152   0.1954   0.0214   2.1042
20.3310    0.0126   0.3595   0.0180   3.5687
20.2749    0.0122   0.3715   0.0175   3.5272
20.7052    0.0161   0.2227   0.0229   2.0253
20.0755    0.0108   0.2834   0.0156   3.8524
20.7439    0.0162   0.2184   0.0230   2.0207
20.0839    0.0108   0.2720   0.0157   3.8605
20.1864    0.0115   0.3337   0.0166   3.7109
20.7060    0.0161   0.2354   0.0229   2.0253
20.6402    0.0152   0.2242   0.0215   2.0995
20.6550    0.0155   0.1901   0.0219   2.0763
20.7046    0.0162   0.2565   0.0230   2.0207
20.6290    0.0152   0.1976   0.0215   2.0995
20.0374    0.0105   0.2794   0.0154   3.9348
20.5486    0.0145   0.1889   0.0205   2.1644
20.5323    0.0143   0.1398   0.0202   2.1830
20.5602    0.0147   0.1982   0.0208   2.1459
20.2237    0.0118   0.2910   0.0169   3.6806
20.5300    0.0145   0.1340   0.0205   2.1598
19.9753    0.0101   0.2407   0.0149   3.9969
20.5199    0.0143   0.1671   0.0202   2.1830
20.0772    0.0108   0.2703   0.0156   3.8275
20.5410    0.0143   0.2018   0.0203   2.1783
20.5604    0.0146   0.1884   0.0206   2.1552
19.9649    0.0101   0.2428   0.0149   4.0182
19.7952    0.0090   0.1508   0.0137   4.3242
20.5388    0.0147   0.1752   0.0208   2.1412
20.5523    0.0143   0.1549   0.0203   2.1783
20.1095    0.0109   0.2421   0.0159   3.8210
20.4159    0.0133   0.1037   0.0189   2.2757
19.9966    0.0102   0.2283   0.0150   3.9393
20.4285    0.0135   0.1064   0.0191   2.2572
20.0617    0.0107   0.2628   0.0155   3.8529
19.8750    0.0096   0.2061   0.0143   4.1573
19.9599    0.0101   0.2423   0.0148   3.9791
19.9814    0.0102   0.2674   0.0150   3.9420
20.4742    0.0138   0.1194   0.0196   2.2247
20.4319    0.0136   0.1348   0.0192   2.2525
20.4133    0.0133   0.0932   0.0189   2.2757
20.3763    0.0131   0.1516   0.0187   2.2961
20.4852    0.0137   0.1337   0.0194   2.2340
20.3280    0.0127   0.0991   0.0181   2.3467
20.2922    0.0124   0.0969   0.0177   2.3809
20.2764    0.0123   0.0711   0.0175   2.3953
20.2794    0.0123   0.0861   0.0175   2.3953
20.2852    0.0123   0.0801   0.0175   2.3953
19.7295    0.0087   0.1425   0.0133   4.4346
19.9427    0.0099   0.2161   0.0147   3.9920
19.6596    0.0083   0.1328   0.0129   4.5587
20.3370    0.0127   0.0738   0.0181   2.3467
19.8973    0.0097   0.1975   0.0144   4.0674
20.2765    0.0123   0.0912   0.0175   2.3953
19.5832    0.0079   0.0659   0.0125   4.7208
19.6023    0.0081   0.1006   0.0127   4.6258
19.6881    0.0085   0.1465   0.0131   4.5006
20.1811    0.0115   0.0270   0.0166   2.4966
20.1774    0.0115   0.0345   0.0166   2.4966
20.2250    0.0116   0.0636   0.0167   2.4821
20.2159    0.0118   0.0545   0.0170   2.4532
20.2025    0.0116   0.0482   0.0167   2.4821
20.2234    0.0117   0.0418   0.0168   2.4677
20.2807    0.0122   0.0509   0.0174   2.4098
19.3927    0.0071   0.0419   0.0117   5.0671
20.1434    0.0112   0.0489   0.0161   2.5479
20.1657    0.0114   0.0603   0.0164   2.5111
19.5141    0.0076   0.0726   0.0122   4.8182
20.0714    0.0108  -0.0041   0.0157   2.6035
20.0768    0.0108   0.0287   0.0157   2.6035
19.4241    0.0072   0.0386   0.0118   5.0093
19.6689    0.0085   0.1030   0.0131   4.4481
20.0951    0.0108   0.0144   0.0157   2.6035
20.0337    0.0103  -0.0173   0.0151   2.6777
19.3205    0.0068   0.0249   0.0115   5.2071
19.5569    0.0078   0.0796   0.0124   4.7077
19.9992    0.0103   0.0082   0.0151   2.6777
19.9870    0.0102  -0.0100   0.0150   2.6963
20.0187    0.0103   0.0142   0.0151   2.6777
20.0637    0.0107   0.0066   0.0155   2.6221
19.4629    0.0074   0.0423   0.0120   4.9295
19.5090    0.0076   0.0569   0.0122   4.7958
19.1478    0.0062  -0.0391   0.0109   5.5780
19.4190    0.0072   0.0524   0.0118   4.9965
19.9522    0.0099  -0.0076   0.0146   2.7519
19.9178    0.0097  -0.0477   0.0144   2.7890
19.4808    0.0075   0.0541   0.0121   4.8282
19.9351    0.0099  -0.0283   0.0146   2.7519
19.2535    0.0066   0.0031   0.0112   5.3369
19.2237    0.0064   0.0038   0.0111   5.4111
19.8292    0.0092  -0.0269   0.0139   2.8817
19.8396    0.0093  -0.0360   0.0140   2.8632
19.3612    0.0070   0.0211   0.0116   5.0879
19.1986    0.0063  -0.0326   0.0110   5.4853
19.8436    0.0093  -0.0202   0.0140   2.8632
19.8652    0.0095  -0.0456   0.0142   2.8261
19.7656    0.0089  -0.0726   0.0135   2.9559
19.2111    0.0063  -0.0220   0.0110   5.4667
19.2406    0.0065  -0.0374   0.0112   5.3513
19.7790    0.0089  -0.0618   0.0136   2.9374
19.1242    0.0061  -0.0456   0.0108   5.6336
19.7498    0.0088  -0.0689   0.0134   2.9745
19.6948    0.0085  -0.0751   0.0131   3.0301
19.6592    0.0083  -0.0862   0.0129   3.0857
19.6868    0.0085  -0.0858   0.0131   3.0486
19.6975    0.0085  -0.0891   0.0131   3.0301
19.2203    0.0065  -0.0219   0.0111   5.3407
19.2049    0.0063  -0.0236   0.0110   5.4358
19.6281    0.0082  -0.0962   0.0128   3.1161
18.9034    0.0053  -0.0787   0.0102   6.1728
18.9748    0.0056  -0.0790   0.0104   5.9793
19.1660    0.0062  -0.0366   0.0109   5.4984
18.9889    0.0056  -0.0751   0.0104   5.9388
19.5028    0.0076  -0.1300   0.0122   3.2778
19.4703    0.0075  -0.1402   0.0121   3.3123
18.9106    0.0054  -0.1040   0.0102   6.1295
19.5556    0.0078  -0.0941   0.0124   3.2089
19.0209    0.0057  -0.0785   0.0105   5.8301
18.9712    0.0056  -0.1018   0.0104   5.9344
18.8502    0.0052  -0.1212   0.0101   6.2867
18.9655    0.0055  -0.1001   0.0103   5.9529
19.0122    0.0057  -0.0883   0.0105   5.8274
19.0151    0.0056  -0.0723   0.0104   5.8293
19.3628    0.0070  -0.1517   0.0116   3.4606
19.3443    0.0069  -0.1856   0.0115   3.4977
19.3683    0.0070  -0.1475   0.0116   3.4606
18.8549    0.0052  -0.1182   0.0101   6.2682
19.2793    0.0066  -0.1872   0.0113   3.6033
19.3119    0.0068  -0.1555   0.0114   3.5402
19.2669    0.0066  -0.1907   0.0113   3.6033
19.2858    0.0067  -0.1532   0.0113   3.5780
19.2532    0.0066  -0.1834   0.0112   3.6159
19.2112    0.0063  -0.1670   0.0110   3.6982
19.2296    0.0065  -0.1841   0.0111   3.6507
18.6101    0.0045  -0.1559   0.0096   6.9289
19.1775    0.0063  -0.1933   0.0110   3.7358
19.1524    0.0061  -0.2051   0.0109   3.7892
19.1421    0.0061  -0.2159   0.0109   3.7892
19.1278    0.0061  -0.2237   0.0108   3.8070
18.5979    0.0045  -0.1775   0.0096   6.9097
19.1130    0.0060  -0.2001   0.0107   3.8425
18.5240    0.0043  -0.1829   0.0094   7.1527
18.4420    0.0041  -0.1969   0.0093   7.3929
18.5986    0.0045  -0.1779   0.0096   6.8326
18.4661    0.0042  -0.2120   0.0094   7.3143
18.3568    0.0040  -0.1976   0.0092   7.6780
19.0002    0.0056  -0.2335   0.0104   4.0250
18.3875    0.0040  -0.2182   0.0092   7.5413
18.9096    0.0054  -0.2652   0.0102   4.1734
18.4208    0.0041  -0.2202   0.0093   7.4282
18.8541    0.0052  -0.2558   0.0101   4.2661
18.8904    0.0053  -0.2416   0.0102   4.2105
18.7789    0.0050  -0.2682   0.0099   4.3959
18.8252    0.0051  -0.2723   0.0100   4.3218
18.3187    0.0039  -0.2337   0.0091   7.6790
18.2060    0.0037  -0.2410   0.0090   8.1260
18.2283    0.0037  -0.2483   0.0090   8.0235
18.0610    0.0034  -0.2704   0.0089   8.6435
18.1818    0.0036  -0.2465   0.0090   8.1348
18.6257    0.0046  -0.2914   0.0096   4.6741
18.0659    0.0034  -0.2680   0.0089   8.6101
17.9462    0.0032  -0.2780   0.0087   9.0886
18.0471    0.0034  -0.2789   0.0088   8.5711
18.0883    0.0034  -0.2672   0.0089   8.4435
18.0164    0.0033  -0.2870   0.0088   8.7088
18.0111    0.0033  -0.2858   0.0088   8.7409
18.4526    0.0042  -0.3459   0.0093   5.0148
17.7420    0.0029  -0.3348   0.0086   9.8467
17.7516    0.0029  -0.3286   0.0086   9.7831
18.2824    0.0038  -0.3725   0.0091   5.3683
17.6494    0.0028  -0.3583   0.0085  10.2094
18.1792    0.0036  -0.3899   0.0090   5.5909
17.6022    0.0027  -0.3507   0.0085  10.3392
18.0268    0.0034  -0.4082   0.0088   5.9061
17.6448    0.0028  -0.3420   0.0085  10.0795
17.9939    0.0033  -0.4276   0.0088   5.9989
17.5569    0.0027  -0.3677   0.0085  10.4875
17.2954    0.0024  -0.3999   0.0083  11.7381
17.9308    0.0032  -0.4160   0.0087   6.1472
17.7857    0.0030  -0.4370   0.0086   6.5067
17.7256    0.0029  -0.4609   0.0086   6.6489
17.1153    0.0022  -0.4290   0.0082  12.5623
17.5958    0.0027  -0.4677   0.0085   6.9972
17.0597    0.0022  -0.4358   0.0082  12.6341
16.9818    0.0021  -0.4528   0.0082  13.0013
16.8104    0.0020  -0.4637   0.0081  13.9857
17.1622    0.0022  -0.5177   0.0083   8.1613
16.4348    0.0017  -0.5206   0.0081  16.0902
16.8888    0.0020  -0.5569   0.0082   8.9155
16.8366    0.0020  -0.5444   0.0082   9.0757
15.9979    0.0015  -0.5723   0.0080  18.4149
15.9213    0.0015  -0.5728   0.0080  18.4524
16.2123    0.0016  -0.5937   0.0080  10.8528
