#ID x y mag e_mag col1 e_col1 memb_prob sel
150172   4946.351000 3331.838000  18.2570   0.0100  -0.3010   0.0100   0.7550      1
151935   5104.882000 3284.591000  17.9640   0.0200  -0.3580   0.0220   0.7410      1
151032   5021.993000 3358.139000  19.6690   0.0070   0.0900   0.0100   0.7400      1
150689   4991.494000 3459.750000  17.9600   0.0150  -0.3750   0.0170   0.7390      1
149483   4887.912000 3443.081000  19.0730   0.0080  -0.1840   0.0170   0.7320      1
149945   4927.658000 3179.370000  19.6740   0.0090   0.1660   0.0380   0.7300      1
150886   5007.792000 3345.653000  18.2120   0.0070  -0.2910   0.0090   0.7290      1
149218   4864.808000 3403.249000  17.9710   0.0040  -0.3620   0.0050   0.7220      1
151949   5105.558000 3159.356000  19.7430   0.0080   0.2090   0.0170   0.7150      1
152213   5128.095000 3380.928000  20.2080   0.0150  -0.3070   0.0190   0.7130      1
150246   4953.218000 3450.484000  20.2160   0.0090  -0.2590   0.0240   0.7120      1
152438   5149.794000 3225.613000  19.0730   0.0060  -0.0240   0.0070   0.7090      1
150785   5000.039000 3345.725000  19.6950   0.0080  -0.1040   0.0120   0.7090      1
151119   5030.168000 3375.638000  19.2310   0.0060  -0.0880   0.0070   0.7080      1
151689   5081.035000 3445.985000  19.0710   0.0070  -0.1040   0.0110   0.7000      1
150617   4984.975000 3376.415000  19.5700   0.0080   0.0940   0.0140   0.7000      1
150758   4997.319000 3154.020000  19.6720   0.0070   0.1810   0.0080   0.6990      1
149979   4931.205000 3393.053000  19.1050   0.0060  -0.3310   0.0160   0.6980      1
152690   5169.499000 3324.031000  18.2730   0.0040  -0.3730   0.0050   0.6970      1
151635   5075.818000 3340.879000  17.1780   0.0030  -0.2650   0.0130   0.6960      1
151599   5072.866000 3145.623000  18.2410   0.0030  -0.2630   0.0040   0.6950      1
151017   5020.047000 3370.301000  18.2380   0.0040  -0.3130   0.0050   0.6950      1
150980   5016.503000 3353.733000  18.2910   0.0040  -0.2890   0.0050   0.6950      1
152205   5127.309000 3233.425000  18.6130   0.0040  -0.2170   0.0050   0.6950      1
150849   5004.958000 3360.257000  19.0830   0.0130  -0.1270   0.0150   0.6950      1
151343   5050.083000 3281.644000  17.1740   0.0040  -0.4070   0.0200   0.6930      1
149299   4871.747000 3166.965000  19.2710   0.0060  -0.0010   0.0080   0.6930      1
153051   5197.879000 3371.354000  17.8640   0.0050  -0.3190   0.0050   0.6900      1
151107   5029.427000 3369.890000  18.5850   0.0040  -0.2410   0.0050   0.6850      1
150546   4978.455000 3377.140000  18.7850   0.0050  -0.2220   0.0080   0.6850      1
152765   5176.062000 3164.086000  18.8880   0.0090   1.0930   0.0180   0.6850      1
152047   5113.921000 3316.360000  18.1830   0.0330  -0.3670   0.0500   0.6850      1
150566   4980.395000 3492.030000  21.1980   0.0270   0.0110   0.0290   0.6840      1
151759   5087.781000 3437.955000  18.7630   0.0040  -0.2330   0.0050   0.6830      1
149594   4898.259000 3146.848000  19.9320   0.0080   0.2050   0.0100   0.6830      1
152643   5166.447000 3330.010000  18.8480   0.0080   1.0400   0.0500   0.6820      1
153312   5220.035000 3207.107000  18.8130   0.0100   1.2890   0.0210   0.6820      1
152147   5122.894000 3097.068000  19.2150   0.0070  -0.0790   0.0080   0.6810      1
150953   5014.631000 3075.931000  17.8680   0.0080  -0.3070   0.0090   0.6790      1
151257   5042.832000 3319.135000  17.8870   0.0210  -0.3510   0.0220   0.6780      1
150065   4937.432000 3305.192000  18.0410   0.0070  -0.3250   0.0130   0.6770      1
149760   4912.020000 3371.989000  19.6840   0.0240   0.1150   0.0280   0.6760      1
152369   5143.745000 3367.403000  19.9040   0.0090   1.6010   0.0270   0.6750      1
151318   5047.614000 3341.282000  17.8580   0.0040  -0.3070   0.0060   0.6740      1
151008   5018.820000 3098.831000  19.6770   0.0210  -0.2100   0.0280   0.6730      1
150850   5004.968000 3394.536000  19.6210   0.0070  -0.1650   0.0080   0.6720      1
150455   4971.021000 3431.402000  19.7000   0.0130   0.1630   0.0410   0.6720      1
149641   4901.777000 3154.773000  19.7830   0.0200   0.4130   0.0210   0.6720      1
151966   5107.022000 3084.838000  19.7670   0.0070   0.1840   0.0090   0.6700      1
150018   4933.608000 3462.967000  20.1970   0.0120  -0.0840   0.0150   0.6700      1
150553   4978.779000 3301.772000  18.8010   0.0050  -0.2380   0.0060   0.6690      1
150516   4975.250000 3408.647000  19.2760   0.0070  -0.0670   0.0080   0.6690      1
149604   4898.970000 3385.841000  19.9220   0.0130   1.5900   0.0210   0.6690      1
152255   5132.148000 3351.418000  19.2460   0.0160  -0.1010   0.0300   0.6690      1
149863   4920.252000 3414.750000  18.1950   0.0020  -0.2310   0.0040   0.6680      1
151427   5058.437000 3377.937000  18.7520   0.0060   2.0240   0.0130   0.6680      1
152809   5178.899000 3357.201000  20.0840   0.0100  -0.0770   0.0120   0.6670      1
153268   5215.644000 3264.967000  18.6260   0.0040  -0.2020   0.0050   0.6650      1
150688   4991.479000 3308.574000  19.8050   0.0140   0.3710   0.0430   0.6650      1
151532   5067.572000 3292.884000  19.6950   0.0070   0.1590   0.0110   0.6630      1
149926   4925.582000 3195.059000  19.8890   0.0080   1.5000   0.0160   0.6630      1
150946   5013.959000 3249.035000  17.1580   0.0030  -0.2790   0.0070   0.6620      1
152548   5158.886000 3321.925000  19.6010   0.0060   0.0980   0.0110   0.6620      1
151610   5073.869000 3252.557000  20.0460   0.0090  -0.0270   0.0130   0.6550      1
150769   4998.248000 3087.363000  19.7710   0.0120   0.1710   0.0140   0.6530      1
152239   5130.920000 3130.742000  19.4630   0.0070   0.0910   0.0080   0.6500      1
150159   4944.950000 3375.651000  19.9110   0.0150   0.2360   0.0210   0.6500      1
153470   5232.245000 3252.547000  18.3200   0.0040  -0.2910   0.0050   0.6490      1
152012   5111.164000 3372.130000  19.7610   0.0110   0.3670   0.0130   0.6490      1
150358   4963.050000 3091.586000  18.7370   0.0050   2.0080   0.0100   0.6460      1
151173   5034.711000 3367.451000  19.2540   0.0080  -0.1000   0.0220   0.6450      1
150305   4958.398000 3490.811000  19.3610   0.0200   0.1040   0.0210   0.6430      1
152635   5165.859000 3230.667000  19.5660   0.0080   0.1210   0.0090   0.6390      1
152215   5128.503000 3157.882000  19.9250   0.0080   1.6430   0.0190   0.6390      1
149927   4925.629000 3384.244000  19.4990   0.0110   0.0920   0.0130   0.6390      1
149184   4862.126000 3395.000000  19.2440   0.0090  -0.1350   0.0100   0.6380      1
149086   4853.247000 3184.063000  19.7530   0.0110   0.4730   0.0180   0.6380      1
152517   5156.533000 3430.270000  19.1990   0.0050   1.5610   0.0090   0.6370      1
150093   4939.495000 3205.640000  21.2440   0.0340  -0.0340   0.0570   0.6360      1
150048   4936.093000 3241.808000  19.4920   0.0080   1.6210   0.0480   0.6310      1
149584   4897.741000 3325.594000  20.1480   0.0090  -0.0900   0.0110   0.6310      1
148903   4838.062000 3223.656000  19.6020   0.0070   0.5650   0.0110   0.6300      1
149133   4857.528000 3264.078000  19.5600   0.0060  -0.0100   0.0070   0.6290      1
150375   4964.484000 3391.361000  18.3210   0.0090  -0.4460   0.0210   0.6290      1
150381   4965.384000 3292.843000  16.5450   0.0030  -0.4120   0.0060   0.6280      1
151748   5086.836000 3337.220000  16.5250   0.0070  -0.2310   0.0300   0.6280      1
151033   5022.009000 3382.275000  20.6210   0.0120   0.1010   0.0140   0.6280      1
150051   4936.379000 3117.395000  18.6920   0.0050   1.7350   0.0130   0.6270      1
151062   5024.985000 3104.273000  18.8830   0.0240   1.0060   0.0290   0.6270      1
150008   4932.951000 3276.830000  19.3690   0.0110   0.1610   0.0120   0.6260      1
150655   4988.509000 3435.448000  18.6860   0.0040   1.7160   0.0080   0.6250      1
153434   5229.527000 3237.626000  19.3350   0.0050  -0.0460   0.0060   0.6250      1
151527   5067.383000 3333.141000  19.6320   0.0110   0.5890   0.0230   0.6250      1
149504   4889.140000 3407.553000  21.6030   0.0230   2.2250   0.1070   0.6250      1
149580   4897.201000 3298.365000  18.0780   0.0040  -0.1900   0.0050   0.6240      1
150146   4943.967000 3429.156000  17.1580   0.0020  -0.4510   0.0160   0.6230      1
151570   5071.028000 3463.754000  19.0440   0.0050   0.0350   0.0060   0.6230      1
149622   4899.959000 3230.892000  19.1990   0.0130   1.5360   0.0140   0.6230      1
150363   4963.383000 3320.822000  17.3850   0.0020  -0.3100   0.0030   0.6220      1
151313   5047.479000 3322.899000  17.4010   0.0030  -0.3100   0.0040   0.6220      1
150677   4990.295000 3333.617000  17.3860   0.0030  -0.3520   0.0040   0.6200      1
150624   4985.518000 3210.861000  17.3980   0.0040  -0.3660   0.0050   0.6200      1
150681   4990.770000 3361.931000  18.5170   0.0040  -0.2430   0.0050   0.6180      1
150091   4939.341000 3275.716000  19.6530   0.0070   0.0170   0.0090   0.6180      1
150450   4970.816000 3376.437000  19.8980   0.0110   0.2120   0.0160   0.6180      1
152668   5167.826000 3206.197000  18.1530   0.0040  -0.3390   0.0080   0.6160      1
151976   5107.525000 3265.773000  18.7580   0.0080  -0.1930   0.0140   0.6130      1
149848   4918.925000 3235.804000  18.8080   0.0040   1.3420   0.0300   0.6110      1
150444   4970.511000 3267.301000  19.6320   0.0110  -0.1600   0.0130   0.6110      1
151568   5070.783000 3123.669000  18.7300   0.0050   1.4990   0.0210   0.6100      1
152469   5152.382000 3301.915000  18.5420   0.0040  -0.3800   0.0130   0.6090      1
149884   4921.868000 3430.578000  20.5360   0.0120   0.2700   0.0160   0.6090      1
152103   5118.610000 3291.702000  19.4710   0.0150   0.0760   0.0160   0.6030      1
152573   5160.412000 3397.129000  19.5050   0.0060   1.4970   0.0190   0.6000      1
151694   5081.308000 3321.788000  18.5360   0.0200  -0.2160   0.0300   0.5990      1
151590   5072.370000 3262.550000  19.0430   0.0060  -0.1330   0.0070   0.5980      1
151687   5080.888000 3349.126000  18.7890   0.0060  -0.0030   0.0080   0.5980      1
151656   5077.870000 3206.170000  19.2680   0.0270   0.0000   0.0350   0.5960      1
149617   4899.565000 3265.854000  18.9960   0.0040   1.5030   0.0070   0.5950      1
149317   4872.903000 3413.206000  19.4540   0.0050  -0.1290   0.0070   0.5950      1
149529   4891.610000 3226.989000  18.0930   0.0040   2.0850   0.0090   0.5940      1
153137   5204.362000 3428.470000  20.4590   0.0130   0.1530   0.0180   0.5940      1
152204   5127.122000 3271.242000  20.4740   0.0140   0.2200   0.0420   0.5940      1
152860   5183.125000 3294.008000  18.6280   0.0040   1.7690   0.0080   0.5920      1
150947   5013.962000 3304.475000  18.9260   0.0050  -0.1590   0.0120   0.5920      1
149475   4886.895000 3399.648000  19.1600   0.0070   1.5590   0.0110   0.5920      1
153720   5253.488000 3313.075000  19.2110   0.0160  -0.0060   0.0190   0.5920      1
152363   5142.696000 3339.394000  18.1220   0.0040   1.9240   0.0330   0.5910      1
149767   4912.761000 3310.295000  20.9870   0.0160   0.4320   0.0210   0.5900      1
153081   5200.365000 3340.072000  20.2300   0.0110   0.6590   0.0140   0.5890      1
152247   5131.392000 3437.387000  19.6550   0.0050   1.4810   0.0120   0.5870      1
149454   4884.875000 3292.788000  20.1730   0.0110   0.7170   0.0210   0.5860      1
149843   4918.462000 3292.385000  20.0320   0.0140  -0.0650   0.0210   0.5860      1
150581   4981.310000 3269.290000  18.8700   0.0180  -0.4410   0.0380   0.5860      1
151655   5077.762000 3326.149000  18.5510   0.0060  -0.1300   0.0070   0.5840      1
150092   4939.342000 3368.678000  20.5290   0.0130   0.3010   0.0200   0.5840      1
151044   5023.623000 3411.789000  18.6070   0.0040   1.8590   0.0140   0.5830      1
151964   5106.837000 3118.806000  19.3530   0.0050   1.8950   0.0120   0.5820      1
152574   5160.458000 3123.885000  19.3580   0.0060   1.8480   0.0130   0.5820      1
151617   5074.723000 3243.007000  21.8460   0.0350   1.8570   0.1560   0.5820      1
148834   4832.009000 3304.090000  18.7880   0.0030   1.5700   0.0070   0.5810      1
149228   4865.542000 3243.708000  17.7280   0.0040  -0.4210   0.0070   0.5810      1
150692   4991.700000 3243.499000  17.7140   0.0030  -0.4250   0.0080   0.5790      1
150711   4994.035000 3437.402000  18.9730   0.0050   1.5140   0.0090   0.5790      1
148845   4832.782000 3316.078000  20.3400   0.0160  -0.2100   0.0340   0.5790      1
152787   5177.559000 3285.680000  20.1990   0.0110   0.8150   0.0170   0.5780      1
149980   4931.217000 3436.212000  20.0140   0.0080   0.3760   0.0120   0.5770      1
151406   5056.696000 3397.650000  18.7200   0.0040   1.6660   0.0220   0.5760      1
149899   4923.019000 3342.472000  18.3900   0.0070  -0.2830   0.0080   0.5750      1
152098   5118.373000 3336.204000  20.2140   0.0280  -0.0720   0.0320   0.5750      1
149634   4901.061000 3394.112000  17.3570   0.0030   2.3770   0.0100   0.5730      1
151541   5068.208000 3365.390000  20.4280   0.0120   0.3480   0.0180   0.5720      1
152022   5111.894000 3240.863000  20.4380   0.0100   0.3320   0.0130   0.5700      1
149916   4924.545000 3249.467000  20.0060   0.0110   0.3980   0.0130   0.5690      1
151477   5062.665000 3143.765000  18.7080   0.0040   1.6840   0.0090   0.5680      1
150997   5017.754000 3265.905000  18.4930   0.0050  -0.1760   0.0090   0.5670      1
151135   5031.069000 3221.020000  19.6020   0.0100  -0.0080   0.0140   0.5670      1
150550   4978.658000 3338.925000  20.3200   0.0120  -0.0640   0.0210   0.5670      1
149140   4858.185000 3280.858000  19.8620   0.0130  -0.1890   0.0260   0.5670      1
150027   4934.815000 3248.780000  19.7430   0.0070  -0.1190   0.0080   0.5660      1
152992   5193.035000 3159.130000  18.4010   0.0040  -0.2700   0.0060   0.5650      1
153391   5225.802000 3332.844000  20.8070   0.0280   1.1340   0.0350   0.5650      1
150333   4960.823000 3404.091000  18.7060   0.0050   1.2540   0.0300   0.5640      1
152675   5168.228000 3368.163000  18.7000   0.0070   1.7980   0.0090   0.5640      1
152269   5133.118000 3479.313000  19.8020   0.0090   0.1700   0.0160   0.5640      1
152013   5111.357000 3254.634000  17.5340   0.0040   2.5240   0.0080   0.5620      1
152887   5185.035000 3363.801000  18.7080   0.0050   1.7330   0.0160   0.5620      1
149949   4927.814000 3451.720000  19.6480   0.0070  -0.0010   0.0090   0.5620      1
152298   5136.854000 3302.668000  19.8220   0.0120   0.5730   0.0140   0.5620      1
151028   5021.519000 3139.471000  17.2720   0.0030   3.0380   0.0090   0.5610      1
151518   5066.937000 3304.087000  17.9780   0.0030   1.7340   0.0110   0.5610      1
151692   5081.202000 3417.414000  19.1410   0.0050  -0.0870   0.0090   0.5610      1
149545   4893.702000 3158.913000  19.7670   0.0070   0.0250   0.0090   0.5610      1
153396   5226.034000 3184.094000  20.0220   0.0080   0.0330   0.0110   0.5610      1
153030   5196.137000 3421.798000  17.3680   0.0030   2.2970   0.0060   0.5600      1
149720   4908.661000 3397.737000  19.8160   0.0180   0.3060   0.0390   0.5600      1
151242   5041.816000 3456.793000  18.5800   0.0040  -0.2740   0.0060   0.5590      1
152112   5119.655000 3442.058000  18.6800   0.0040   0.4260   0.0060   0.5590      1
152120   5120.616000 3156.530000  19.1720   0.0050   1.1170   0.0080   0.5590      1
153259   5215.095000 3187.098000  17.7230   0.0030  -0.1230   0.0040   0.5580      1
153433   5229.497000 3290.525000  20.3030   0.0100   0.7570   0.0140   0.5580      1
151295   5046.132000 3484.777000  17.7020   0.0030   1.6710   0.0050   0.5570      1
152713   5171.769000 3284.690000  18.2890   0.0040   2.0930   0.0060   0.5570      1
149830   4917.459000 3265.567000  17.9110   0.0040   2.2070   0.0070   0.5570      1
151709   5082.586000 3210.343000  15.8430   0.0070   1.3680   0.0080   0.5560      1
152352   5141.965000 3479.341000  19.3270   0.0080   1.3130   0.0190   0.5560      1
150837   5004.253000 3370.327000  20.7790   0.0150   1.7660   0.0440   0.5560      1
151642   5076.437000 3115.803000  19.4930   0.0160  -0.1570   0.0180   0.5560      1
152547   5158.870000 3189.886000  20.7370   0.0270   2.9400   0.0700   0.5560      1
152694   5169.909000 3347.902000  16.7700   0.0030   2.7800   0.0060   0.5550      1
149895   4922.380000 3174.949000  18.3230   0.0030   1.6080   0.0070   0.5550      1
150289   4956.739000 3340.071000  17.9790   0.0040  -0.8940   0.0420   0.5550      1
153205   5211.046000 3414.691000  17.1850   0.0050   1.9580   0.0090   0.5550      1
151384   5054.115000 3362.891000  17.3090   0.0060  -0.3050   0.0100   0.5550      1
150569   4980.424000 3162.024000  19.8240   0.0070  -0.0980   0.0090   0.5550      1
150866   5006.229000 3210.838000  20.6150   0.0120   0.0390   0.0140   0.5550      1
151625   5075.376000 3222.990000  20.6080   0.0190   1.9870   0.0560   0.5550      1
149964   4929.556000 3301.062000  16.9950   0.0030  -0.3420   0.0210   0.5540      1
150645   4986.875000 3167.834000  18.4470   0.0040   1.4940   0.0060   0.5540      1
149363   4877.021000 3391.735000  19.3600   0.0050   3.3160   0.0290   0.5540      1
153454   5230.973000 3278.313000  19.7000   0.0060   0.3240   0.0080   0.5540      1
153428   5229.143000 3315.296000  19.7830   0.0070   1.7680   0.0140   0.5540      1
151775   5088.711000 3473.042000  19.9620   0.0120   0.2010   0.0200   0.5540      1
150867   5006.245000 3403.815000  17.2160   0.0040   2.4190   0.0100   0.5530      1
149777   4913.524000 3318.584000  20.4980   0.0090   3.0640   0.0620   0.5530      1
151458   5061.005000 3331.312000  19.9390   0.0180  -0.1050   0.0210   0.5530      1
152076   5116.303000 3278.776000  18.1000   0.0030   0.1110   0.0050   0.5520      1
153639   5246.239000 3327.966000  17.2170   0.0030  -0.4060   0.0060   0.5520      1
153426   5229.118000 3270.486000  18.2830   0.0040   1.9890   0.0060   0.5520      1
150540   4978.125000 3197.739000  17.9530   0.0040   1.9960   0.0070   0.5520      1
150026   4934.784000 3340.137000  17.3350   0.0040  -0.4790   0.0130   0.5520      1
150105   4940.909000 3314.661000  17.7960   0.0040   1.9780   0.0140   0.5520      1
152084   5117.298000 3215.985000  18.6900   0.0050   1.6680   0.0270   0.5520      1
151782   5089.323000 3091.884000  20.0830   0.0110  -0.2720   0.0450   0.5520      1
151734   5084.938000 3164.467000  20.7560   0.0120   0.3490   0.0240   0.5520      1
151395   5055.866000 3226.575000  20.7760   0.0160   1.0700   0.0430   0.5520      1
150498   4974.157000 3350.761000  17.4950   0.0030  -0.3620   0.0040   0.5510      1
149353   4876.355000 3300.086000  17.2630   0.0030  -0.4460   0.0050   0.5510      1
153003   5194.046000 3356.581000  16.1670   0.0040   3.0650   0.0060   0.5510      1
150295   4957.082000 3360.752000  17.8080   0.0040  -0.5160   0.0220   0.5510      1
152520   5156.821000 3379.097000  18.9360   0.0050   1.1940   0.0090   0.5510      1
151326   5048.417000 3124.570000  16.9620   0.0030  -0.4290   0.0350   0.5500      1
150815   5002.496000 3236.902000  20.4600   0.0110   0.1250   0.0170   0.5500      1
151248   5042.372000 3337.594000  17.2520   0.0040  -0.3790   0.0060   0.5490      1
151752   5087.325000 3376.848000  17.5900   0.0040  -0.3190   0.0080   0.5490      1
150987   5016.894000 3404.079000  19.1260   0.0080  -0.2020   0.0120   0.5490      1
152407   5147.551000 3443.572000  18.3950   0.0130   0.4820   0.0190   0.5490      1
152211   5127.897000 3261.040000  19.1560   0.0140  -0.2040   0.0150   0.5490      1
150929   5012.142000 3422.786000  20.8670   0.0140   0.1920   0.0180   0.5490      1
153004   5194.183000 3226.643000  21.8410   0.0280   1.6330   0.0820   0.5490      1
152179   5125.273000 3303.465000  19.4680   0.0060  -0.0640   0.0090   0.5480      1
153612   5243.671000 3225.177000  19.9340   0.0080  -0.0730   0.0100   0.5480      1
151779   5089.076000 3456.254000  20.7600   0.0160   0.3410   0.0230   0.5480      1
149605   4899.002000 3368.194000  17.4330   0.0030  -0.3350   0.0040   0.5470      1
150155   4944.597000 3112.892000  18.5870   0.0040   1.7120   0.0090   0.5470      1
153161   5206.712000 3184.306000  18.6270   0.0090   1.7560   0.0220   0.5470      1
150320   4959.850000 3224.067000  18.3170   0.0040   1.7570   0.0060   0.5460      1
149844   4918.684000 3366.714000  21.6440   0.0430  -1.1780   0.0490   0.5460      1
150274   4955.524000 3157.324000  17.0500   0.0030  -0.3170   0.0090   0.5450      1
151560   5069.743000 3096.895000  18.9860   0.0040   1.8560   0.0100   0.5450      1
151580   5071.631000 3275.835000  18.4770   0.0060  -0.1500   0.0070   0.5450      1
150236   4952.136000 3278.731000  18.9050   0.0070  -0.1030   0.0080   0.5450      1
152927   5187.375000 3257.971000  17.7020   0.0040   1.2240   0.0100   0.5440      1
153610   5243.478000 3285.817000  19.4400   0.0070   1.5080   0.0120   0.5440      1
151486   5063.944000 3120.844000  19.8460   0.0080  -0.2540   0.0230   0.5440      1
152456   5151.158000 3329.621000  17.4780   0.0030  -0.4400   0.0090   0.5430      1
151493   5064.371000 3167.185000  21.2880   0.0500  -0.1870   0.0530   0.5430      1
150281   4956.276000 3318.168000  19.4710   0.0060  -0.1550   0.0090   0.5420      1
149866   4920.707000 3401.757000  18.4310   0.0070   1.7280   0.0200   0.5420      1
153744   5254.979000 3279.951000  19.4770   0.0050   0.4850   0.0090   0.5410      1
151714   5082.961000 3083.466000  19.1180   0.0060  -0.0180   0.0070   0.5410      1
149642   4901.784000 3169.063000  18.3730   0.0060   1.9490   0.0090   0.5410      1
149426   4882.705000 3335.669000  17.2330   0.0080  -0.2650   0.0140   0.5410      1
153092   5200.934000 3385.699000  20.3460   0.0120   0.3570   0.0160   0.5410      1
150441   4970.373000 3307.694000  20.3280   0.0140  -0.0110   0.0160   0.5390      1
149878   4921.423000 3378.860000  19.7980   0.0080   0.1350   0.0180   0.5380      1
150958   5014.952000 3166.294000  19.9990   0.0140   0.7610   0.0200   0.5380      1
153085   5200.535000 3353.882000  18.8210   0.0050  -0.1500   0.0060   0.5350      1
151089   5028.059000 3227.813000  19.4350   0.0050   1.6690   0.0170   0.5330      1
150137   4943.484000 3145.809000  20.7350   0.0130   0.5390   0.0210   0.5330      1
150743   4996.590000 3452.031000  20.6480   0.0120   0.0860   0.0190   0.5320      1
152533   5157.842000 3340.331000  19.6780   0.0240   1.2540   0.0630   0.5320      1
153344   5222.340000 3306.100000  18.4070   0.0050   1.6210   0.0140   0.5310      1
153358   5223.427000 3385.947000  20.8260   0.0170   1.0040   0.0250   0.5310      1
150099   4939.778000 3447.645000  19.7540   0.0250  -0.0820   0.0300   0.5310      1
151100   5028.662000 3331.007000  18.7990   0.0100   1.5540   0.0120   0.5300      1
150421   4969.686000 3419.358000  19.3690   0.0180  -0.0010   0.0190   0.5300      1
153448   5230.521000 3334.470000  21.4730   0.0280   0.4100   0.0360   0.5280      1
149012   4847.066000 3243.912000  20.0960   0.0080   0.7320   0.0140   0.5270      1
149292   4870.975000 3383.977000  20.7500   0.0150   0.3450   0.0270   0.5250      1
150158   4944.928000 3417.222000  19.5780   0.0060  -0.3420   0.0270   0.5230      1
149650   4902.475000 3123.905000  20.6540   0.0120   0.3310   0.0150   0.5230      1
150851   5004.978000 3420.482000  20.1740   0.0100   0.4170   0.0120   0.5220      1
152736   5173.161000 3181.098000  18.7410   0.0040   1.5860   0.0070   0.5190      1
152289   5135.412000 3151.791000  18.8780   0.0090  -0.0190   0.0100   0.5180      1
149792   4914.320000 3135.220000  20.3520   0.0150   0.0020   0.0170   0.5180      1
151490   5064.147000 3271.674000  18.6640   0.0120   1.2880   0.0310   0.5170      1
150948   5014.081000 3155.933000  20.0980   0.0130   0.4410   0.0140   0.5170      1
151064   5025.244000 3194.643000  19.0800   0.0070   0.8330   0.0120   0.5160      1
149699   4906.221000 3239.727000  20.0690   0.0100   0.5770   0.0120   0.5160      1
152122   5120.696000 3367.623000  20.7780   0.0150   1.2340   0.0270   0.5150      1
152500   5155.170000 3267.793000  21.0340   0.0160   0.4250   0.0200   0.5150      1
148824   4830.819000 3250.805000  18.7480   0.0230  -0.5460   0.0250   0.5150      1
150514   4975.213000 3168.440000  19.6640   0.0060  -0.0380   0.0080   0.5140      1
149704   4906.776000 3245.229000  20.1940   0.0090   0.4350   0.0130   0.5130      1
153237   5213.286000 3234.719000  20.7480   0.0120   0.4890   0.0160   0.5110      1
150777   4998.912000 3357.977000  18.8590   0.0080  -0.2440   0.0230   0.5100      1
151311   5047.404000 3184.790000  20.4570   0.0100   1.9950   0.0450   0.5100      1
149689   4905.389000 3438.762000  20.1500   0.0130  -0.0740   0.0240   0.5100      1
150257   4954.201000 3381.845000  20.7750   0.0150   0.8840   0.0270   0.5100      1
152608   5164.222000 3118.020000  20.3300   0.0090   0.0660   0.0120   0.5090      1
151258   5043.007000 3099.753000  20.9880   0.0150   1.0950   0.0260   0.5080      1
153250   5214.252000 3398.735000  19.0560   0.0040   1.6450   0.0100   0.5070      1
151546   5068.667000 3320.049000  16.7120   0.0040  -0.1580   0.0140   0.5070      1
151219   5039.471000 3445.540000  18.4180   0.0050   1.9820   0.0150   0.5070      1
150437   4970.236000 3258.885000  20.0900   0.0070   0.5470   0.0130   0.5070      1
152366   5143.267000 3271.676000  21.0140   0.0160   0.2620   0.0210   0.5070      1
149914   4924.444000 3369.978000  20.9360   0.0210   0.4170   0.0310   0.5070      1
152558   5159.514000 3260.861000  20.3000   0.0090   0.2800   0.0110   0.5050      1
150774   4998.683000 3117.074000  20.4390   0.0090   0.4190   0.0130   0.5050      1
152542   5158.490000 3244.226000  20.7200   0.0120   0.6590   0.0170   0.5050      1
149730   4909.041000 3343.222000  19.2600   0.0160   0.8990   0.0220   0.5050      1
149784   4913.958000 3275.158000  20.0800   0.0090   1.5660   0.0200   0.5040      1
151494   5064.440000 3373.272000  20.2960   0.0100   0.1020   0.0130   0.5040      1
152395   5146.699000 3107.569000  18.7980   0.0050   0.0100   0.0060   0.5030      1
151339   5049.659000 3231.177000  20.0670   0.0100   1.7910   0.0360   0.5030      1
150598   4983.017000 3383.001000  17.7180   0.0020  -0.3420   0.0030   0.5020      1
150370   4964.167000 3119.133000  18.0010   0.0040   2.3450   0.0070   0.5020      1
152330   5139.936000 3138.933000  19.8280   0.0080   0.8070   0.0110   0.5020      1
149723   4908.823000 3205.697000  20.6670   0.0130   0.6540   0.0180   0.5020      1
149256   4867.679000 3417.897000  20.6640   0.0140   0.0920   0.0170   0.5020      1
150107   4941.033000 3179.729000  16.3880   0.0180   2.9540   0.0180   0.5020      1
150199   4948.720000 3292.981000  20.2250   0.0250   1.3160   0.0300   0.5010      1
151287   5045.620000 3285.530000  17.1050   0.0040  -0.4330   0.0310   0.4980      1
150439   4970.263000 3480.170000  19.4330   0.0060   1.8570   0.0160   0.4980      1
149862   4920.128000 3314.430000  20.9030   0.0220   0.1710   0.0270   0.4980      1
150478   4972.404000 3334.498000  20.0690   0.0080   0.3690   0.0130   0.4970      1
152550   5159.058000 3136.605000  22.2250   0.0670   0.3340   0.0760   0.4970      1
152792   5178.016000 3249.021000  17.4930   0.0040   2.2890   0.0080   0.4960      1
152416   5148.073000 3343.911000  19.3560   0.0060   1.5710   0.0290   0.4950      1
149346   4875.909000 3185.030000  20.9190   0.0230   0.4590   0.0320   0.4950      1
153643   5246.426000 3270.598000  21.4910   0.0230   0.4290   0.0300   0.4930      1
152696   5170.303000 3171.597000  20.1030   0.0080   0.1410   0.0140   0.4900      1
149664   4903.753000 3405.654000  20.6460   0.0140  -0.2350   0.0400   0.4880      1
153622   5244.392000 3354.211000  21.0170   0.0220   0.3710   0.0340   0.4880      1
150262   4954.470000 3470.490000  19.6180   0.0080  -0.0870   0.0090   0.4870      1
151922   5103.459000 3386.013000  20.3510   0.0130   0.0170   0.0160   0.4870      1
151130   5030.739000 3147.244000  20.6950   0.0140   0.6470   0.0180   0.4870      1
151079   5027.344000 3184.988000  20.4120   0.0240   0.3780   0.0320   0.4870      1
151730   5084.573000 3193.988000  20.5840   0.0150   0.8950   0.0230   0.4850      1
149479   4887.530000 3394.129000  20.5550   0.0260   0.9570   0.0310   0.4850      1
150449   4970.784000 3102.179000  18.6220   0.0100   0.0880   0.0210   0.4830      1
150122   4942.189000 3461.133000  18.9730   0.0040  -0.1590   0.0050   0.4820      1
152367   5143.427000 3416.887000  18.7710   0.0140   1.4840   0.0280   0.4820      1
151128   5030.586000 3077.878000  20.8420   0.0190   0.1250   0.0340   0.4820      1
151650   5077.387000 3310.699000  18.1140   0.0070   2.1280   0.0340   0.4810      1
152952   5189.586000 3247.903000  20.3710   0.0100   0.2420   0.0150   0.4810      1
152906   5186.352000 3445.663000  20.8490   0.0140   0.2340   0.0170   0.4810      1
152238   5130.917000 3313.708000  19.5150   0.0060   0.3870   0.0080   0.4790      1
151788   5090.638000 3485.391000  20.4280   0.0270   0.3850   0.0290   0.4790      1
151912   5102.683000 3124.023000  19.9930   0.0100  -0.0690   0.0240   0.4780      1
149724   4908.825000 3290.468000  20.7050   0.0130   0.0040   0.0210   0.4780      1
152467   5152.267000 3178.054000  20.6160   0.0100   0.1790   0.0130   0.4770      1
151075   5026.833000 3176.292000  21.4280   0.0250   0.4280   0.0420   0.4760      1
152829   5179.951000 3382.913000  18.9310   0.0050   1.6670   0.0090   0.4750      1
152794   5178.258000 3390.283000  20.9740   0.0150   0.5220   0.0220   0.4750      1
153633   5245.315000 3256.523000  18.8330   0.0040   1.7250   0.0090   0.4740      1
152387   5146.165000 3454.975000  19.8630   0.0120   0.2030   0.0130   0.4730      1
149961   4929.328000 3122.703000  18.7450   0.0040   1.7060   0.0090   0.4720      1
150570   4980.429000 3393.743000  21.0330   0.0200   0.3960   0.0540   0.4720      1
152097   5118.264000 3193.640000  20.4940   0.0140   0.1750   0.0330   0.4710      1
150537   4977.955000 3186.555000  21.0020   0.0180   0.4800   0.0260   0.4710      1
150754   4997.076000 3099.048000  20.5910   0.0310   0.9180   0.0390   0.4700      1
149646   4902.224000 3218.254000  20.9470   0.0120   0.3650   0.0180   0.4690      1
149214   4864.277000 3169.556000  20.9160   0.0160   0.5780   0.0210   0.4680      1
150220   4950.916000 3376.730000  19.9680   0.0190   0.1780   0.0220   0.4670      1
152331   5139.990000 3177.848000  19.2050   0.0050   0.0800   0.0060   0.4660      1
150298   4957.365000 3092.564000  18.8430   0.0050   1.8180   0.0090   0.4650      1
152851   5182.411000 3276.965000  21.1070   0.0140   0.4550   0.0190   0.4640      1
151097   5028.451000 3491.818000  20.9520   0.0430   0.9740   0.0480   0.4620      1
151038   5022.398000 3430.597000  21.0500   0.0130   1.0380   0.0260   0.4610      1
150926   5011.809000 3131.609000  20.9200   0.0200   0.5810   0.0270   0.4600      1
150864   5005.998000 3333.017000  20.5350   0.0330   0.2890   0.0400   0.4600      1
152089   5117.466000 3133.213000  20.7110   0.0140   0.6800   0.0210   0.4590      1
150340   4961.544000 3207.218000  20.4430   0.0220   0.4060   0.0260   0.4590      1
153295   5218.380000 3383.660000  21.1070   0.0160   0.4670   0.0210   0.4580      1
149068   4851.842000 3255.712000  21.5960   0.0270   1.3010   0.0510   0.4580      1
152489   5153.704000 3286.854000  17.8210   0.0030  -0.2070   0.0040   0.4570      1
149874   4921.188000 3353.146000  20.7440   0.0120   0.8340   0.0290   0.4570      1
151544   5068.350000 3337.195000  19.9970   0.0150   0.0760   0.0200   0.4570      1
148846   4832.999000 3268.956000  21.0070   0.0210   0.9450   0.0290   0.4570      1
148768   4825.926000 3297.786000  21.6130   0.0310   1.2280   0.0530   0.4570      1
149318   4872.935000 3404.802000  21.0680   0.0240   0.3000   0.0380   0.4560      1
150959   5015.056000 3175.342000  20.3850   0.0410  -0.1590   0.0510   0.4550      1
152433   5149.486000 3242.497000  20.1700   0.0100   1.6250   0.0200   0.4540      1
152653   5166.745000 3422.065000  21.6220   0.0210   1.1780   0.0430   0.4540      1
151420   5057.797000 3444.383000  20.9970   0.0220   0.9800   0.0270   0.4540      1
150928   5012.022000 3345.207000  17.4850   0.0070  -0.2750   0.0080   0.4530      1
151798   5091.141000 3430.123000  20.1450   0.0070   1.7440   0.0220   0.4530      1
153294   5218.325000 3391.938000  20.7540   0.0130   0.6630   0.0190   0.4530      1
153737   5254.475000 3300.970000  18.9050   0.0040   1.3910   0.0070   0.4510      1
151755   5087.423000 3467.764000  18.8290   0.0050   1.5400   0.0150   0.4510      1
150385   4965.623000 3232.225000  18.5450   0.0050   2.0430   0.0090   0.4490      1
152849   5182.006000 3303.195000  19.5760   0.0060  -0.1180   0.0070   0.4490      1
150881   5007.520000 3428.038000  18.3830   0.0040  -0.2370   0.0050   0.4480      1
150294   4956.920000 3268.617000  19.0900   0.0050   0.2840   0.0070   0.4480      1
152418   5148.137000 3406.497000  20.0020   0.0080   0.5470   0.0220   0.4480      1
151021   5020.605000 3165.891000  20.1670   0.0130   0.3280   0.0200   0.4480      1
149397   4880.061000 3197.171000  20.0090   0.0270   0.4660   0.0300   0.4480      1
151168   5033.976000 3486.213000  21.1720   0.0190   1.1310   0.0310   0.4450      1
148956   4842.629000 3234.131000  19.3860   0.0130   0.4000   0.0160   0.4440      1
152176   5125.102000 3176.354000  20.6760   0.0110   0.3600   0.0180   0.4430      1
153152   5205.434000 3161.470000  21.1640   0.0170   0.9440   0.0310   0.4430      1
149648   4902.356000 3292.603000  18.7840   0.0060   1.9440   0.0140   0.4420      1
153272   5215.869000 3279.529000  19.9330   0.0070   0.1120   0.0090   0.4420      1
151218   5039.461000 3375.437000  20.0570   0.0080   0.2120   0.0390   0.4420      1
149969   4930.244000 3229.571000  20.0720   0.0100   0.2380   0.0170   0.4420      1
152508   5155.810000 3458.720000  20.7250   0.0200   0.5510   0.0240   0.4420      1
152297   5136.802000 3165.408000  20.3540   0.0140   0.0350   0.0180   0.4410      1
151441   5059.281000 3347.417000  20.5560   0.0150   0.3070   0.0200   0.4410      1
152431   5149.409000 3395.976000  21.5840   0.0280   1.3320   0.0460   0.4410      1
150045   4935.981000 3358.967000  18.7450   0.0040   1.8480   0.0090   0.4400      1
148785   4827.346000 3284.041000  19.4020   0.0050  -0.0760   0.0060   0.4400      1
150766   4998.051000 3363.896000  20.0420   0.0120   0.2320   0.0220   0.4400      1
152011   5111.087000 3366.060000  20.8950   0.0180   0.2420   0.0220   0.4380      1
151424   5058.024000 3436.987000  21.1120   0.0150   1.7700   0.0420   0.4360      1
152032   5113.128000 3348.359000  20.4870   0.0080   0.6440   0.0140   0.4340      1
150212   4950.036000 3177.728000  20.3060   0.0180   0.7140   0.0200   0.4340      1
150037   4935.536000 3261.896000  21.4740   0.0470   0.4120   0.0550   0.4340      1
151374   5053.359000 3093.815000  20.3770   0.0150   0.6650   0.0170   0.4330      1
152188   5126.159000 3428.635000  21.4490   0.0240   0.2390   0.0330   0.4330      1
149801   4915.412000 3193.959000  21.0400   0.0410   0.2290   0.0540   0.4330      1
151851   5095.770000 3128.968000  17.3930   0.0040   2.4140   0.0100   0.4300      1
152693   5169.884000 3198.226000  20.3170   0.0100   0.1200   0.0130   0.4300      1
152687   5169.200000 3381.919000  19.4600   0.0130  -0.0480   0.0170   0.4300      1
153100   5201.216000 3233.418000  20.6180   0.0150   0.8270   0.0200   0.4290      1
149488   4888.048000 3367.014000  21.0510   0.0180   1.0230   0.0480   0.4290      1
149570   4896.105000 3427.826000  21.5870   0.0330   1.2240   0.0500   0.4290      1
151531   5067.569000 3384.499000  20.2480   0.0260   1.0710   0.0330   0.4270      1
150337   4961.312000 3253.436000  21.4330   0.0170   1.1250   0.0310   0.4260      1
149247   4866.781000 3184.806000  19.1270   0.0040   1.8230   0.0090   0.4250      1
151185   5036.074000 3492.205000  21.3260   0.0250   0.9770   0.0330   0.4250      1
152846   5181.852000 3407.064000  20.4580   0.0120   0.3410   0.0140   0.4240      1
152308   5137.633000 3464.896000  20.9000   0.0200   0.5550   0.0500   0.4240      1
149378   4878.230000 3431.355000  21.6530   0.0240   1.3450   0.0570   0.4240      1
151216   5039.321000 3124.355000  18.8950   0.0050   0.1480   0.0130   0.4230      1
152557   5159.512000 3305.666000  18.8830   0.0060   1.6350   0.0130   0.4230      1
150057   4936.959000 3380.447000  20.1050   0.0100   0.0440   0.0140   0.4230      1
153166   5207.250000 3300.315000  21.3510   0.0180   0.9490   0.0320   0.4230      1
150908   5009.939000 3112.398000  20.9310   0.0230   1.7100   0.0440   0.4230      1
149963   4929.453000 3320.293000  20.1860   0.0280   0.4030   0.0390   0.4230      1
150195   4948.243000 3441.863000  20.0090   0.0100  -0.0150   0.0230   0.4220      1
150671   4989.719000 3119.604000  21.1160   0.0180   0.5370   0.0240   0.4220      1
150773   4998.600000 3208.140000  21.0630   0.0400   0.1800   0.0490   0.4220      1
153400   5226.174000 3349.940000  20.0710   0.0090   0.5340   0.0250   0.4200      1
150834   5004.059000 3169.742000  19.1820   0.0050   1.7330   0.0170   0.4190      1
150371   4964.358000 3436.393000  20.3360   0.0130   0.4000   0.0310   0.4190      1
149599   4898.416000 3277.653000  20.6170   0.0120   0.6940   0.0170   0.4180      1
150582   4981.438000 3445.652000  20.7100   0.0130   0.5450   0.0180   0.4180      1
153136   5204.317000 3218.441000  21.7250   0.0230   1.4830   0.0580   0.4180      1
150222   4951.135000 3258.836000  21.6970   0.0250   1.4260   0.0600   0.4180      1
152434   5149.556000 3202.987000  21.0410   0.0340   0.1350   0.0490   0.4180      1
151163   5033.128000 3132.252000  20.8430   0.0180   0.7620   0.0230   0.4160      1
152934   5187.737000 3205.647000  21.4120   0.0220   0.4480   0.0380   0.4130      1
152490   5153.933000 3171.793000  21.5670   0.0230   1.2340   0.0440   0.4120      1
152463   5151.954000 3386.157000  20.3370   0.0280   0.0610   0.0300   0.4100      1
151895   5100.530000 3087.662000  20.1450   0.0090   1.0820   0.0370   0.4090      1
151814   5092.325000 3146.608000  19.9520   0.0070   1.8200   0.0220   0.4080      1
150741   4996.541000 3136.517000  19.8650   0.0100  -0.0890   0.0140   0.4080      1
149809   4916.024000 3432.912000  21.3540   0.0200   0.9550   0.0370   0.4080      1
153370   5224.242000 3291.839000  20.4150   0.0130   0.8550   0.0170   0.4070      1
150178   4946.738000 3269.415000  20.8860   0.0140   0.4750   0.0190   0.4070      1
149770   4913.053000 3341.656000  17.6480   0.0040  -0.3170   0.0050   0.4060      1
153529   5236.947000 3290.516000  21.1760   0.0150   0.8840   0.0270   0.4060      1
150423   4969.716000 3090.826000  20.1150   0.0260   0.1600   0.0310   0.4060      1
149231   4865.766000 3205.040000  20.6620   0.0110   0.4490   0.0190   0.4040      1
149497   4888.627000 3310.429000  20.8580   0.0390   0.2110   0.0470   0.4040      1
152780   5176.927000 3187.501000  18.8100   0.0040   1.7400   0.0080   0.4020      1
152819   5179.128000 3129.966000  19.1590   0.0110  -0.0030   0.0120   0.4020      1
152017   5111.451000 3439.247000  20.8340   0.0190   0.7950   0.0350   0.4020      1
151421   5057.926000 3248.393000  21.2060   0.0410   0.1390   0.0730   0.4020      1
150359   4963.155000 3106.445000  20.7440   0.0140   0.7060   0.0190   0.4010      1
151557   5069.687000 3181.407000  21.2910   0.0210   0.9520   0.0350   0.4010      1
152804   5178.674000 3150.133000  20.7810   0.0110   0.5270   0.0170   0.4000      1
150670   4989.612000 3415.988000  21.0820   0.0150   0.9260   0.0230   0.4000      1
153023   5195.409000 3323.448000  20.6200   0.0150   0.8210   0.0310   0.4000      1
153593   5242.241000 3304.649000  21.0350   0.0170   0.8650   0.0290   0.3990      1
152540   5158.338000 3250.586000  21.3590   0.0180   0.9110   0.0300   0.3990      1
152290   5135.584000 3375.878000  20.9990   0.0500   0.3000   0.0550   0.3990      1
149858   4919.762000 3450.330000  20.9770   0.0170   0.1060   0.0250   0.3980      1
151950   5105.711000 3431.375000  21.6690   0.0310   1.2410   0.0560   0.3980      1
153533   5237.298000 3343.354000  20.9110   0.0410   0.5370   0.0440   0.3980      1
152686   5169.096000 3296.460000  20.8940   0.0200   0.9590   0.0340   0.3970      1
150856   5005.162000 3455.400000  20.5010   0.0110   1.5340   0.0240   0.3960      1
151060   5024.824000 3395.455000  21.1310   0.0230   0.5390   0.0260   0.3960      1
153214   5212.253000 3337.672000  21.0600   0.0500   0.3560   0.0580   0.3960      1
151505   5065.530000 3230.696000  19.5400   0.0080   1.7770   0.0320   0.3950      1
150918   5010.841000 3452.426000  21.3620   0.0170   0.9110   0.0300   0.3950      1
151841   5094.708000 3110.180000  21.9380   0.0510   0.0220   0.0550   0.3950      1
151996   5109.595000 3491.568000  21.5540   0.0310   1.2840   0.0530   0.3940      1
150293   4956.848000 3125.985000  21.9000   0.0400   1.4550   0.0650   0.3930      1
152659   5167.454000 3452.419000  18.6150   0.0040   1.6090   0.0160   0.3920      1
153293   5218.144000 3328.119000  21.3960   0.0160   0.6270   0.0260   0.3910      1
151121   5030.215000 3215.416000  19.8110   0.0170  -0.0130   0.0590   0.3910      1
149509   4890.279000 3322.025000  20.7700   0.0190   0.6740   0.0270   0.3900      1
151416   5057.446000 3490.844000  21.7730   0.0280   0.4720   0.0640   0.3900      1
152023   5111.901000 3300.839000  19.1450   0.0350  -0.1000   0.0420   0.3900      1
151827   5093.231000 3409.188000  21.2900   0.0450   0.9920   0.0600   0.3880      1
151592   5072.531000 3170.940000  20.9300   0.0140   0.3540   0.0210   0.3870      1
149253   4867.423000 3372.362000  20.6840   0.0190   1.0120   0.0310   0.3870      1
152353   5141.990000 3130.541000  20.6150   0.0220   0.8250   0.0260   0.3870      1
153437   5229.869000 3195.811000  20.3820   0.0360   0.2700   0.0370   0.3860      1
150464   4971.649000 3237.581000  20.8440   0.0210   0.7530   0.0260   0.3840      1
150244   4952.879000 3231.035000  21.3320   0.0190   0.7500   0.0290   0.3830      1
152338   5141.026000 3434.287000  21.0910   0.0580   0.1070   0.0620   0.3830      1
152577   5160.675000 3181.466000  21.4240   0.0300   1.1530   0.0430   0.3820      1
152161   5124.001000 3470.428000  20.0940   0.0250   0.4650   0.0340   0.3810      1
151483   5063.386000 3489.464000  21.5150   0.0450   0.2830   0.0730   0.3810      1
152027   5112.255000 3185.981000  19.6510   0.0190  -0.0720   0.0360   0.3790      1
150482   4973.113000 3284.536000  21.3350   0.0290   0.9960   0.0700   0.3790      1
152183   5125.526000 3291.489000  20.5970   0.0140   0.4130   0.0200   0.3780      1
149917   4924.657000 3149.794000  20.9240   0.0180   0.2930   0.0260   0.3780      1
152529   5157.560000 3438.722000  21.7720   0.0570   0.3810   0.0770   0.3780      1
153031   5196.141000 3401.265000  20.8870   0.0150   0.3090   0.0170   0.3770      1
149705   4907.075000 3431.068000  21.3570   0.0290   0.9460   0.0420   0.3770      1
152178   5125.254000 3454.391000  20.6970   0.0130   1.6630   0.0370   0.3750      1
150549   4978.527000 3439.663000  20.8200   0.0150   0.8050   0.0370   0.3750      1
149273   4869.582000 3262.919000  21.0990   0.0180   0.3330   0.0230   0.3750      1
150932   5012.296000 3378.152000  21.5020   0.0200   0.8580   0.0310   0.3750      1
152664   5167.636000 3136.508000  21.3000   0.0300   1.0460   0.0520   0.3750      1
152145   5122.878000 3323.179000  20.9060   0.0490   0.9590   0.0670   0.3740      1
150165   4946.034000 3105.069000  19.6160   0.0080  -0.1250   0.0100   0.3720      1
152274   5133.424000 3196.585000  21.1930   0.0200   1.0300   0.0300   0.3720      1
151641   5076.364000 3469.226000  21.1870   0.0290   1.2760   0.0480   0.3720      1
149870   4921.025000 3217.675000  22.0760   0.0330   1.1760   0.0590   0.3710      1
152312   5137.861000 3363.966000  20.5460   0.0110   0.0770   0.0140   0.3700      1
149960   4929.312000 3108.306000  21.9260   0.0310   1.3220   0.0600   0.3700      1
152796   5178.378000 3259.235000  21.3680   0.0210   0.9630   0.0340   0.3690      1
150562   4980.121000 3136.441000  20.5650   0.0190   0.3970   0.0290   0.3680      1
151141   5031.422000 3505.078000  21.7380   0.0450   0.3190   0.0540   0.3670      1
149712   4907.774000 3295.517000  21.0700   0.0250   0.4310   0.0530   0.3660      1
152460   5151.638000 3259.646000  20.2620   0.0090   0.5490   0.0120   0.3640      1
150397   4967.279000 3185.620000  20.6810   0.0120   0.2410   0.0190   0.3640      1
150465   4971.666000 3363.160000  20.4170   0.0130   1.4290   0.0280   0.3640      1
150992   5017.304000 3192.788000  21.4420   0.0250   0.6360   0.0310   0.3640      1
151340   5049.752000 3497.248000  21.7070   0.0330   0.3860   0.0500   0.3640      1
153053   5197.979000 3170.160000  21.5330   0.0230   1.0250   0.0430   0.3630      1
150152   4944.262000 3263.483000  21.5330   0.0240   1.0580   0.0410   0.3630      1
151300   5046.561000 3167.797000  21.4700   0.0210   1.0530   0.0470   0.3620      1
151461   5061.236000 3409.925000  20.2440   0.0100   0.0490   0.0130   0.3610      1
152976   5191.821000 3442.069000  20.5510   0.0150   0.1730   0.0330   0.3610      1
150183   4946.832000 3390.594000  21.6340   0.0500   1.1940   0.1190   0.3610      1
151576   5071.439000 3498.378000  21.8420   0.0350   0.4550   0.0550   0.3590      1
149567   4895.807000 3213.742000  22.2700   0.0450   1.1950   0.0800   0.3590      1
149950   4928.101000 3169.714000  21.4860   0.0800   0.2980   0.0880   0.3590      1
149710   4907.410000 3331.064000  21.2490   0.0180   0.5930   0.0300   0.3580      1
149477   4887.204000 3416.179000  22.2280   0.0390   1.2460   0.0850   0.3580      1
150156   4944.821000 3235.157000  20.6850   0.0460   0.6310   0.0580   0.3580      1
152452   5150.869000 3252.726000  21.3540   0.0200   0.4520   0.0280   0.3570      1
150174   4946.546000 3218.137000  22.1960   0.0310   1.2820   0.0710   0.3570      1
153299   5218.740000 3297.520000  21.4000   0.0250   0.6840   0.0350   0.3560      1
149492   4888.364000 3252.833000  22.1420   0.0400   1.2510   0.0730   0.3550      1
152206   5127.385000 3403.670000  21.1210   0.0500   1.1980   0.0540   0.3550      1
149077   4852.515000 3309.981000  21.2360   0.0330   0.9770   0.0390   0.3540      1
149315   4872.785000 3276.002000  22.2510   0.0490   1.2780   0.0930   0.3540      1
152376   5144.493000 3382.341000  23.0020   0.0790   1.0990   0.1720   0.3540      1
149165   4860.597000 3178.217000  22.2800   0.0470   1.2760   0.0820   0.3530      1
151902   5101.185000 3472.859000  20.5490   0.0100   0.6390   0.0190   0.3520      1
149782   4913.701000 3421.309000  21.0570   0.0390   0.5050   0.0510   0.3520      1
150329   4960.614000 3246.120000  22.0850   0.0510   1.1450   0.0750   0.3520      1
151160   5032.941000 3342.456000  20.6130   0.0170   0.7290   0.0240   0.3510      1
151547   5068.740000 3484.737000  22.1350   0.0350   1.1480   0.0670   0.3510      1
149172   4861.491000 3189.997000  21.8130   0.0720   0.4030   0.0790   0.3510      1
151381   5053.905000 3465.680000  22.2360   0.0480   1.2970   0.1020   0.3500      1
149753   4911.394000 3115.538000  22.1390   0.0400   1.2700   0.0860   0.3490      1
148774   4826.699000 3274.333000  22.2020   0.0460   0.4780   0.0610   0.3490      1
153389   5225.723000 3362.138000  21.4560   0.0210   0.1090   0.0380   0.3480      1
149121   4856.382000 3209.583000  21.2810   0.0260   0.5670   0.0340   0.3480      1
149055   4850.715000 3225.784000  21.0310   0.0420   0.8810   0.0540   0.3480      1
151616   5074.673000 3422.796000  19.4560   0.0170   0.0050   0.0200   0.3470      1
152801   5178.516000 3140.851000  22.1770   0.0480   1.1950   0.0780   0.3470      1
152171   5124.625000 3313.300000  20.1070   0.0140   0.2290   0.0220   0.3460      1
151309   5047.236000 3084.013000  21.3980   0.0170   0.8020   0.0320   0.3450      1
152626   5165.313000 3350.839000  19.5240   0.0180  -0.0550   0.0190   0.3450      1
153139   5204.569000 3252.615000  22.0700   0.0350   1.2390   0.0630   0.3450      1
150885   5007.711000 3160.118000  21.5070   0.0380   0.4540   0.0490   0.3440      1
152569   5160.004000 3217.143000  21.6800   0.0820   1.2270   0.0930   0.3440      1
150085   4938.848000 3141.370000  21.2020   0.0170   0.9090   0.0300   0.3430      1
150242   4952.742000 3226.051000  21.5270   0.0260   0.9620   0.0400   0.3430      1
153711   5252.940000 3258.292000  20.7770   0.0170   0.7510   0.0300   0.3420      1
149575   4896.386000 3193.031000  21.5150   0.0270   0.9180   0.0380   0.3420      1
150746   4996.722000 3501.857000  20.2880   0.0130   0.5750   0.0150   0.3410      1
151571   5071.028000 3161.185000  22.3020   0.0420   1.2860   0.0840   0.3410      1
149543   4893.278000 3385.896000  21.1280   0.0190   1.0660   0.0310   0.3400      1
152345   5141.504000 3118.150000  22.2370   0.0380   1.1300   0.0800   0.3400      1
150956   5014.862000 3332.128000  21.3680   0.0220   0.5650   0.0400   0.3380      1
152042   5113.376000 3414.673000  21.4950   0.0250   0.8560   0.0420   0.3380      1
151264   5043.593000 3408.740000  21.5480   0.0260   0.9400   0.0370   0.3380      1
153188   5209.102000 3225.411000  22.3030   0.0500   1.1490   0.0750   0.3380      1
151468   5061.812000 3075.440000  20.8160   0.0110   0.6330   0.0180   0.3370      1
150887   5007.951000 3318.325000  21.5410   0.0240   0.9180   0.0740   0.3360      1
151126   5030.488000 3396.208000  21.2610   0.0350   0.5820   0.0400   0.3360      1
151199   5037.859000 3327.597000  20.4660   0.0160   0.0730   0.0310   0.3350      1
153107   5202.175000 3187.779000  21.1470   0.0280   0.8830   0.0460   0.3350      1
152319   5138.655000 3252.979000  21.3940   0.0340   0.7090   0.0420   0.3340      1
149654   4902.936000 3419.770000  22.2860   0.0520   1.1350   0.0950   0.3330      1
152817   5179.124000 3454.334000  21.0360   0.0150   0.8210   0.0270   0.3320      1
151457   5060.972000 3178.165000  21.5110   0.0250   0.8210   0.0420   0.3320      1
149266   4868.921000 3233.130000  21.2900   0.0170   0.5360   0.0390   0.3310      1
152050   5114.254000 3113.038000  21.1970   0.0180   0.5550   0.0290   0.3300      1
151842   5094.758000 3103.793000  21.4350   0.0260   0.6030   0.0350   0.3300      1
150379   4965.182000 3442.122000  21.3820   0.0460   0.6300   0.0540   0.3300      1
150248   4953.266000 3389.525000  20.3260   0.0170   0.5090   0.0210   0.3290      1
151407   5056.830000 3426.606000  20.2920   0.0090   0.3770   0.0110   0.3280      1
151243   5041.828000 3153.536000  21.3270   0.0200   0.7070   0.0450   0.3280      1
149003   4846.339000 3221.607000  21.1230   0.0340   0.9010   0.0470   0.3280      1
152253   5131.860000 3396.353000  22.1110   0.0360   1.0390   0.0710   0.3280      1
151833   5093.625000 3219.754000  20.7040   0.0430   0.5180   0.0640   0.3280      1
150327   4960.318000 3374.205000  20.6160   0.0210   0.2750   0.0370   0.3270      1
150539   4977.989000 3465.663000  21.3550   0.0250   0.5770   0.0420   0.3270      1
150521   4975.749000 3234.511000  21.5050   0.0300   0.9140   0.0480   0.3270      1
152932   5187.574000 3342.628000  20.7690   0.0180   0.1840   0.0230   0.3260      1
149996   4932.517000 3163.708000  21.4390   0.0230   1.0440   0.0370   0.3260      1
152778   5176.897000 3424.883000  20.6160   0.0450   0.2340   0.0460   0.3260      1
149536   4892.672000 3418.350000  22.6100   0.0540   2.0680   0.2140   0.3260      1
150138   4943.501000 3188.076000  22.0730   0.0640   1.1450   0.1100   0.3260      1
149559   4894.859000 3187.244000  20.9800   0.0180   0.7000   0.0230   0.3250      1
149440   4883.718000 3179.810000  21.0070   0.0290   0.5750   0.0360   0.3240      1
151423   5058.023000 3271.005000  19.8690   0.0110  -0.0170   0.0140   0.3230      1
150985   5016.870000 3435.767000  22.2150   0.0690   1.0940   0.0950   0.3230      1
153093   5200.936000 3280.353000  20.5540   0.0100   0.5400   0.0160   0.3220      1
152336   5140.846000 3211.299000  21.2530   0.0170   0.8190   0.0290   0.3220      1
149491   4888.274000 3185.735000  21.1460   0.0420   0.4850   0.0470   0.3210      1
149566   4895.554000 3254.686000  22.3230   0.0790   1.1940   0.1010   0.3210      1
152836   5181.013000 3416.103000  21.4170   0.0270   1.0590   0.0370   0.3200      1
153156   5205.850000 3172.634000  21.6650   0.0250   0.9700   0.0360   0.3190      1
150933   5012.415000 3385.219000  21.1990   0.0260   0.5750   0.0320   0.3190      1
151010   5019.139000 3456.283000  21.8320   0.0320   0.5480   0.0470   0.3190      1
151231   5040.525000 3439.991000  20.5660   0.0430   0.3700   0.0440   0.3190      1
151015   5019.954000 3324.679000  20.9340   0.0200   0.6820   0.0470   0.3180      1
150847   5004.887000 3100.421000  21.5690   0.0240   0.9220   0.0350   0.3180      1
152260   5132.448000 3415.855000  21.3440   0.0260   0.8350   0.0400   0.3180      1
149419   4881.994000 3228.717000  21.1500   0.0280   0.4810   0.0310   0.3180      1
150748   4996.736000 3195.546000  21.5270   0.0540   0.9890   0.0680   0.3170      1
153232   5212.964000 3170.438000  20.9350   0.0120   0.7220   0.0180   0.3160      1
153180   5208.448000 3389.285000  21.4630   0.0230   0.6220   0.0490   0.3160      1
152016   5111.428000 3153.799000  21.6870   0.0270   1.0090   0.0440   0.3140      1
149451   4884.754000 3207.191000  22.2290   0.0350   1.4030   0.0810   0.3140      1
151002   5018.048000 3390.939000  21.4870   0.0200   0.8080   0.0290   0.3120      1
149935   4926.554000 3329.124000  20.5720   0.0250   0.4370   0.0400   0.3110      1
150979   5016.361000 3444.221000  22.0000   0.0350   1.1980   0.0640   0.3110      1
149194   4862.971000 3339.774000  20.3750   0.0400   0.6940   0.0490   0.3110      1
152414   5147.996000 3325.507000  21.2110   0.0570   0.2050   0.0810   0.3110      1
153397   5226.052000 3228.043000  21.2360   0.0230   0.8100   0.0300   0.3100      1
150499   4974.314000 3222.226000  21.8580   0.0370   0.5120   0.0480   0.3100      1
149402   4880.838000 3174.460000  21.5450   0.0790  -0.0250   0.0860   0.3090      1
150934   5012.642000 3322.215000  21.2900   0.0190   1.1740   0.0370   0.3080      1
151801   5091.291000 3397.633000  21.2480   0.0300   0.9230   0.0440   0.3070      1
151133   5030.893000 3475.680000  22.0190   0.0530   1.6950   0.1100   0.3070      1
151437   5059.004000 3460.213000  21.3070   0.0240   0.7200   0.0380   0.3060      1
148862   4834.444000 3276.121000  21.5220   0.0440   1.1580   0.0600   0.3060      1
149312   4872.588000 3286.096000  21.3390   0.0210   0.4100   0.0280   0.3050      1
148867   4834.757000 3298.148000  20.8880   0.0200   0.7340   0.0280   0.3040      1
151292   5046.022000 3093.515000  21.8220   0.0310   1.3440   0.0550   0.3030      1
150267   4955.125000 3199.125000  21.5550   0.0640   0.9620   0.0780   0.3030      1
152670   5167.974000 3462.931000  21.3200   0.0320   0.5230   0.0620   0.3020      1
152391   5146.290000 3155.613000  22.2050   0.0340   1.0510   0.0650   0.3020      1
149743   4910.378000 3356.970000  22.0130   0.0450   1.2530   0.0940   0.3020      1
149745   4910.680000 3251.485000  22.0440   0.0380   1.0630   0.0640   0.3010      1
150660   4988.825000 3496.970000  21.2680   0.0360   1.3200   0.0450   0.3000      1
152241   5130.994000 3214.644000  21.5650   0.0360   1.0320   0.0700   0.3000      1
152058   5114.512000 3138.632000  22.1790   0.0720   0.4890   0.0800   0.3000      1
152446   5150.459000 3425.683000  20.4730   0.0110   0.6880   0.0180   0.2990      1
153220   5212.421000 3364.867000  21.6420   0.0310   0.9980   0.0480   0.2980      1
149638   4901.323000 3316.899000  22.1610   0.0490   1.0200   0.0910   0.2980      1
152733   5173.039000 3311.641000  22.0860   0.0460   1.0100   0.0640   0.2970      1
152094   5118.021000 3147.010000  22.2710   0.0500   1.0480   0.0890   0.2970      1
151096   5028.440000 3158.195000  20.9680   0.0490   0.6510   0.0590   0.2960      1
149619   4899.721000 3414.063000  21.1410   0.0190   0.7510   0.0360   0.2930      1
153253   5214.650000 3245.178000  21.7840   0.0310   1.2640   0.0540   0.2930      1
149425   4882.641000 3323.423000  20.8430   0.0330   0.8580   0.0460   0.2920      1
152682   5168.757000 3161.029000  21.2730   0.0190   0.4830   0.0270   0.2900      1
149399   4880.196000 3370.508000  21.4530   0.0210   0.5610   0.0370   0.2900      1
150793   5000.492000 3216.507000  21.4580   0.0220   0.7190   0.0360   0.2890      1
149840   4918.277000 3165.779000  21.3480   0.0250   1.2010   0.0410   0.2890      1
151941   5105.098000 3103.085000  21.4470   0.0310   0.7840   0.0380   0.2890      1
150344   4961.833000 3138.556000  21.2880   0.0360   0.8040   0.0410   0.2890      1
152715   5171.783000 3415.413000  21.5990   0.0250   0.9600   0.0380   0.2880      1
150680   4990.720000 3406.337000  21.3860   0.0440   0.8820   0.0510   0.2870      1
149442   4883.865000 3144.075000  21.1940   0.0140   0.3720   0.0230   0.2860      1
152234   5130.323000 3279.296000  21.2450   0.0240   0.5210   0.0500   0.2860      1
151139   5031.378000 3348.129000  20.1790   0.0150  -0.0020   0.0170   0.2850      1
151747   5086.821000 3102.920000  20.6450   0.0330   0.4650   0.0500   0.2850      1
151238   5041.444000 3073.702000  22.2410   0.0360   1.4520   0.0870   0.2800      1
151210   5038.602000 3415.676000  21.1790   0.0170   0.7730   0.0280   0.2790      1
151294   5046.126000 3382.968000  22.1580   0.0380   0.9800   0.0740   0.2790      1
151006   5018.638000 3463.230000  21.1310   0.0160   0.3860   0.0230   0.2780      1
148947   4842.217000 3266.604000  20.8920   0.0290   0.6880   0.0360   0.2770      1
152158   5123.732000 3394.328000  21.2040   0.0180   0.7830   0.0320   0.2760      1
153096   5201.030000 3303.686000  22.8290   0.0620   1.9300   0.2070   0.2740      1
152066   5115.310000 3108.128000  22.0050   0.0520   0.4370   0.0700   0.2730      1
153133   5203.988000 3313.532000  21.8050   0.0320   1.2070   0.0490   0.2720      1
151085   5027.744000 3288.471000  20.8940   0.0350   0.3400   0.0470   0.2720      1
150831   5003.838000 3495.653000  20.6250   0.0410   0.7730   0.0450   0.2720      1
152340   5141.123000 3220.255000  22.3940   0.0670   1.1160   0.0950   0.2720      1
151884   5099.636000 3461.816000  20.8050   0.0130   0.5760   0.0230   0.2710      1
150707   4993.688000 3319.927000  21.2830   0.0230   1.3960   0.0790   0.2700      1
151102   5029.049000 3430.675000  21.7720   0.0310   1.1860   0.0600   0.2670      1
149222   4865.281000 3352.366000  20.7120   0.0380   0.4160   0.0530   0.2660      1
150518   4975.368000 3141.645000  20.9870   0.0270   0.7460   0.0310   0.2640      1
151288   5045.673000 3470.754000  22.3930   0.0490   1.1560   0.1030   0.2640      1
150701   4993.016000 3105.774000  21.1950   0.0530   0.4590   0.0700   0.2640      1
148856   4833.963000 3328.670000  20.7700   0.0180   0.0650   0.0340   0.2630      1
150762   4997.918000 3126.157000  21.7620   0.0260   0.9380   0.0490   0.2630      1
151350   5050.851000 3295.591000  21.6820   0.0470   1.0480   0.1450   0.2630      1
151400   5056.424000 3111.576000  22.4270   0.0570   0.5740   0.0770   0.2600      1
152323   5138.998000 3407.627000  18.7890   0.0050   1.7210   0.0100   0.2590      1
150869   5006.408000 3233.554000  20.6960   0.0230   1.5700   0.0500   0.2580      1
153728   5254.007000 3289.703000  21.8890   0.0350   1.1110   0.0560   0.2580      1
150517   4975.362000 3152.644000  21.5890   0.0580   0.4460   0.0640   0.2580      1
150157   4944.915000 3408.408000  21.5250   0.0190   1.4740   0.0990   0.2570      1
152711   5171.743000 3304.919000  22.5630   0.0570   1.1420   0.1030   0.2560      1
150474   4972.178000 3126.320000  21.4660   0.0180   0.9680   0.0370   0.2550      1
149791   4914.294000 3200.009000  21.6870   0.0260   0.5170   0.0540   0.2550      1
151083   5027.585000 3449.460000  21.6740   0.0890   0.4960   0.0980   0.2540      1
151969   5107.265000 3485.322000  21.7320   0.0330   0.9450   0.0530   0.2500      1
149562   4895.222000 3245.620000  22.4140   0.0490   0.7420   0.0690   0.2500      1
152873   5184.004000 3327.303000  21.9400   0.0330   1.0880   0.0610   0.2490      1
150047   4936.068000 3104.178000  21.7720   0.0290   0.9210   0.0550   0.2470      1
152427   5149.121000 3120.220000  22.6060   0.0630   0.9520   0.0870   0.2470      1
151562   5070.023000 3477.753000  21.7750   0.0240   0.8950   0.0410   0.2460      1
151793   5090.889000 3139.025000  21.8720   0.0300   1.1030   0.0670   0.2460      1
151491   5064.265000 3191.132000  22.4700   0.0580   0.9960   0.1140   0.2460      1
151324   5048.243000 3179.585000  21.7350   0.0310   0.9910   0.0610   0.2440      1
150641   4986.707000 3476.022000  21.6140   0.0320   0.5750   0.0570   0.2430      1
152900   5185.819000 3240.437000  21.5360   0.0680   0.6440   0.0750   0.2430      1
152155   5123.634000 3194.200000  21.0550   0.0160   0.8050   0.0380   0.2420      1
152983   5192.286000 3385.482000  21.1680   0.0190   0.7100   0.0260   0.2400      1
150737   4996.317000 3428.218000  21.5270   0.0540   0.6340   0.0630   0.2400      1
151317   5047.560000 3162.386000  22.1350   0.0380   1.7030   0.1340   0.2390      1
153379   5225.016000 3217.672000  21.5820   0.0240   0.7460   0.0350   0.2380      1
150772   4998.429000 3223.153000  22.3740   0.0470   1.3450   0.1100   0.2380      1
152585   5161.575000 3144.791000  21.5930   0.0240   0.7690   0.0410   0.2370      1
149693   4905.818000 3178.495000  21.9280   0.0320   1.0460   0.0550   0.2360      1
152718   5172.035000 3222.899000  21.5590   0.0340   0.5940   0.0450   0.2360      1
151488   5064.110000 3447.924000  21.2200   0.0220   0.7300   0.0310   0.2330      1
152294   5136.375000 3287.334000  21.5920   0.0450   0.4960   0.0510   0.2320      1
153329   5221.187000 3316.118000  22.5130   0.0750   0.5940   0.0970   0.2320      1
153034   5196.290000 3213.410000  22.0560   0.0390   0.9480   0.0580   0.2300      1
152056   5114.456000 3476.364000  21.1190   0.0200   0.8200   0.0290   0.2290      1
152899   5185.796000 3180.916000  21.6040   0.0240   0.8630   0.0380   0.2280      1
150077   4938.141000 3189.822000  20.7110   0.0320   0.7800   0.0450   0.2270      1
149530   4891.726000 3276.426000  22.4440   0.0540   1.2550   0.0960   0.2260      1
153620   5244.325000 3292.836000  21.9360   0.0310   1.0360   0.0650   0.2240      1
151826   5093.229000 3242.247000  22.4090   0.0660   0.8720   0.0860   0.2240      1
149057   4851.074000 3208.787000  21.2830   0.0230   0.4090   0.0300   0.2230      1
151500   5064.814000 3390.848000  20.8290   0.0370   0.5030   0.0500   0.2210      1
151036   5022.279000 3441.140000  21.4100   0.0210   0.9350   0.0350   0.2200      1
149731   4909.122000 3212.443000  22.3180   0.0420   0.7470   0.0650   0.2200      1
151071   5026.289000 3088.775000  22.3210   0.0550   0.8720   0.1080   0.2200      1
153026   5195.657000 3269.404000  21.1380   0.0180   0.6470   0.0320   0.2190      1
151516   5066.701000 3423.905000  20.4590   0.0220   0.0310   0.0460   0.2190      1
152018   5111.457000 3404.528000  22.6140   0.0610   1.3700   0.1230   0.2180      1
153070   5199.063000 3297.695000  22.8620   0.0680   1.3720   0.1500   0.2180      1
150060   4937.141000 3218.161000  22.6590   0.0560   1.3460   0.1330   0.2160      1
149521   4891.013000 3168.626000  21.8000   0.0270   1.0600   0.0520   0.2110      1
149355   4876.400000 3269.548000  22.5330   0.0530   1.6930   0.1260   0.2110      1
152650   5166.579000 3433.924000  21.7150   0.0320   0.5720   0.0560   0.2100      1
150338   4961.341000 3200.248000  20.5410   0.0370   0.7510   0.0420   0.2090      1
151282   5045.145000 3132.534000  20.5250   0.0310   0.4440   0.0550   0.2070      1
151195   5036.969000 3504.074000  22.0840   0.0430   0.8760   0.0700   0.2060      1
153219   5212.365000 3326.345000  22.1000   0.0340   0.8160   0.0630   0.2030      1
152707   5171.130000 3406.276000  22.1290   0.0530   0.5770   0.0740   0.2020      1
152256   5132.190000 3169.968000  21.0650   0.0160   0.6670   0.0260   0.1980      1
153170   5207.552000 3307.120000  22.4570   0.0570   1.3180   0.1020   0.1980      1
151438   5059.135000 3158.048000  21.1380   0.0290   0.6430   0.0330   0.1970      1
152831   5180.224000 3334.048000  21.8210   0.0500   0.9500   0.0650   0.1970      1
151472   5062.064000 3280.968000  20.4980   0.0150   0.5300   0.0440   0.1960      1
151229   5040.399000 3396.339000  22.0190   0.0630   0.5450   0.0760   0.1960      1
152295   5136.567000 3240.383000  22.1710   0.0540   0.8180   0.0720   0.1820      1
153006   5194.443000 3205.224000  21.6570   0.0240   0.7970   0.0380   0.1790      1
150407   4968.696000 3143.646000  21.9620   0.0340   0.9650   0.0590   0.1720      1
151322   5048.123000 3419.794000  21.6980   0.0240   0.8340   0.0390   0.1700      1
152282   5134.170000 3368.050000  21.8190   0.0300   0.7560   0.0460   0.1110      1
