#mag    e_mag    col1   e_col1    m_ini
22.0491    0.0718   0.9717   0.1068   2.2463
21.8009    0.0653   1.0424   0.0989   2.3038
21.9744    0.0686   0.8587   0.1030   2.2736
21.9345    0.0700   1.0755   0.1047   2.2615
21.9639    0.0703   0.9981   0.1050   2.2594
21.8744    0.0647   0.9955   0.0982   2.3088
21.6764    0.0653   0.9452   0.0989   2.3038
21.8306    0.0647   1.0494   0.0982   2.3088
21.5299    0.0582   0.9466   0.0899   2.3889
21.3656    0.0507   0.8494   0.0800   2.4910
21.6236    0.0552   0.8622   0.0861   2.4037
21.3921    0.0517   0.8522   0.0814   2.4798
21.4683    0.0506   0.7595   0.0799   2.4972
21.6346    0.0578   0.8864   0.0895   2.3896
21.7434    0.0577   0.7708   0.0894   2.3773
21.3665    0.0511   0.8886   0.0805   2.4822
21.5863    0.0565   0.9178   0.0877   2.3905
21.5005    0.0532   0.8589   0.0834   2.4462
21.6432    0.0594   0.7439   0.0916   2.3597
22.1259    0.0813   0.9235   0.1180   1.2460
21.1955    0.0465   0.7712   0.0742   2.5674
21.4722    0.0536   0.9352   0.0840   2.4516
21.7286    0.0624   0.7848   0.0954   2.3305
21.7432    0.0624   0.9404   0.0954   2.3305
21.3683    0.0507   0.8172   0.0800   2.4910
21.4909    0.0527   0.9396   0.0828   2.4641
21.3515    0.0512   0.9472   0.0807   2.4844
21.7664    0.0630   0.7842   0.0961   2.3250
21.5539    0.0576   1.0455   0.0893   2.3906
22.0787    0.0795   0.5714   0.1160   1.2540
21.7240    0.0630   0.9186   0.0961   2.3250
22.0562    0.0741   0.8051   0.1096   1.2804
21.1029    0.0451   0.7610   0.0723   2.5938
22.2533    0.0862   0.9511   0.1236   1.2258
21.6793    0.0607   0.9049   0.0932   2.3468
21.5499    0.0571   0.8645   0.0885   2.3839
21.5868    0.0573   0.7329   0.0888   1.3861
21.1849    0.0446   0.8040   0.0716   2.5956
20.9121    0.0393   0.7368   0.0638   2.7259
21.2057    0.0464   0.7329   0.0741   2.5128
21.1509    0.0444   0.7315   0.0713   2.6070
21.8099    0.0617   0.8142   0.0945   1.3530
20.8044    0.0373   0.6597   0.0609   2.7787
21.3203    0.0481   0.7862   0.0765   2.5024
20.9001    0.0395   0.6836   0.0642   2.7193
21.8451    0.0669   0.7003   0.1009   1.3200
21.2156    0.0471   0.7769   0.0752   2.5366
21.6530    0.0590   0.6805   0.0910   1.3728
21.4216    0.0512   0.8542   0.0807   2.4499
21.2292    0.0455   0.7567   0.0728   2.5703
21.2301    0.0460   0.7704   0.0736   2.5740
21.0296    0.0413   0.8188   0.0668   2.6730
21.4089    0.0501   0.8188   0.0793   2.4632
21.0127    0.0400   0.7061   0.0649   2.7061
21.3909    0.0501   0.8358   0.0793   2.4632
20.8978    0.0392   0.6970   0.0637   2.7221
21.4385    0.0523   0.8395   0.0822   2.4367
21.1298    0.0436   0.8262   0.0702   2.6158
21.2666    0.0496   0.8240   0.0786   2.4698
21.3127    0.0473   0.7119   0.0754   2.5427
21.4986    0.0549   0.6921   0.0856   1.4057
21.0133    0.0421   0.7923   0.0679   2.6466
21.1512    0.0446   0.7563   0.0716   2.5920
20.9722    0.0395   0.7442   0.0641   2.7161
21.8157    0.0658   0.8298   0.0996   1.3266
21.3251    0.0460   0.6885   0.0736   2.5625
21.3212    0.0481   0.8543   0.0765   2.4896
21.0239    0.0410   0.5794   0.0664   2.6797
21.5397    0.0573   0.8290   0.0888   1.3861
21.4876    0.0501   0.7084   0.0793   2.4632
20.8904    0.0388   0.7876   0.0630   2.7391
21.4329    0.0535   0.6902   0.0838   2.4235
21.2137    0.0473   0.7268   0.0754   2.5427
21.2060    0.0450   0.9072   0.0721   2.5854
20.9047    0.0391   0.6156   0.0636   2.7257
20.9498    0.0400   0.6226   0.0649   2.7061
21.7942    0.0627   0.5133   0.0957   1.3464
21.2306    0.0471   0.8517   0.0751   2.5512
21.4949    0.0556   0.7605   0.0866   1.3993
20.9800    0.0442   0.7718   0.0710   2.5986
21.0249    0.0409   0.7146   0.0663   2.6797
21.0620    0.0423   0.7472   0.0682   2.6466
20.7875    0.0366   0.6957   0.0597   2.8014
21.3055    0.0456   0.7831   0.0730   2.5580
21.2596    0.0466   0.9291   0.0744   2.5094
20.9525    0.0387   0.8324   0.0630   2.7391
21.5519    0.0535   0.8679   0.0838   2.4235
20.9934    0.0418   0.8473   0.0676   2.6532
20.8752    0.0380   0.7382   0.0619   2.7589
21.2278    0.0473   0.8322   0.0754   2.5427
20.9473    0.0400   0.7411   0.0648   2.7061
21.3521    0.0469   0.7005   0.0749   2.5222
21.3870    0.0520   0.5523   0.0818   1.4312
21.2763    0.0455   0.6406   0.0729   2.5249
21.1095    0.0446   0.7680   0.0716   2.5377
21.2315    0.0468   0.6339   0.0747   1.4851
20.8869    0.0384   0.7184   0.0625   2.7410
21.3089    0.0479   0.5131   0.0762   1.4729
21.3313    0.0484   0.5261   0.0770   1.4668
20.7215    0.0351   0.6853   0.0574   2.8386
21.2530    0.0484   0.6019   0.0770   1.4668
21.0768    0.0429   0.7497   0.0691   2.5647
21.2018    0.0447   0.6425   0.0718   2.5545
20.6787    0.0338   0.5467   0.0554   2.8893
21.4315    0.0512   0.5527   0.0808   1.4383
21.2619    0.0479   0.6685   0.0762   1.4729
21.3383    0.0509   0.7007   0.0803   1.4419
21.4763    0.0520   0.5913   0.0818   1.4312
21.3079    0.0479   0.7136   0.0762   1.4729
21.4936    0.0542   0.7719   0.0847   1.4117
21.3016    0.0468   0.5325   0.0747   1.4851
21.1615    0.0436   0.7069   0.0701   2.5615
20.9918    0.0422   0.6449   0.0681   2.5983
20.7145    0.0355   0.6913   0.0580   2.8254
21.3593    0.0496   0.6115   0.0786   1.4546
20.4596    0.0318   0.6869   0.0521   2.9652
21.0017    0.0414   0.7203   0.0669   2.6231
20.9675    0.0404   0.5954   0.0654   2.6064
20.9370    0.0394   0.6744   0.0640   2.6402
21.3044    0.0484   0.6200   0.0770   1.4668
20.5643    0.0330   0.5875   0.0540   2.9181
21.0378    0.0417   0.7484   0.0674   2.6122
20.9484    0.0392   0.7039   0.0637   2.6926
20.8631    0.0370   0.6176   0.0604   2.7583
20.8341    0.0375   0.5591   0.0611   2.7456
20.8538    0.0374   0.6992   0.0609   2.7451
21.0600    0.0439   0.6337   0.0706   2.5485
21.4473    0.0509   0.6634   0.0803   1.4419
21.2086    0.0473   0.6397   0.0754   1.4790
21.2353    0.0479   0.7190   0.0762   1.4729
20.7603    0.0358   0.7281   0.0585   2.8235
21.4615    0.0505   0.6865   0.0798   1.4455
20.6514    0.0357   0.5953   0.0583   2.8274
20.6590    0.0344   0.7902   0.0563   2.8645
21.3864    0.0479   0.7262   0.0762   1.4729
21.1620    0.0451   0.6108   0.0724   1.5040
20.6159    0.0333   0.6694   0.0545   2.9091
21.1996    0.0456   0.5823   0.0730   1.4983
21.2188    0.0468   0.5573   0.0747   1.4851
20.8853    0.0385   0.7636   0.0626   2.7102
20.8271    0.0389   0.6489   0.0633   2.6633
21.0142    0.0396   0.7369   0.0642   2.6207
21.3436    0.0468   0.5880   0.0747   1.4851
21.3496    0.0484   0.7903   0.0770   1.4668
21.3604    0.0505   0.6874   0.0798   1.4455
20.6224    0.0344   0.6592   0.0563   2.8695
21.3042    0.0490   0.6010   0.0778   1.4607
21.4513    0.0524   0.6832   0.0823   1.4276
21.0641    0.0404   0.6831   0.0654   2.6064
20.9859    0.0404   0.5827   0.0655   2.6814
21.0556    0.0425   0.5875   0.0686   2.5708
20.8404    0.0371   0.8534   0.0605   2.7787
20.9947    0.0399   0.7762   0.0648   2.6141
21.1196    0.0449   0.6802   0.0721   2.5479
21.1965    0.0458   0.5592   0.0733   1.4963
20.6140    0.0328   0.6623   0.0537   2.9274
21.0333    0.0418   0.6826   0.0675   2.5830
21.1713    0.0439   0.8545   0.0706   2.5485
20.8103    0.0368   0.6823   0.0600   2.7580
20.9829    0.0401   0.6928   0.0651   2.6851
20.6486    0.0338   0.6057   0.0553   2.8859
21.0963    0.0451   0.5760   0.0724   1.5040
20.9268    0.0385   0.5617   0.0626   2.7207
21.2949    0.0473   0.7358   0.0754   1.4790
21.1778    0.0462   0.5934   0.0739   1.4912
20.6932    0.0342   0.6017   0.0559   2.8755
20.8829    0.0409   0.7132   0.0662   2.6221
20.6772    0.0345   0.6444   0.0564   2.8660
20.9810    0.0405   0.5951   0.0656   2.6304
21.4663    0.0520   0.7072   0.0818   1.4312
20.5613    0.0331   0.7552   0.0541   2.9173
21.0361    0.0426   0.7367   0.0687   2.6047
20.8335    0.0376   0.7231   0.0612   2.7674
20.7848    0.0373   0.5892   0.0608   2.7680
21.3721    0.0512   0.5768   0.0808   1.4383
20.7889    0.0367   0.6898   0.0599   2.7665
20.7354    0.0362   0.6979   0.0591   2.7844
21.4005    0.0520   0.7316   0.0818   1.4312
21.1870    0.0446   0.5682   0.0716   1.5106
20.7803    0.0364   0.7095   0.0593   2.8074
20.9684    0.0397   0.7399   0.0644   2.6473
21.1010    0.0429   0.7900   0.0691   2.5647
20.9709    0.0410   0.5518   0.0664   2.6156
21.1750    0.0456   0.6367   0.0730   1.4988
20.9805    0.0399   0.7430   0.0648   2.6141
20.6390    0.0341   0.6720   0.0558   2.8803
20.5328    0.0328   0.5869   0.0537   2.9259
21.1483    0.0435   0.7352   0.0700   2.5739
20.7447    0.0359   0.5596   0.0586   2.8046
20.9728    0.0402   0.7169   0.0652   2.6139
21.1855    0.0455   0.6863   0.0729   2.5249
20.7278    0.0358   0.6107   0.0585   2.8219
20.7051    0.0360   0.6586   0.0588   2.8148
20.8108    0.0360   0.6426   0.0588   2.8056
21.2785    0.0484   0.5547   0.0770   1.4668
20.7570    0.0355   0.7610   0.0580   2.8316
21.2851    0.0490   0.5306   0.0778   1.4607
21.3602    0.0509   0.6281   0.0803   1.4419
20.9701    0.0407   0.8137   0.0659   2.6443
21.2015    0.0458   0.5434   0.0733   1.4963
20.9510    0.0391   0.7381   0.0635   2.6468
20.6708    0.0345   0.6920   0.0564   2.8664
21.0321    0.0410   0.4308   0.0664   1.5589
20.8320    0.0376   0.7354   0.0612   2.7024
20.8552    0.0374   0.6385   0.0609   2.6798
20.9025    0.0378   0.5768   0.0616   1.6086
20.4512    0.0307   0.5824   0.0503   3.0104
20.8498    0.0378   0.4944   0.0616   1.6086
20.4812    0.0310   0.6455   0.0508   2.9972
20.6998    0.0347   0.5861   0.0568   2.8240
20.8439    0.0377   0.6657   0.0614   2.7059
20.2979    0.0296   0.5637   0.0483   3.0547
20.9576    0.0402   0.6001   0.0652   1.5709
21.0292    0.0410   0.6279   0.0664   1.5589
21.0582    0.0421   0.4869   0.0680   1.5436
20.9483    0.0402   0.5121   0.0652   1.5709
21.1381    0.0431   0.6455   0.0694   1.5304
21.1667    0.0426   0.4923   0.0687   1.5370
21.1146    0.0441   0.5464   0.0709   1.5172
20.9770    0.0392   0.6018   0.0637   2.6273
20.7447    0.0355   0.6864   0.0580   2.7444
20.4203    0.0306   0.5133   0.0501   2.9987
20.1853    0.0277   0.5585   0.0451   3.1627
20.8536    0.0383   0.6416   0.0623   2.6665
20.8281    0.0374   0.6652   0.0609   2.7125
20.5171    0.0325   0.5762   0.0533   2.9231
20.5558    0.0330   0.7009   0.0540   2.9099
20.8576    0.0378   0.4091   0.0616   1.6086
20.7938    0.0364   0.5878   0.0594   2.7215
20.8579    0.0387   0.5576   0.0629   1.5948
20.5837    0.0335   0.7101   0.0549   2.8901
20.8656    0.0377   0.6384   0.0614   2.6603
21.0249    0.0414   0.6623   0.0670   1.5530
20.4391    0.0311   0.6289   0.0509   2.9967
21.0569    0.0441   0.5954   0.0709   1.5172
20.5895    0.0332   0.5091   0.0544   2.8421
21.1130    0.0426   0.4981   0.0687   1.5370
20.5785    0.0329   0.6252   0.0538   2.8511
20.9148    0.0398   0.5493   0.0646   1.5769
20.9735    0.0402   0.5108   0.0652   1.5709
21.0941    0.0441   0.5717   0.0709   1.5172
21.1433    0.0441   0.4876   0.0709   1.5172
20.6051    0.0331   0.6438   0.0541   2.9099
21.1539    0.0436   0.7140   0.0701   1.5238
20.6241    0.0333   0.5841   0.0545   2.8790
20.3230    0.0292   0.5522   0.0477   3.0815
20.8058    0.0372   0.5964   0.0606   2.6929
21.2631    0.0441   0.4579   0.0709   1.5172
21.2018    0.0446   0.5865   0.0716   1.5106
20.9535    0.0394   0.5299   0.0640   1.5829
20.6352    0.0340   0.6257   0.0557   2.8570
20.8039    0.0362   0.6435   0.0591   2.7664
20.4593    0.0306   0.5950   0.0500   3.0135
20.5552    0.0329   0.6484   0.0539   2.8915
20.7531    0.0355   0.6113   0.0580   2.7444
20.5992    0.0341   0.6585   0.0558   2.8570
20.7460    0.0346   0.6341   0.0566   2.8240
20.5337    0.0332   0.5572   0.0544   2.8410
21.0231    0.0414   0.5587   0.0670   1.5530
21.1129    0.0436   0.7437   0.0701   1.5238
21.1344    0.0421   0.6806   0.0680   1.5436
21.0744    0.0441   0.6624   0.0709   1.5172
20.5914    0.0338   0.6525   0.0553   2.8375
21.1405    0.0436   0.5781   0.0701   1.5238
20.9756    0.0402   0.5199   0.0652   1.5709
20.4515    0.0312   0.5736   0.0511   2.9683
20.6800    0.0338   0.6918   0.0553   2.8525
20.5171    0.0316   0.6161   0.0518   2.9286
20.6615    0.0345   0.5797   0.0565   2.7601
20.7221    0.0347   0.5642   0.0568   2.7494
20.4038    0.0302   0.5778   0.0494   3.0317
20.6948    0.0346   0.6967   0.0566   2.8240
20.7532    0.0355   0.5947   0.0581   2.7314
20.9587    0.0386   0.6381   0.0628   2.6599
21.1635    0.0441   0.4919   0.0709   1.5172
20.3435    0.0296   0.5988   0.0484   3.0621
20.5145    0.0318   0.5105   0.0521   2.9622
21.2189    0.0446   0.7289   0.0716   1.5106
20.4969    0.0309   0.6127   0.0507   2.9886
20.9012    0.0383   0.5158   0.0624   1.6001
20.8034    0.0366   0.6769   0.0598   2.7399
20.8429    0.0377   0.7352   0.0614   2.7059
20.7796    0.0359   0.6817   0.0587   2.7910
20.6434    0.0342   0.6092   0.0560   2.7578
20.8429    0.0394   0.5396   0.0640   1.5829
20.7946    0.0383   0.4845   0.0624   1.6001
21.1331    0.0426   0.5673   0.0687   1.5370
21.0709    0.0431   0.6070   0.0694   1.5304
20.9432    0.0378   0.5862   0.0616   1.6086
20.5184    0.0314   0.5156   0.0514   2.9623
20.9751    0.0390   0.5578   0.0634   1.5888
21.1402    0.0431   0.4652   0.0694   1.5304
20.5183    0.0326   0.6440   0.0534   2.9041
20.8464    0.0376   0.6258   0.0612   2.7024
21.0384    0.0406   0.6540   0.0658   1.5649
20.9253    0.0394   0.5423   0.0640   1.5829
20.9482    0.0390   0.5375   0.0634   1.5888
20.5585    0.0324   0.5598   0.0530   2.9386
20.5420    0.0327   0.6616   0.0536   2.8975
20.5692    0.0327   0.5508   0.0535   2.8969
20.4252    0.0314   0.5815   0.0514   2.9795
20.6632    0.0347   0.6566   0.0567   2.8438
21.1141    0.0426   0.6132   0.0687   1.5370
20.9431    0.0384   0.3603   0.0625   1.5990
20.3306    0.0290   0.5893   0.0475   3.0815
20.6316    0.0336   0.6379   0.0550   2.8769
20.5230    0.0321   0.5908   0.0525   2.9428
20.8657    0.0387   0.4807   0.0629   1.5948
21.0578    0.0421   0.6546   0.0680   1.5436
20.8167    0.0369   0.5947   0.0601   2.6821
20.8504    0.0381   0.5179   0.0621   1.6038
20.6530    0.0343   0.6647   0.0561   2.8134
20.5276    0.0320   0.5909   0.0525   2.9488
20.3237    0.0297   0.5591   0.0485   3.0608
21.0369    0.0416   0.6453   0.0673   1.5500
21.0548    0.0421   0.6078   0.0680   1.5436
20.8357    0.0378   0.5050   0.0616   1.6086
20.6720    0.0357   0.6079   0.0583   2.7784
20.8504    0.0384   0.4242   0.0625   1.5990
20.9504    0.0402   0.6109   0.0652   1.5709
20.1714    0.0277   0.5556   0.0452   3.1588
21.0490    0.0426   0.5244   0.0687   1.5370
20.5533    0.0328   0.6058   0.0536   2.9165
21.2030    0.0441   0.4996   0.0709   1.5172
21.0786    0.0426   0.5417   0.0687   1.5370
20.8661    0.0381   0.4791   0.0621   1.6038
21.0312    0.0431   0.6593   0.0694   1.5304
20.9263    0.0387   0.5066   0.0629   1.5948
21.0116    0.0406   0.5503   0.0658   1.5649
21.0576    0.0410   0.6244   0.0664   1.5589
20.4325    0.0308   0.5461   0.0504   3.0089
20.5209    0.0316   0.6195   0.0517   2.9678
21.1075    0.0421   0.6195   0.0680   1.5436
21.0807    0.0426   0.7624   0.0687   1.5370
20.4495    0.0309   0.5592   0.0506   2.9766
20.4553    0.0303   0.5785   0.0496   3.0164
20.7594    0.0360   0.6692   0.0588   2.7325
20.9449    0.0387   0.5201   0.0629   1.5948
20.3629    0.0294   0.5759   0.0481   2.9925
20.6278    0.0349   0.5038   0.0570   1.6616
20.2944    0.0293   0.5409   0.0479   2.9965
20.3578    0.0296   0.5751   0.0484   3.0397
20.8169    0.0362   0.4494   0.0591   1.6370
20.7815    0.0362   0.4705   0.0591   1.6370
20.7576    0.0367   0.5081   0.0599   1.6279
20.7155    0.0347   0.4187   0.0567   1.6658
20.7266    0.0349   0.4287   0.0570   1.6616
20.1762    0.0278   0.4912   0.0452   3.1553
20.8812    0.0373   0.5152   0.0607   1.6183
20.5086    0.0316   0.6433   0.0518   2.8883
20.3296    0.0294   0.4794   0.0481   3.0213
20.3836    0.0300   0.5183   0.0490   3.0209
20.5707    0.0327   0.5249   0.0536   1.7041
20.5014    0.0323   0.5151   0.0529   2.8531
20.1279    0.0270   0.4960   0.0438   3.1709
20.5835    0.0326   0.6177   0.0533   2.8428
20.1947    0.0278   0.5137   0.0452   3.1138
20.8866    0.0370   0.4702   0.0603   1.6231
20.4398    0.0308   0.5131   0.0505   2.8754
20.1069    0.0264   0.4774   0.0427   3.2192
20.6948    0.0347   0.3885   0.0567   1.6658
20.4611    0.0311   0.5123   0.0510   2.8862
20.5674    0.0325   0.5346   0.0533   2.8191
20.1195    0.0268   0.4825   0.0436   3.1895
20.4759    0.0312   0.4204   0.0511   2.9347
20.5484    0.0336   0.4459   0.0551   1.6857
20.7655    0.0352   0.5371   0.0575   1.6554
20.1057    0.0267   0.5325   0.0433   3.2216
20.8303    0.0373   0.3548   0.0607   1.6183
20.5336    0.0324   0.4758   0.0531   2.8598
20.4602    0.0316   0.6783   0.0518   2.8751
20.4229    0.0301   0.5379   0.0492   2.9423
20.8486    0.0373   0.5197   0.0607   1.6183
19.9582    0.0250   0.5505   0.0402   3.3335
20.7202    0.0359   0.5230   0.0586   1.6423
20.7007    0.0348   0.4354   0.0569   1.6637
20.1172    0.0265   0.4671   0.0430   3.2304
20.6391    0.0342   0.5388   0.0560   1.6738
20.6414    0.0338   0.4956   0.0553   2.7819
20.4287    0.0308   0.5023   0.0505   2.8872
20.3251    0.0295   0.5205   0.0482   3.0123
20.5664    0.0338   0.4670   0.0554   1.6817
20.6983    0.0349   0.4937   0.0570   1.6616
20.7898    0.0367   0.4106   0.0599   1.6279
20.8237    0.0370   0.4551   0.0603   1.6231
19.9714    0.0254   0.4944   0.0410   3.2991
20.6313    0.0336   0.5076   0.0551   1.6857
20.5267    0.0327   0.5543   0.0535   2.8435
20.1613    0.0276   0.5644   0.0449   3.1488
20.5602    0.0327   0.5374   0.0536   1.7041
20.2853    0.0299   0.5866   0.0489   2.9952
20.1169    0.0267   0.5783   0.0434   3.2142
20.2620    0.0282   0.4953   0.0459   3.0777
20.1968    0.0278   0.5033   0.0453   3.1284
20.8033    0.0375   0.4278   0.0612   1.6134
20.5682    0.0326   0.4231   0.0535   1.7063
19.9913    0.0259   0.4771   0.0419   3.2707
20.3829    0.0302   0.4489   0.0494   2.9594
19.8875    0.0245   0.5154   0.0394   3.3616
20.5999    0.0330   0.3989   0.0540   1.6994
20.3003    0.0294   0.5228   0.0480   2.9647
20.5645    0.0332   0.4477   0.0544   1.6937
20.8316    0.0375   0.4608   0.0612   1.6134
20.0043    0.0254   0.5061   0.0410   3.3029
19.8983    0.0247   0.4670   0.0397   3.3494
20.6944    0.0349   0.4670   0.0570   1.6616
20.5632    0.0329   0.4813   0.0539   2.7898
20.0267    0.0254   0.5207   0.0410   3.2930
20.5662    0.0329   0.5018   0.0539   1.6999
20.4101    0.0313   0.5518   0.0512   2.9466
20.5997    0.0329   0.3963   0.0539   1.6999
20.1469    0.0274   0.5963   0.0445   3.1651
20.4246    0.0302   0.4854   0.0495   2.9618
20.7961    0.0358   0.4650   0.0585   1.6441
20.2998    0.0293   0.5970   0.0479   3.0349
20.3826    0.0304   0.5474   0.0497   2.9344
20.6031    0.0331   0.4944   0.0542   1.6971
19.8258    0.0243   0.5050   0.0388   3.3840
20.0298    0.0257   0.4508   0.0416   3.2674
20.8058    0.0364   0.5335   0.0595   1.6328
20.7845    0.0373   0.4380   0.0607   1.6183
20.4919    0.0317   0.5663   0.0520   2.8933
19.8867    0.0247   0.5609   0.0397   3.3516
20.7895    0.0367   0.5919   0.0599   1.6279
20.7738    0.0362   0.5229   0.0591   1.6370
20.5450    0.0328   0.5754   0.0538   2.8216
20.0811    0.0265   0.5077   0.0430   3.2281
20.6943    0.0349   0.3740   0.0570   1.6616
20.8468    0.0373   0.4129   0.0607   1.6183
20.7756    0.0362   0.5835   0.0591   1.6370
20.7357    0.0353   0.5552   0.0577   1.6533
20.0863    0.0266   0.5137   0.0431   3.2148
20.1730    0.0274   0.5633   0.0446   3.1783
20.1355    0.0266   0.6138   0.0432   3.2011
20.8071    0.0358   0.4739   0.0585   1.6441
20.2461    0.0279   0.4750   0.0455   3.1129
20.3041    0.0294   0.5400   0.0481   3.0070
20.5361    0.0320   0.5542   0.0524   2.8819
20.7850    0.0361   0.4110   0.0589   1.6388
20.5572    0.0331   0.4611   0.0542   1.6960
20.5202    0.0322   0.5800   0.0528   2.8872
20.1331    0.0271   0.5156   0.0440   3.1780
20.7080    0.0352   0.4267   0.0575   1.6554
20.1402    0.0270   0.4621   0.0439   3.1870
20.6504    0.0338   0.4982   0.0554   1.6817
20.3156    0.0294   0.5778   0.0481   3.0553
20.7053    0.0360   0.4700   0.0588   1.6405
20.7848    0.0367   0.5963   0.0599   1.6279
20.3483    0.0296   0.5250   0.0483   3.0030
20.4174    0.0306   0.5760   0.0500   2.9445
20.6179    0.0340   0.4689   0.0557   1.6778
20.7110    0.0347   0.5191   0.0567   1.6658
20.3611    0.0297   0.5606   0.0487   3.0374
20.3682    0.0302   0.4652   0.0494   2.9918
20.0057    0.0260   0.4625   0.0420   3.2606
20.2351    0.0283   0.4468   0.0461   3.0850
20.7129    0.0347   0.4892   0.0567   1.6658
20.4800    0.0311   0.6653   0.0509   2.9497
20.1606    0.0274   0.5438   0.0445   3.1525
20.7787    0.0373   0.4031   0.0607   1.6183
20.6206    0.0334   0.3581   0.0548   1.6897
20.7062    0.0351   0.4808   0.0574   1.6575
20.4637    0.0319   0.5753   0.0523   2.8800
20.6015    0.0336   0.4851   0.0551   1.6857
20.7485    0.0362   0.5456   0.0591   1.6370
20.2055    0.0278   0.5494   0.0453   3.1269
20.7586    0.0360   0.4483   0.0588   1.6405
20.4384    0.0317   0.6022   0.0519   2.8807
20.5363    0.0332   0.4585   0.0544   1.6937
20.2441    0.0282   0.5668   0.0459   3.1277
20.7637    0.0357   0.3876   0.0583   1.6458
20.8372    0.0375   0.5708   0.0612   1.6134
20.7403    0.0353   0.5113   0.0577   1.6533
20.3714    0.0302   0.4598   0.0495   2.9301
20.4964    0.0320   0.6875   0.0525   2.8498
20.6203    0.0344   0.4947   0.0564   1.6698
20.1011    0.0265   0.4838   0.0430   3.2265
20.7883    0.0356   0.5570   0.0582   1.6476
20.6576    0.0333   0.5824   0.0545   2.7888
20.1450    0.0272   0.5006   0.0442   3.1872
20.0832    0.0264   0.4782   0.0429   3.2365
19.6427    0.0226   0.4477   0.0357   3.5023
20.4731    0.0311   0.5177   0.0509   1.7401
19.8112    0.0238   0.4866   0.0380   3.3700
19.8944    0.0245   0.4671   0.0394   3.3013
20.4771    0.0321   0.4781   0.0526   1.7179
19.8082    0.0236   0.4735   0.0376   3.4288
19.9932    0.0256   0.5183   0.0414   3.2212
20.4362    0.0313   0.3693   0.0513   1.7356
20.5112    0.0315   0.4421   0.0516   1.7312
20.4196    0.0307   0.4242   0.0503   1.7489
20.0537    0.0258   0.6001   0.0417   3.2278
19.7876    0.0237   0.4669   0.0378   3.4256
20.0642    0.0262   0.5028   0.0424   3.2219
20.3340    0.0296   0.4068   0.0484   1.7759
20.3210    0.0295   0.4941   0.0482   2.9219
19.8786    0.0246   0.4708   0.0394   3.3407
20.0516    0.0260   0.5021   0.0420   3.2432
20.4685    0.0317   0.3768   0.0519   1.7268
20.1116    0.0268   0.5237   0.0436   3.1552
20.4435    0.0307   0.4586   0.0503   1.7489
20.5395    0.0319   0.4703   0.0522   1.7223
20.5011    0.0317   0.5791   0.0519   1.7268
20.3267    0.0293   0.4847   0.0479   1.7835
20.3793    0.0300   0.4751   0.0491   1.7663
20.5004    0.0315   0.3885   0.0516   1.7312
20.1479    0.0268   0.4990   0.0436   3.1174
20.5143    0.0315   0.5652   0.0516   1.7312
19.7682    0.0233   0.4614   0.0370   3.4580
19.9464    0.0250   0.4959   0.0402   3.3262
20.1800    0.0274   0.5470   0.0445   3.0931
19.6643    0.0226   0.4899   0.0357   3.5136
19.9625    0.0258   0.4500   0.0416   3.2462
19.9338    0.0251   0.4418   0.0404   3.2624
20.4789    0.0321   0.4911   0.0526   1.7179
20.3968    0.0311   0.5417   0.0509   1.7401
19.9881    0.0258   0.4913   0.0418   3.1997
20.1360    0.0268   0.4999   0.0434   3.1624
20.3327    0.0298   0.4708   0.0487   1.7721
20.4950    0.0309   0.4464   0.0506   1.7445
20.4602    0.0309   0.4922   0.0506   1.7445
20.3208    0.0295   0.4035   0.0481   1.7797
20.0133    0.0256   0.5277   0.0413   3.1767
20.4329    0.0309   0.4372   0.0506   1.7445
19.7742    0.0237   0.4745   0.0377   3.4262
20.4046    0.0299   0.3822   0.0489   1.7691
20.3092    0.0295   0.3679   0.0481   1.7797
19.7792    0.0235   0.4624   0.0373   3.4216
20.0240    0.0257   0.5013   0.0415   3.1635
20.1278    0.0272   0.4468   0.0442   3.1341
20.4631    0.0313   0.4399   0.0513   1.7356
20.5201    0.0309   0.4244   0.0506   1.7445
19.9382    0.0256   0.5054   0.0413   3.1767
20.3322    0.0301   0.4380   0.0493   1.7635
20.3212    0.0298   0.4648   0.0487   1.7721
20.0754    0.0266   0.5782   0.0431   3.1514
20.0130    0.0255   0.3784   0.0411   3.2148
19.5538    0.0217   0.4000   0.0339   3.5911
19.9446    0.0250   0.4586   0.0402   3.2362
20.3215    0.0298   0.4285   0.0487   1.7721
20.1692    0.0274   0.5362   0.0445   3.0684
20.4031    0.0299   0.4577   0.0489   1.7691
19.7931    0.0241   0.4786   0.0385   3.3797
20.1273    0.0276   0.5321   0.0449   3.0842
20.2913    0.0291   0.5805   0.0475   2.9417
20.3242    0.0290   0.4679   0.0474   1.7910
19.7503    0.0230   0.4484   0.0365   3.4686
20.0429    0.0262   0.5120   0.0425   3.1148
20.5604    0.0323   0.5328   0.0530   1.7128
19.6565    0.0230   0.4754   0.0365   3.4686
20.4807    0.0305   0.4138   0.0499   1.7550
20.3236    0.0293   0.5083   0.0479   1.7835
20.4758    0.0319   0.5138   0.0522   1.7223
19.8263    0.0243   0.4909   0.0389   3.3462
20.3895    0.0300   0.4308   0.0491   1.7663
20.5699    0.0317   0.4921   0.0519   1.7268
20.3786    0.0304   0.4011   0.0497   1.7578
20.4525    0.0315   0.4549   0.0516   1.7312
20.0353    0.0258   0.4994   0.0417   3.2213
19.6545    0.0227   0.5007   0.0358   3.5100
20.0642    0.0263   0.4672   0.0426   3.0921
19.7194    0.0230   0.5259   0.0364   3.4723
19.9605    0.0251   0.5008   0.0404   3.3150
19.9371    0.0246   0.4900   0.0394   3.2876
20.1131    0.0267   0.4426   0.0434   3.1382
20.4458    0.0299   0.4703   0.0489   1.7691
20.2316    0.0278   0.5034   0.0453   3.0032
19.5461    0.0219   0.4344   0.0342   3.5778
19.8683    0.0246   0.4555   0.0395   3.3195
20.1044    0.0271   0.4573   0.0440   3.0469
20.1676    0.0272   0.4619   0.0443   3.1311
20.1691    0.0277   0.4991   0.0451   3.0130
19.9706    0.0255   0.4268   0.0412   3.2769
20.2235    0.0283   0.3709   0.0462   1.8086
19.8893    0.0243   0.4464   0.0390   3.3402
20.0127    0.0256   0.5770   0.0413   3.2363
20.3556    0.0298   0.5065   0.0487   1.7721
19.8075    0.0240   0.5236   0.0383   3.4010
20.0501    0.0261   0.4958   0.0423   3.0890
19.8221    0.0239   0.4353   0.0382   3.3904
19.9551    0.0252   0.4926   0.0406   3.2741
20.4332    0.0311   0.4993   0.0509   1.7401
20.0320    0.0260   0.4611   0.0420   3.1384
20.1937    0.0269   0.5034   0.0437   3.1306
20.4317    0.0309   0.4903   0.0506   1.7445
19.9076    0.0249   0.4888   0.0400   3.3309
19.8228    0.0240   0.4585   0.0384   3.3701
19.9085    0.0251   0.5065   0.0404   3.2920
20.1559    0.0275   0.5601   0.0447   3.0777
20.0582    0.0263   0.4992   0.0426   3.1393
20.3047    0.0298   0.4966   0.0487   1.7721
20.4975    0.0304   0.5453   0.0497   1.7578
20.4549    0.0309   0.3459   0.0506   1.7445
20.4445    0.0305   0.4573   0.0499   1.7550
19.9492    0.0255   0.4245   0.0412   3.1875
19.8031    0.0236   0.4887   0.0376   3.4307
20.3801    0.0293   0.4288   0.0479   1.7835
20.4621    0.0315   0.4637   0.0516   1.7312
20.4612    0.0309   0.4325   0.0506   1.7445
20.2417    0.0274   0.5241   0.0446   3.0476
20.5070    0.0321   0.4444   0.0526   1.7179
20.0041    0.0257   0.4884   0.0415   3.1960
20.4567    0.0315   0.3782   0.0516   1.7312
20.3572    0.0293   0.3705   0.0479   1.7835
20.3754    0.0304   0.4328   0.0497   1.7578
20.4620    0.0317   0.5084   0.0519   1.7268
20.2190    0.0275   0.4119   0.0448   3.1106
19.6525    0.0227   0.4430   0.0359   3.4957
19.5687    0.0219   0.4885   0.0343   3.5726
19.8358    0.0243   0.4724   0.0388   3.3259
20.4545    0.0309   0.4754   0.0506   1.7445
20.3913    0.0300   0.4406   0.0491   1.7663
20.0780    0.0266   0.4526   0.0431   3.1623
20.0634    0.0259   0.5513   0.0419   3.2218
20.3959    0.0301   0.4790   0.0493   1.7635
20.1879    0.0273   0.5084   0.0445   3.1306
19.9009    0.0249   0.4351   0.0400   1.9094
19.9697    0.0260   0.4695   0.0421   1.8735
20.1257    0.0268   0.4089   0.0436   1.8491
20.0048    0.0255   0.4896   0.0412   1.8881
20.1969    0.0277   0.4196   0.0451   1.8250
19.7725    0.0237   0.4907   0.0377   3.2573
20.1103    0.0270   0.4863   0.0439   1.8440
19.3836    0.0206   0.4530   0.0315   3.6969
19.8960    0.0246   0.4712   0.0395   3.1683
19.5215    0.0215   0.4006   0.0334   3.5971
19.7266    0.0233   0.3836   0.0371   3.3691
20.2037    0.0278   0.4548   0.0453   1.8216
19.9927    0.0256   0.3890   0.0414   1.8845
20.1614    0.0273   0.4697   0.0445   1.8351
19.7253    0.0231   0.4802   0.0366   3.3488
20.0666    0.0266   0.4308   0.0432   1.8556
20.2057    0.0275   0.3811   0.0447   1.8317
20.1303    0.0272   0.4720   0.0442   1.8385
19.7886    0.0235   0.5430   0.0373   3.3544
20.0138    0.0258   0.4526   0.0416   1.8808
19.8359    0.0240   0.4847   0.0384   3.3290
19.8133    0.0239   0.5328   0.0382   3.3571
19.8648    0.0246   0.4556   0.0395   3.2070
19.5990    0.0224   0.4751   0.0352   3.5077
20.1328    0.0270   0.4664   0.0438   1.8457
19.6514    0.0226   0.4696   0.0357   3.4156
19.5365    0.0220   0.4970   0.0344   3.4863
19.4603    0.0211   0.4711   0.0326   3.6441
19.6415    0.0225   0.4757   0.0354   3.4494
19.4564    0.0209   0.4238   0.0323   3.6666
20.0080    0.0259   0.4649   0.0419   1.8771
19.6443    0.0225   0.4515   0.0354   3.4914
19.8498    0.0242   0.5307   0.0387   3.3181
20.0184    0.0258   0.4588   0.0416   1.8808
19.7491    0.0236   0.4500   0.0377   3.3688
19.9790    0.0256   0.4691   0.0414   1.8845
19.8213    0.0243   0.5187   0.0389   3.2453
19.5759    0.0222   0.4889   0.0348   3.4634
19.4820    0.0216   0.4847   0.0336   3.6030
20.1512    0.0276   0.4152   0.0449   1.8284
19.4406    0.0214   0.4935   0.0331   3.6031
19.9521    0.0249   0.3956   0.0401   1.9069
19.8514    0.0241   0.4809   0.0386   3.2777
19.7401    0.0234   0.4617   0.0373   3.4045
20.1752    0.0276   0.4387   0.0449   1.8284
20.1052    0.0268   0.4259   0.0436   1.8491
19.3956    0.0208   0.4516   0.0319   3.6672
19.6304    0.0225   0.4562   0.0354   3.4884
19.5854    0.0220   0.4493   0.0344   3.5089
19.9449    0.0252   0.5312   0.0405   3.1649
19.8393    0.0242   0.4861   0.0387   3.2958
19.9302    0.0249   0.4836   0.0401   1.9069
19.8540    0.0245   0.5007   0.0394   3.2525
19.9578    0.0252   0.3900   0.0406   1.8991
20.0782    0.0264   0.4232   0.0428   1.8615
19.9704    0.0249   0.4600   0.0400   1.9094
20.0709    0.0261   0.4896   0.0423   1.8703
19.5070    0.0217   0.4669   0.0337   3.5754
20.0185    0.0260   0.4684   0.0421   1.8735
19.4765    0.0217   0.3710   0.0338   3.5824
19.7286    0.0231   0.4521   0.0366   3.3985
19.5374    0.0219   0.4171   0.0342   3.5736
20.0473    0.0261   0.4297   0.0423   1.8703
19.9616    0.0255   0.4728   0.0412   1.8881
19.9366    0.0258   0.3950   0.0416   1.8808
19.6213    0.0222   0.4557   0.0349   3.5368
20.1344    0.0275   0.4180   0.0447   1.8317
19.9271    0.0252   0.3803   0.0406   1.8991
20.0705    0.0264   0.3692   0.0428   1.8615
20.0931    0.0263   0.5112   0.0426   1.8644
19.7828    0.0235   0.4830   0.0373   3.3190
19.5592    0.0220   0.4730   0.0344   3.5585
20.0476    0.0262   0.4311   0.0425   1.8673
19.7683    0.0236   0.5003   0.0375   3.3497
19.9921    0.0256   0.4557   0.0414   1.8845
19.7497    0.0234   0.4262   0.0373   3.4019
19.7712    0.0236   0.5016   0.0375   3.3251
20.0517    0.0261   0.3946   0.0423   1.8703
19.9853    0.0261   0.4022   0.0423   1.8703
19.9394    0.0249   0.4063   0.0400   1.9094
20.1791    0.0276   0.4239   0.0449   1.8284
19.3755    0.0210   0.4370   0.0323   3.6624
20.0413    0.0261   0.4561   0.0423   1.8703
20.1127    0.0267   0.4368   0.0434   1.8527
19.9927    0.0259   0.4428   0.0419   1.8771
20.1460    0.0277   0.4748   0.0451   1.8250
19.9317    0.0251   0.4059   0.0404   1.9019
19.8963    0.0250   0.3740   0.0403   1.9044
20.0760    0.0262   0.5097   0.0425   1.8673
19.9610    0.0251   0.4725   0.0405   3.1716
19.9508    0.0251   0.4745   0.0404   1.9019
20.0969    0.0266   0.3842   0.0432   1.8556
19.9199    0.0249   0.3666   0.0401   1.9069
19.9508    0.0252   0.4282   0.0406   1.8991
19.4001    0.0209   0.4528   0.0322   3.6683
19.6585    0.0225   0.4334   0.0354   3.4517
20.0083    0.0260   0.4511   0.0421   1.8735
19.4428    0.0213   0.3897   0.0330   3.6295
19.7584    0.0235   0.4561   0.0373   3.3016
20.1503    0.0277   0.4918   0.0451   1.8250
20.1096    0.0270   0.4357   0.0438   1.8448
20.0131    0.0255   0.4505   0.0412   1.8881
19.4086    0.0208   0.4150   0.0320   3.6783
19.9591    0.0250   0.5043   0.0402   3.2012
20.1971    0.0276   0.4378   0.0449   1.8284
19.9883    0.0260   0.4838   0.0421   1.8735
19.2307    0.0200   0.4585   0.0302   3.7689
19.9068    0.0247   0.5006   0.0397   3.1727
20.1729    0.0277   0.4949   0.0451   1.8250
19.6144    0.0226   0.4530   0.0357   3.4444
19.7277    0.0231   0.4676   0.0365   3.4551
19.9868    0.0260   0.4316   0.0421   1.8735
19.8481    0.0243   0.5216   0.0390   3.2557
19.8758    0.0246   0.4991   0.0395   3.2213
20.1089    0.0268   0.5108   0.0435   1.8499
19.7161    0.0229   0.4675   0.0361   3.4475
20.0245    0.0261   0.4035   0.0423   1.8703
19.6668    0.0230   0.4907   0.0365   3.3021
20.1671    0.0276   0.4683   0.0449   1.8284
19.5986    0.0224   0.3897   0.0352   3.5224
20.1338    0.0272   0.4333   0.0442   1.8385
19.7423    0.0232   0.4800   0.0367   3.4213
20.1219    0.0267   0.3671   0.0434   1.8527
20.1597    0.0272   0.4723   0.0442   1.8385
20.1093    0.0265   0.4561   0.0430   1.8585
20.1486    0.0269   0.3698   0.0436   1.8482
19.7840    0.0234   0.5318   0.0372   1.9583
19.6386    0.0223   0.4849   0.0350   1.9988
19.9041    0.0248   0.4499   0.0398   1.9119
19.2164    0.0197   0.4628   0.0297   3.7581
19.6768    0.0228   0.4043   0.0361   1.9791
19.5617    0.0217   0.4894   0.0338   3.5230
19.5174    0.0216   0.4692   0.0336   3.4582
19.7675    0.0236   0.4396   0.0376   1.9514
19.7582    0.0234   0.5118   0.0371   1.9596
19.2867    0.0202   0.4299   0.0307   3.6722
19.1757    0.0195   0.4918   0.0292   3.8141
19.1908    0.0196   0.5219   0.0294   3.7730
19.1733    0.0196   0.5320   0.0294   3.7483
18.9825    0.0186   0.4727   0.0272   3.9319
19.7573    0.0235   0.4481   0.0374   1.9555
19.5454    0.0215   0.4332   0.0334   3.5497
19.6811    0.0230   0.5163   0.0365   1.9723
19.3081    0.0205   0.4394   0.0312   3.6968
19.4333    0.0214   0.4155   0.0332   3.5393
19.7335    0.0231   0.3810   0.0366   1.9688
19.0313    0.0189   0.4670   0.0279   3.8892
19.5256    0.0214   0.4969   0.0332   3.4390
19.8438    0.0243   0.4634   0.0389   1.9276
19.4858    0.0213   0.5030   0.0331   3.5677
19.3306    0.0207   0.5111   0.0318   3.5794
19.6018    0.0224   0.4654   0.0352   1.9952
19.1061    0.0193   0.4418   0.0288   3.8139
19.3160    0.0205   0.5212   0.0312   3.5774
19.5872    0.0224   0.4953   0.0351   1.9970
19.6643    0.0227   0.5343   0.0359   1.9825
19.6358    0.0225   0.5252   0.0353   1.9933
19.5767    0.0220   0.5454   0.0345   2.0098
19.5708    0.0221   0.5341   0.0346   2.0082
19.8746    0.0245   0.4657   0.0394   1.9197
19.5064    0.0216   0.5152   0.0337   3.4000
19.5955    0.0222   0.5213   0.0348   2.0036
19.6927    0.0227   0.5487   0.0359   1.9825
19.8380    0.0243   0.4481   0.0389   1.9276
19.0756    0.0190   0.4411   0.0280   3.8817
19.5677    0.0220   0.4832   0.0343   3.3610
19.3454    0.0207   0.5370   0.0316   3.5358
19.6284    0.0224   0.4888   0.0352   1.9952
19.5477    0.0221   0.5454   0.0347   3.3886
19.6408    0.0229   0.5020   0.0363   1.9757
19.1919    0.0197   0.4589   0.0297   3.7626
19.0782    0.0192   0.4524   0.0285   3.8535
19.4811    0.0212   0.4778   0.0328   3.5947
19.3487    0.0206   0.5661   0.0316   3.5208
19.6365    0.0226   0.4957   0.0355   1.9897
19.3922    0.0208   0.5029   0.0320   3.5361
19.7823    0.0239   0.4095   0.0382   1.9395
19.2465    0.0202   0.4951   0.0306   3.6406
18.8995    0.0184   0.4844   0.0267   3.9571
19.8432    0.0238   0.4746   0.0380   1.9434
19.3304    0.0205   0.4619   0.0313   3.6517
19.7109    0.0231   0.4853   0.0366   1.9688
19.6232    0.0222   0.5732   0.0348   2.0036
19.5849    0.0223   0.5080   0.0351   3.4081
19.6130    0.0225   0.4429   0.0354   3.3620
19.8330    0.0244   0.4949   0.0391   1.9237
19.0960    0.0192   0.5118   0.0285   3.8464
19.7297    0.0234   0.5033   0.0372   1.9583
19.7753    0.0238   0.4638   0.0380   1.9434
19.6786    0.0228   0.4910   0.0361   1.9791
19.6665    0.0226   0.5865   0.0356   1.9879
18.9389    0.0185   0.5182   0.0268   3.9517
19.2213    0.0200   0.5286   0.0303   3.7009
19.6237    0.0223   0.5489   0.0350   2.0005
19.2613    0.0202   0.5179   0.0307   3.6445
19.5154    0.0217   0.4951   0.0338   3.4580
19.5935    0.0224   0.5312   0.0351   3.3229
19.5550    0.0221   0.5000   0.0346   2.0082
19.5521    0.0221   0.5139   0.0346   3.4501
19.6948    0.0230   0.4843   0.0365   1.9723
19.7416    0.0230   0.4519   0.0365   1.9723
19.0209    0.0189   0.4917   0.0279   3.8878
19.6693    0.0227   0.4852   0.0359   1.9825
19.6721    0.0231   0.4701   0.0366   1.9688
19.6542    0.0227   0.5390   0.0357   1.9859
19.7630    0.0235   0.4936   0.0374   1.9555
19.6548    0.0227   0.3711   0.0359   1.9825
19.8840    0.0241   0.4731   0.0385   1.9355
19.7287    0.0232   0.4905   0.0368   1.9654
19.2214    0.0200   0.4028   0.0302   3.7455
19.5513    0.0219   0.4339   0.0343   3.4819
19.7324    0.0234   0.4479   0.0371   1.9596
19.4416    0.0212   0.4932   0.0329   3.4173
19.4652    0.0212   0.4306   0.0328   3.5874
19.3368    0.0206   0.4451   0.0315   3.6663
19.8146    0.0237   0.4437   0.0378   1.9474
19.6778    0.0227   0.4979   0.0357   1.9859
19.5841    0.0219   0.4844   0.0343   3.4395
19.7335    0.0233   0.4732   0.0370   1.9620
19.6732    0.0225   0.4973   0.0353   1.9933
19.8022    0.0242   0.3529   0.0387   1.9316
19.6822    0.0231   0.4843   0.0366   1.9688
19.7441    0.0233   0.4819   0.0370   1.9620
19.7112    0.0231   0.5118   0.0366   1.9688
19.3911    0.0209   0.4352   0.0321   3.6132
19.3878    0.0210   0.4711   0.0324   3.5875
19.6374    0.0227   0.4614   0.0357   1.9859
19.5453    0.0217   0.4976   0.0338   3.4481
19.4274    0.0211   0.4924   0.0326   3.6121
19.6600    0.0228   0.4901   0.0359   3.3097
19.3730    0.0208   0.5117   0.0321   3.5040
19.7204    0.0228   0.5007   0.0361   1.9791
19.6986    0.0229   0.5225   0.0363   1.9757
19.3647    0.0206   0.4729   0.0315   3.5959
19.4346    0.0210   0.4967   0.0324   3.5397
19.4916    0.0219   0.4707   0.0342   3.4393
19.6592    0.0229   0.4786   0.0363   1.9757
19.6868    0.0229   0.5380   0.0363   1.9757
19.4003    0.0208   0.4555   0.0320   3.5474
19.3833    0.0208   0.4534   0.0319   3.6500
19.2843    0.0202   0.4774   0.0307   3.7181
19.7081    0.0232   0.4322   0.0368   3.2584
19.6269    0.0224   0.5241   0.0352   1.9952
19.2968    0.0201   0.4300   0.0305   3.7394
19.3445    0.0206   0.4853   0.0315   3.6766
19.6374    0.0225   0.3991   0.0354   3.3584
18.7590    0.0177   0.6002   0.0251   3.9970
19.3400    0.0205   0.5674   0.0313   3.5244
19.4755    0.0214   0.5712   0.0331   2.0380
19.0200    0.0188   0.5552   0.0276   3.8605
19.3611    0.0205   0.6318   0.0314   2.0766
19.1760    0.0197   0.6815   0.0296   3.5691
18.9111    0.0183   0.6043   0.0264   3.9581
19.3318    0.0204   0.5835   0.0310   3.5433
19.1482    0.0195   0.6432   0.0292   3.5764
19.3475    0.0204   0.6406   0.0312   2.0803
19.3985    0.0207   0.6543   0.0318   2.0671
19.0803    0.0190   0.5066   0.0281   3.8284
19.3896    0.0210   0.6494   0.0324   2.0529
18.8292    0.0180   0.5181   0.0258   4.0126
19.2662    0.0202   0.7440   0.0306   2.0923
19.4923    0.0217   0.5393   0.0337   2.0252
18.5158    0.0169   0.7642   0.0231   4.1847
18.6664    0.0175   0.5960   0.0245   4.0953
18.9926    0.0185   0.6407   0.0270   3.8322
19.3650    0.0205   0.5397   0.0314   3.5078
19.3655    0.0208   0.6508   0.0320   2.0631
19.2005    0.0198   0.6805   0.0299   2.1038
19.1087    0.0193   0.6946   0.0288   3.6258
19.3748    0.0209   0.5576   0.0322   2.0569
19.3526    0.0209   0.6366   0.0322   2.0590
19.3949    0.0206   0.7123   0.0316   2.0711
19.2287    0.0198   0.5205   0.0299   3.6608
19.2420    0.0200   0.7710   0.0303   2.0986
19.5020    0.0216   0.5439   0.0336   2.0280
19.4766    0.0214   0.5536   0.0332   2.0358
19.3104    0.0205   0.7092   0.0314   2.0766
19.6151    0.0220   0.5000   0.0344   2.0113
19.3684    0.0206   0.6414   0.0315   2.0748
19.1999    0.0197   0.6623   0.0297   3.5298
19.2034    0.0197   0.5738   0.0297   3.5978
18.7165    0.0176   0.5980   0.0249   4.0708
19.4708    0.0212   0.5712   0.0327   2.0469
18.8246    0.0181   0.5365   0.0261   3.9807
19.1781    0.0198   0.5630   0.0298   3.6346
19.2160    0.0198   0.7283   0.0299   2.1038
19.5826    0.0220   0.5909   0.0344   2.0113
19.4327    0.0213   0.5402   0.0330   2.0403
18.9153    0.0183   0.6596   0.0265   3.8740
19.4961    0.0214   0.5854   0.0332   2.0358
19.1705    0.0197   0.6773   0.0295   2.1077
19.4842    0.0213   0.6270   0.0329   2.0425
19.3035    0.0203   0.6952   0.0309   2.0860
18.9856    0.0187   0.5342   0.0274   3.8596
18.9760    0.0188   0.6504   0.0275   3.8115
19.2633    0.0201   0.7093   0.0304   2.0965
19.4750    0.0213   0.5703   0.0330   2.0403
19.0453    0.0190   0.7285   0.0281   3.6026
19.4653    0.0215   0.5608   0.0333   2.0336
18.9910    0.0188   0.5262   0.0276   3.8898
19.3631    0.0209   0.6773   0.0322   2.0569
19.4846    0.0217   0.5255   0.0337   2.0252
18.8209    0.0181   0.5614   0.0259   3.9618
19.5331    0.0216   0.5349   0.0336   2.0280
19.0211    0.0187   0.4953   0.0275   3.8894
18.8651    0.0183   0.5794   0.0265   3.8951
19.4686    0.0213   0.5663   0.0329   2.0425
19.5077    0.0215   0.6364   0.0335   2.0309
19.3113    0.0204   0.6670   0.0312   2.0803
18.5925    0.0172   0.6070   0.0237   4.1212
19.3798    0.0209   0.5847   0.0322   2.0590
19.0013    0.0187   0.6796   0.0274   3.7485
19.3912    0.0213   0.6430   0.0329   2.0425
19.5633    0.0215   0.5802   0.0335   2.0309
18.9321    0.0186   0.5333   0.0272   3.8960
19.5091    0.0217   0.4829   0.0339   2.0224
19.0775    0.0190   0.6326   0.0280   3.7440
19.4933    0.0214   0.5808   0.0331   2.0380
19.4195    0.0212   0.5780   0.0327   2.0469
19.4629    0.0211   0.6279   0.0326   2.0492
18.7488    0.0177   0.5759   0.0251   4.0430
19.2930    0.0200   0.5819   0.0303   3.5707
19.2465    0.0201   0.7514   0.0304   2.0965
18.9243    0.0185   0.5141   0.0269   3.9049
19.4147    0.0209   0.6259   0.0321   2.0610
18.7869    0.0179   0.6456   0.0256   3.9682
19.2069    0.0197   0.6351   0.0295   2.1077
19.3753    0.0207   0.6351   0.0318   2.0671
19.0797    0.0192   0.7119   0.0284   3.6402
19.2760    0.0201   0.5716   0.0305   3.5379
19.3305    0.0204   0.6714   0.0312   2.0803
19.1770    0.0196   0.6882   0.0293   3.5746
19.4411    0.0210   0.6448   0.0323   2.0549
19.3824    0.0207   0.6450   0.0318   2.0671
19.1317    0.0195   0.6191   0.0293   3.6586
18.9694    0.0186   0.6183   0.0272   3.8390
19.3407    0.0206   0.6412   0.0315   2.0730
19.4672    0.0217   0.5631   0.0337   2.0252
19.1530    0.0195   0.6275   0.0293   2.1096
19.5592    0.0219   0.5452   0.0342   2.0167
18.6971    0.0175   0.6017   0.0246   4.0861
19.2905    0.0202   0.7002   0.0307   2.0902
19.1437    0.0194   0.5898   0.0290   3.6982
19.5892    0.0220   0.5097   0.0345   2.0098
18.9369    0.0185   0.5364   0.0269   3.9116
19.4635    0.0211   0.5449   0.0326   2.0504
18.6168    0.0173   0.6337   0.0241   4.1132
19.0687    0.0192   0.6766   0.0284   3.5854
18.6020    0.0172   0.6809   0.0237   4.1413
19.1433    0.0195   0.4863   0.0291   3.7409
19.2896    0.0204   0.7451   0.0310   2.0840
19.2220    0.0200   0.7245   0.0302   2.1000
18.2889    0.0163   1.5592   0.0215   4.2940
18.4060    0.0165   1.2534   0.0221   4.2550
18.9328    0.0185   1.5997   0.0268   3.6881
19.1380    0.0194   1.9743   0.0290   2.1342
18.8623    0.0181   1.3903   0.0259   3.8576
18.8882    0.0182   0.5618   0.0263   3.8215
19.1115    0.0194   1.9512   0.0289   2.1367
18.6255    0.0173   1.1751   0.0240   4.1047
19.1065    0.0194   1.9576   0.0289   2.1299
18.7471    0.0176   1.2768   0.0248   3.9774
18.6861    0.0176   1.2681   0.0247   4.0178
19.0481    0.0191   1.1996   0.0282   2.1153
19.1623    0.0195   1.2814   0.0292   3.6873
18.8955    0.0184   1.5428   0.0267   3.7307
18.6169    0.0172   1.3561   0.0237   4.0386
17.2818    0.0144   2.7094   0.0160   2.1242
19.1457    0.0194   1.9638   0.0290   2.1342
18.3117    0.0163   1.6597   0.0215   3.8950
18.7128    0.0176   1.5795   0.0248   3.8124
18.7549    0.0177   1.3431   0.0249   3.9396
19.0533    0.0192   1.9741   0.0286   2.1295
18.9470    0.0187   1.9319   0.0273   2.1784
18.5807    0.0172   1.1447   0.0238   4.1265
18.8849    0.0182   1.4006   0.0262   3.8426
18.9349    0.0184   1.9089   0.0266   2.1959
19.0469    0.0189   1.9364   0.0279   2.1626
19.0695    0.0192   1.9213   0.0284   2.1293
18.7994    0.0179   1.4331   0.0254   3.9069
18.9384    0.0185   1.5931   0.0270   3.6897
19.0780    0.0193   1.9390   0.0287   2.1419
19.0714    0.0191   1.9043   0.0283   2.1524
19.1118    0.0194   1.9466   0.0290   2.1342
18.7277    0.0177   1.2897   0.0250   3.9826
19.1294    0.0193   1.8584   0.0288   2.1393
18.6532    0.0174   1.2210   0.0242   4.0692
18.8664    0.0181   1.6411   0.0259   3.7088
18.8929    0.0183   1.6223   0.0266   3.6918
18.9342    0.0184   1.5303   0.0268   3.7476
18.6858    0.0175   1.3988   0.0246   3.9618
18.8756    0.0183   1.9400   0.0264   2.2014
18.8818    0.0181   1.9376   0.0260   2.2107
18.7249    0.0176   1.2871   0.0249   4.0092
18.4998    0.0169   1.1945   0.0231   4.1815
19.1003    0.0192   1.8844   0.0285   2.1470
18.4619    0.0167   1.2276   0.0225   4.2298
18.8853    0.0183   1.4074   0.0265   3.8094
19.1017    0.0192   1.8755   0.0285   2.1470
18.8799    0.0181   1.9216   0.0261   2.2086
17.9453    0.0155   2.4202   0.0192   2.1223
19.0942    0.0193   1.9316   0.0288   2.1393
18.7189    0.0178   1.5008   0.0251   3.8561
18.2368    0.0162   1.9322   0.0211   4.3369
18.7145    0.0175   1.0376   0.0245   4.1626
18.9283    0.0183   1.9046   0.0264   2.2001
18.5608    0.0171   1.3028   0.0235   4.0819
18.2847    0.0164   1.2730   0.0217   4.2862
17.4605    0.0147   2.0448   0.0168   4.0302
18.9503    0.0184   1.9214   0.0268   2.1916
18.7345    0.0176   1.5522   0.0249   3.8653
18.6262    0.0173   1.2759   0.0239   4.0774
18.9054    0.0183   1.5882   0.0265   3.7333
18.5260    0.0170   0.7511   0.0232   4.0699
19.0258    0.0189   1.9047   0.0277   2.1666
18.9403    0.0184   1.9457   0.0267   2.1937
18.9044    0.0182   1.9309   0.0263   2.2038
18.9917    0.0187   1.5908   0.0274   3.6422
18.7761    0.0179   1.3243   0.0255   3.9404
18.9260    0.0184   1.8842   0.0267   2.1937
18.8958    0.0183   1.9304   0.0265   2.1981
18.8869    0.0183   1.9016   0.0264   2.2014
18.6967    0.0175   2.0985   0.0246   2.1266
18.9189    0.0184   0.5829   0.0266   3.7346
18.9888    0.0186   1.9672   0.0271   2.1823
19.1038    0.0192   1.9189   0.0285   2.1470
18.6452    0.0173   1.2142   0.0240   4.0863
19.0575    0.0189   1.8664   0.0279   2.1626
19.0678    0.0191   1.9004   0.0284   2.1496
17.2695    0.0144   2.7453   0.0160   2.1242
18.7048    0.0176   1.3077   0.0248   3.9837
18.8922    0.0183   1.9167   0.0265   2.1981
18.7763    0.0179   1.5872   0.0256   3.7472
18.6327    0.0173   1.3494   0.0240   4.0245
18.6031    0.0172   0.8799   0.0238   4.0736
19.0118    0.0189   1.9293   0.0279   2.1626
19.1434    0.0194   1.9245   0.0290   2.1342
19.0798    0.0192   1.9594   0.0284   2.1293
18.5774    0.0171   1.1977   0.0236   4.1388
18.7473    0.0177   1.4926   0.0249   3.8592
19.1054    0.0193   1.8619   0.0288   2.1393
18.8339    0.0181   1.4008   0.0260   3.8616
18.8786    0.0182   1.4621   0.0263   3.7840
18.2401    0.0161   1.9134   0.0211   4.3489
17.8395    0.0153   2.4769   0.0186   2.1226
18.6067    0.0173   1.4373   0.0240   3.9652
18.6027    0.0172   1.9779   0.0239   2.2614
17.5749    0.0148   2.4432   0.0173   2.3029
18.5895    0.0171   1.5462   0.0236   3.8879
18.5687    0.0171   1.9902   0.0235   2.2700
17.7781    0.0151   1.5560   0.0182   4.4011
18.5363    0.0170   1.5857   0.0233   3.8889
18.5029    0.0168   1.5891   0.0229   3.9422
18.5865    0.0171   1.4910   0.0237   3.9393
18.7055    0.0174   1.6144   0.0244   3.7898
18.7492    0.0177   1.9504   0.0251   2.2325
18.4029    0.0166   1.5353   0.0222   4.0312
18.0958    0.0158   1.4797   0.0201   4.2387
18.8382    0.0181   1.8945   0.0259   2.2134
18.7592    0.0177   1.8924   0.0251   2.2325
18.0651    0.0157   1.9286   0.0198   3.9319
18.1605    0.0160   1.7815   0.0206   3.9518
18.0005    0.0156   1.8010   0.0195   4.0441
17.8656    0.0153   1.9315   0.0187   3.9897
17.9937    0.0156   1.9508   0.0195   4.4190
18.3709    0.0164   1.3581   0.0218   4.1570
18.1684    0.0159   1.5232   0.0204   4.1731
18.6848    0.0174   1.9423   0.0244   2.2484
18.3782    0.0165   1.4562   0.0221   4.0796
17.3013    0.0145   2.5793   0.0162   2.3046
18.3631    0.0164   2.0881   0.0219   2.2887
18.4965    0.0169   2.0285   0.0230   2.2782
17.9725    0.0155   1.9320   0.0194   4.4740
18.4270    0.0167   1.3012   0.0224   4.1547
18.4763    0.0167   1.6604   0.0226   3.8653
17.3038    0.0145   2.6140   0.0161   2.3047
18.8375    0.0180   1.9091   0.0256   2.2189
18.8083    0.0180   1.9174   0.0256   2.2189
18.0914    0.0158   2.2024   0.0200   2.2980
18.1719    0.0160   1.4217   0.0207   4.2422
18.5868    0.0171   1.9926   0.0237   2.2657
18.1108    0.0158   1.8249   0.0202   3.8954
18.5986    0.0172   1.5079   0.0237   3.9589
18.7775    0.0179   1.9309   0.0254   2.2243
18.0146    0.0155   1.9508   0.0194   4.4704
18.2289    0.0161   1.3397   0.0209   4.2600
18.1641    0.0159   1.4654   0.0204   4.2116
18.5410    0.0169   1.3725   0.0232   4.0747
18.3071    0.0163   1.2983   0.0216   4.2490
18.4621    0.0167   1.6770   0.0226   3.8807
18.4720    0.0168   1.3731   0.0227   4.0817
18.4403    0.0166   1.2316   0.0222   4.2185
18.6031    0.0173   2.0049   0.0240   2.2578
18.6570    0.0173   1.9460   0.0242   2.2543
18.4461    0.0168   1.3282   0.0227   4.1288
18.3234    0.0164   1.4828   0.0217   4.1154
18.6462    0.0174   1.9518   0.0244   2.2484
17.9238    0.0155   1.9224   0.0193   4.4822
18.7405    0.0176   1.9429   0.0248   2.2378
18.3490    0.0164   1.7127   0.0218   3.9122
17.7306    0.0151   2.3696   0.0181   2.3014
18.3944    0.0165   1.3866   0.0221   4.1525
18.5281    0.0170   1.5858   0.0233   3.9419
18.3917    0.0166   1.4193   0.0222   4.0878
18.8182    0.0181   1.9214   0.0259   2.2134
18.4900    0.0168   2.0306   0.0228   2.2822
18.4863    0.0168   1.4871   0.0228   4.0121
18.1884    0.0160   1.9087   0.0207   4.3612
18.7067    0.0175   1.8963   0.0246   2.2431
18.2372    0.0161   1.8944   0.0208   4.3578
17.7143    0.0150   2.1071   0.0180   4.4080
18.8895    0.0181   1.8967   0.0259   2.2134
18.5595    0.0170   1.9537   0.0232   2.2741
17.9662    0.0155   1.9342   0.0193   4.4782
18.3489    0.0164   2.0487   0.0219   2.2887
18.5332    0.0169   2.0303   0.0230   2.2782
18.2572    0.0161   1.2968   0.0210   4.3053
18.4381    0.0167   1.3821   0.0226   4.1206
18.5244    0.0169   1.5196   0.0231   3.9654
18.8180    0.0179   1.9076   0.0255   2.2216
18.5109    0.0169   1.6125   0.0231   3.9000
17.9537    0.0155   1.5920   0.0193   4.2240
18.2474    0.0161   1.2843   0.0209   4.3049
18.5572    0.0171   1.9770   0.0236   2.2673
18.7721    0.0178   1.9195   0.0253   2.2271
18.7711    0.0178   1.9141   0.0253   2.2271
18.4305    0.0167   2.0196   0.0226   2.2857
18.4834    0.0168   2.0320   0.0229   2.2802
