#mag    e_mag    col1   e_col1    m_ini
21.2421    0.0904   0.6550   0.1239   2.1025
21.2643    0.0937   0.7510   0.1276   2.0839
20.9278    0.0813   0.1880   0.1133   2.1736
22.0012    0.1274   0.4543   0.1651   1.0682
21.3009    0.0885   0.5519   0.1217   2.1241
21.2333    0.0923   0.4840   0.1260   2.0907
21.9743    0.1237   0.7005   0.1611   1.0766
21.1324    0.0882   0.5099   0.1213   2.1242
20.9298    0.0780   0.4543   0.1095   1.1763
20.9287    0.0760   0.5016   0.1072   2.1568
20.7409    0.0693   0.5409   0.0992   2.1910
20.3297    0.0583   0.5825   0.0860   2.3012
20.8816    0.0715   0.3663   0.1018   2.2358
21.5788    0.1127   0.5638   0.1490   1.1030
20.6621    0.0670   0.6693   0.0965   1.1962
20.7138    0.0705   0.5180   0.1006   2.1725
21.3092    0.0943   0.3878   0.1283   1.1491
20.6497    0.0656   0.6917   0.0948   1.1988
20.8820    0.0695   0.5011   0.0994   2.1886
20.9861    0.0760   0.5200   0.1072   2.2105
21.1012    0.0841   0.5459   0.1166   2.1320
20.4227    0.0628   0.6383   0.0914   2.2487
21.5764    0.0980   0.5176   0.1325   1.1426
20.2340    0.0552   0.7003   0.0821   2.2875
21.1840    0.0858   0.6470   0.1186   2.1230
20.5140    0.0622   0.4086   0.0907   2.2921
20.3451    0.0549   0.6883   0.0818   2.3094
20.9360    0.0792   0.5459   0.1109   1.1738
20.2375    0.0541   0.3429   0.0808   2.3396
21.0407    0.0842   0.4272   0.1167   1.1634
21.5489    0.1079   0.4630   0.1437   1.1164
21.5719    0.1060   0.4088   0.1416   1.1218
20.6185    0.0697   0.5553   0.0996   1.1918
21.0394    0.0812   0.5879   0.1132   2.1449
20.8308    0.0738   0.6022   0.1046   2.1621
21.4642    0.1012   0.1926   0.1361   1.1360
20.7626    0.0704   0.6127   0.1005   2.2562
21.0267    0.0773   0.7109   0.1087   1.1778
20.6804    0.0688   0.4585   0.0986   2.1777
20.7918    0.0718   0.5714   0.1022   1.1882
21.1552    0.0822   0.6549   0.1143   2.1418
20.9885    0.0822   0.6673   0.1143   2.1418
21.0245    0.0826   0.3492   0.1148   2.1399
20.8391    0.0738   0.4296   0.1046   2.1621
20.8069    0.0744   0.6908   0.1052   1.1834
20.6335    0.0649   0.5715   0.0939   2.1887
20.9842    0.0757   0.1762   0.1067   2.1576
21.1389    0.0879   0.4919   0.1209   2.1122
21.3224    0.0855   0.5052   0.1182   1.1608
21.6113    0.0988   0.5219   0.1334   1.1410
20.6921    0.0686   0.4792   0.0984   2.2110
20.3029    0.0592   0.6546   0.0871   2.2145
21.0852    0.0807   0.6838   0.1126   2.1465
20.3282    0.0587   0.6880   0.0864   2.2037
20.6574    0.0649   0.7480   0.0939   2.1887
20.3474    0.0563   0.9534   0.0835   2.2641
20.8554    0.0730   0.4386   0.1036   2.1647
20.4303    0.0606   1.1122   0.0888   2.2104
20.3305    0.0574   0.9539   0.0848   2.2423
20.1236    0.0497   1.3210   0.0754   1.2196
20.5733    0.0644   1.2091   0.0933   1.2126
19.5375    0.0360   1.0568   0.0578   2.3481
20.4228    0.0603   1.1548   0.0883   2.2143
20.3326    0.0564   1.3535   0.0836   1.2166
18.4332    0.0189   1.3574   0.0347   1.2459
20.7706    0.0688   1.0686   0.0986   1.2084
19.7905    0.0414   1.2082   0.0648   2.3032
18.2173    0.0165   1.5038   0.0312   1.2498
20.2508    0.0525   0.5875   0.0787   2.3371
20.2572    0.0555   1.0974   0.0825   2.2182
18.3129    0.0174   1.6545   0.0325   2.2783
18.4449    0.0192   1.3545   0.0351   2.2468
18.2700    0.0172   1.6766   0.0322   2.2361
20.6626    0.0644   1.2231   0.0933   1.2126
18.4605    0.0190   1.3683   0.0348   1.2454
18.5415    0.0201   1.3712   0.0363   1.2404
19.8801    0.0433   0.8420   0.0672   2.4032
16.6095    0.0042   2.3504   0.0125   2.2408
18.3411    0.0178   1.4520   0.0330   2.2525
18.4494    0.0190   1.2932   0.0348   2.2478
20.6371    0.0663   1.1152   0.0956   1.2114
20.2796    0.0564   1.2945   0.0836   1.2166
19.7233    0.0399   1.3733   0.0629   1.2239
18.3969    0.0184   1.2845   0.0340   2.2960
19.7243    0.0398   1.2682   0.0627   2.2269
20.2005    0.0523   1.4868   0.0786   1.2184
19.3325    0.0310   1.4454   0.0512   1.2274
18.3896    0.0183   1.2828   0.0338   2.3845
20.4298    0.0578   1.2140   0.0854   1.2159
20.4421    0.0595   0.9121   0.0873   2.2412
19.0650    0.0282   1.4913   0.0475   1.2284
19.9831    0.0464   0.6983   0.0711   2.3889
18.5671    0.0204   1.4002   0.0368   1.2388
18.4207    0.0189   1.3924   0.0347   1.2459
19.4420    0.0348   1.3588   0.0562   2.2293
20.3709    0.0613   1.0809   0.0895   2.2121
18.3395    0.0179   1.3355   0.0332   2.2633
18.3712    0.0186   1.4183   0.0342   1.2472
18.5359    0.0200   1.4056   0.0362   1.2408
17.9879    0.0140   1.7840   0.0276   1.2344
18.9678    0.0255   1.5461   0.0438   1.2294
19.7346    0.0409   1.3852   0.0642   1.2235
17.1951    0.0076   1.9639   0.0179   1.2508
20.4237    0.0592   0.9639   0.0870   2.2085
18.4281    0.0190   1.2587   0.0347   2.4032
20.5421    0.0609   0.8814   0.0891   2.2112
18.5120    0.0199   1.5446   0.0360   2.2351
18.9338    0.0263   1.4351   0.0449   2.2328
19.3786    0.0343   1.4102   0.0556   1.2262
20.5615    0.0607   0.9693   0.0889   2.2135
19.9965    0.0487   1.2779   0.0741   2.2429
18.3559    0.0178   1.3801   0.0331   1.2492
