#mag    e_mag    col1   e_col1    m_ini
21.3449    0.1048   0.5671   0.1401   2.1695
21.5445    0.1070   0.6826   0.1427   2.1546
22.1518    0.1469   0.4390   0.1861   1.1006
21.4669    0.1034   0.7123   0.1386   2.1783
22.5075    0.1577   0.7438   0.1976   1.0745
21.5379    0.1053   0.5774   0.1407   2.1662
21.4585    0.1070   0.6068   0.1427   2.1546
21.6587    0.1075   0.8518   0.1432   2.1518
21.6090    0.1070   0.2095   0.1427   2.1546
21.5205    0.1057   0.7087   0.1412   2.1632
21.3949    0.1054   0.7467   0.1409   2.1652
21.5431    0.1079   0.7377   0.1436   2.1490
21.5142    0.1056   0.8547   0.1411   2.1642
21.6004    0.1079   0.7933   0.1436   2.1490
22.1147    0.1432   0.6374   0.1822   1.1102
21.4599    0.1028   0.5097   0.1379   2.1841
21.6479    0.1046   0.7065   0.1399   2.1709
21.5268    0.1059   0.6031   0.1414   2.1622
21.5813    0.1070   0.6911   0.1427   2.1546
21.6518    0.1075   0.6610   0.1432   2.1518
21.4923    0.1059   0.7087   0.1414   2.1622
21.9554    0.1356   0.3279   0.1740   1.1309
21.7233    0.1125   0.6175   0.1488   1.2056
21.4445    0.0974   0.7602   0.1318   2.2239
21.5718    0.1167   0.5213   0.1534   1.1906
21.3220    0.0964   0.4551   0.1307   2.2248
21.7879    0.1145   0.8336   0.1510   1.1981
21.1902    0.0899   0.5534   0.1232   2.2698
21.7335    0.1189   0.5262   0.1558   1.1831
20.9590    0.0846   0.7581   0.1172   2.3260
21.2947    0.0953   0.6193   0.1295   2.2323
21.3300    0.0942   0.6194   0.1282   2.2398
21.1243    0.0888   0.4213   0.1220   2.2773
21.2786    0.0931   0.5867   0.1270   2.2473
21.8832    0.1234   0.2245   0.1607   1.1681
21.3169    0.0974   0.6236   0.1318   2.2180
21.2071    0.0964   0.6266   0.1307   2.2248
21.4086    0.0953   0.7077   0.1295   2.2323
21.2952    0.0931   0.7312   0.1270   2.2473
21.0574    0.0822   0.8005   0.1144   2.3513
21.0699    0.0835   0.7640   0.1158   2.3365
21.3806    0.0964   0.4115   0.1307   2.2248
21.0010    0.0799   0.5416   0.1117   2.3738
21.3567    0.0955   0.6017   0.1297   2.2349
21.5585    0.0974   0.5586   0.1318   2.2180
21.2141    0.0888   0.6545   0.1220   2.2773
22.0026    0.1257   0.7098   0.1633   1.1606
21.7298    0.1211   0.6378   0.1583   1.1756
20.8858    0.0779   0.5280   0.1093   2.3963
21.2629    0.0953   0.5618   0.1295   2.2323
21.3154    0.0998   0.8555   0.1346   2.2052
21.4075    0.0910   0.3105   0.1245   2.2623
21.8795    0.1280   0.5530   0.1658   1.1531
21.8848    0.1257   0.4828   0.1633   1.1606
21.2991    0.0899   0.5481   0.1232   2.2698
21.3053    0.0921   0.5520   0.1257   2.2548
21.3086    0.0942   0.7616   0.1282   2.2398
21.1010    0.0899   0.6003   0.1232   2.2698
20.9945    0.0793   0.3003   0.1111   2.3813
21.1444    0.0857   0.5032   0.1184   2.3154
21.2625    0.0953   0.7240   0.1295   2.2323
21.3629    0.0899   0.4824   0.1232   2.2698
21.0749    0.0859   0.5755   0.1186   2.3105
21.3626    0.0921   0.6499   0.1257   2.2548
21.3781    0.0990   0.5049   0.1336   2.2077
21.3801    0.0953   0.4878   0.1295   2.2323
21.9458    0.1211   0.4248   0.1583   1.1756
21.3030    0.0925   0.4578   0.1263   2.2610
21.7571    0.1257   0.5296   0.1633   1.1606
21.9800    0.1234   0.2052   0.1607   1.1681
21.4417    0.0978   0.7453   0.1323   2.2154
21.5799    0.1211   0.6867   0.1583   1.1756
20.9188    0.0758   0.6934   0.1069   2.4188
21.6981    0.1125   0.6828   0.1488   1.2056
21.5508    0.1145   0.8283   0.1510   1.1981
21.1859    0.0904   0.5047   0.1239   2.2680
21.5763    0.1189   0.7587   0.1558   1.1831
21.2130    0.0964   0.7313   0.1307   2.2248
21.0146    0.0822   0.4714   0.1144   2.3513
21.6014    0.1167   0.7813   0.1534   1.1906
21.3026    0.0921   0.6353   0.1257   2.2548
21.3088    0.0931   0.3895   0.1270   2.2473
21.7406    0.1234   0.8504   0.1607   1.1681
21.2072    0.0931   0.5911   0.1270   2.2473
21.5247    0.1024   0.5908   0.1374   2.1854
21.1697    0.0899   0.6475   0.1233   2.2791
21.1439    0.0849   0.5349   0.1175   2.3269
22.0972    0.1356   0.5189   0.1740   1.1309
21.4699    0.1145   0.6235   0.1510   1.1981
21.3913    0.0990   0.5218   0.1336   2.2077
21.0437    0.0829   0.4467   0.1151   2.3444
21.8976    0.1211   0.6334   0.1583   1.1756
21.1730    0.0875   0.6122   0.1205   2.3043
21.9492    0.1234   0.3743   0.1607   1.1681
21.2387    0.0931   0.5457   0.1270   2.2473
21.1630    0.0827   0.6650   0.1150   2.3442
21.8593    0.1167   0.6635   0.1534   1.1906
20.9960    0.0866   0.4053   0.1194   2.3116
21.4657    0.1002   0.7519   0.1350   2.1995
21.2707    0.0942   0.4221   0.1282   2.2398
21.8891    0.1234   0.4604   0.1607   1.1681
21.1215    0.0878   0.5356   0.1208   2.2999
20.9724    0.0853   0.5577   0.1180   2.3189
21.0908    0.0848   0.4702   0.1174   2.3287
21.3217    0.0974   0.6857   0.1318   2.2180
21.4253    0.1007   0.7050   0.1356   2.1960
21.9351    0.1367   0.8811   0.1752   1.1278
21.1666    0.0817   0.7065   0.1137   2.3588
21.4922    0.0949   0.7064   0.1289   2.2389
21.2101    0.0888   0.5318   0.1220   2.2773
21.2059    0.0931   0.7561   0.1270   2.2473
20.8732    0.0779   0.5311   0.1093   2.3963
21.3081    0.0910   0.6923   0.1245   2.2623
21.4004    0.0953   0.5183   0.1295   2.2323
21.4159    0.1007   0.7621   0.1356   2.1960
21.8947    0.1280   0.7213   0.1658   1.1531
21.0580    0.0815   0.4697   0.1136   2.3588
21.4241    0.0964   0.6078   0.1307   2.2248
21.1941    0.0879   0.7136   0.1210   2.2969
21.7584    0.1145   0.4816   0.1510   1.1981
21.1460    0.0878   0.5724   0.1208   2.2848
21.7236    0.1125   0.5188   0.1488   1.2056
22.0475    0.1392   0.3986   0.1780   1.1208
20.9468    0.0831   0.6229   0.1154   2.3438
21.6986    0.1145   0.7240   0.1510   1.1981
21.7490    0.1167   0.1599   0.1534   1.1906
21.2391    0.0910   0.7720   0.1245   2.2623
21.7328    0.1257   0.2011   0.1633   1.1606
21.4847    0.0953   0.6978   0.1295   2.2323
21.1645    0.0899   0.5888   0.1232   2.2698
21.3034    0.0953   0.6811   0.1295   2.2323
20.6578    0.0677   0.5849   0.0973   2.4940
21.3462    0.0983   0.3344   0.1328   1.2625
21.3372    0.0878   0.7651   0.1208   2.2848
20.8231    0.0715   0.5131   0.1018   2.4316
20.8821    0.0764   0.5026   0.1076   2.3673
20.7161    0.0701   0.5162   0.1001   2.4629
21.3840    0.0968   0.4581   0.1312   1.2687
21.0331    0.0857   0.5998   0.1184   2.2998
20.8776    0.0772   0.4107   0.1086   2.3610
20.8345    0.0720   0.5185   0.1025   2.4506
21.0547    0.0846   0.5222   0.1172   2.3073
20.6511    0.0660   0.3663   0.0953   2.5312
20.7748    0.0744   0.5107   0.1052   2.4338
21.0433    0.0836   0.5069   0.1160   2.3149
21.6435    0.1086   0.6132   0.1444   1.2207
21.3452    0.0954   0.3523   0.1295   1.2750
21.5052    0.0940   0.3442   0.1279   1.2812
21.0159    0.0875   0.4707   0.1205   1.3108
21.0211    0.0755   0.6907   0.1065   2.3739
20.8864    0.0772   0.5704   0.1086   2.3610
20.9374    0.0801   0.6578   0.1119   2.3404
20.7571    0.0698   0.6382   0.0998   2.4806
21.0476    0.0777   0.6098   0.1091   2.3797
21.0408    0.0809   0.5072   0.1129   2.3342
20.9539    0.0804   0.6079   0.1123   2.3569
20.8173    0.0714   0.6752   0.1017   2.4569
21.2921    0.0867   0.5941   0.1196   2.2923
21.4552    0.1105   0.4090   0.1466   1.2132
21.5198    0.1048   0.3463   0.1401   1.2357
21.6143    0.1086   0.6394   0.1444   1.2207
20.7230    0.0724   0.6222   0.1029   2.4418
20.8344    0.0729   0.5627   0.1035   2.4488
21.0401    0.0857   0.6778   0.1184   2.2998
21.2359    0.0878   0.5946   0.1208   2.2848
21.0872    0.0783   0.5366   0.1099   2.3529
21.0300    0.0785   0.4156   0.1101   2.3888
21.3565    0.0940   0.6890   0.1279   1.2812
20.7979    0.0733   0.4699   0.1039   2.4369
21.4614    0.1029   0.4521   0.1380   1.2432
20.8412    0.0743   0.5195   0.1051   2.4338
21.0471    0.0809   0.5764   0.1129   2.3342
20.9945    0.0894   0.4464   0.1227   1.3023
20.6716    0.0621   0.6390   0.0906   2.5808
21.2364    0.0878   0.6504   0.1208   2.2848
21.0633    0.0859   0.6902   0.1187   2.3066
20.7978    0.0743   0.6526   0.1051   2.3825
21.0223    0.0826   0.5930   0.1148   2.3384
21.0244    0.0808   0.6968   0.1127   2.3590
20.9391    0.0766   0.4997   0.1079   2.4038
21.0775    0.0792   0.4293   0.1109   2.3467
20.8658    0.0811   0.5209   0.1131   2.3480
20.7070    0.0705   0.3963   0.1006   2.4756
21.0435    0.0757   0.2955   0.1068   2.3841
20.9339    0.0792   0.4118   0.1109   2.3467
21.1162    0.0940   0.2992   0.1279   1.2812
20.9775    0.0836   0.6605   0.1160   2.3149
21.2950    0.0940   0.6228   0.1279   1.2812
20.8354    0.0783   0.4468   0.1099   2.3529
20.5108    0.0625   0.5722   0.0911   2.5743
20.8365    0.0750   0.6028   0.1060   2.3772
21.0326    0.0809   0.3962   0.1129   2.3342
20.9679    0.0755   0.5617   0.1065   2.3739
21.3208    0.0954   0.3411   0.1295   1.2750
21.3251    0.0902   0.3682   0.1236   1.2986
21.1354    0.0857   0.5266   0.1184   2.2998
20.7903    0.0733   0.5016   0.1039   2.4369
20.8046    0.0722   0.3367   0.1027   2.4406
20.5857    0.0657   0.3471   0.0949   2.5295
20.8280    0.0704   0.4198   0.1005   2.4788
21.0407    0.0836   0.5989   0.1160   2.3149
20.9585    0.0775   0.3616   0.1089   2.3592
20.7876    0.0760   0.5804   0.1071   2.3703
20.6743    0.0711   0.2548   0.1013   2.4441
21.2333    0.0903   0.4344   0.1238   1.2977
21.1199    0.0848   0.5294   0.1173   2.3161
21.0625    0.0809   0.5668   0.1129   2.3342
21.2672    0.0896   0.4883   0.1229   1.3013
21.0172    0.0761   0.5450   0.1072   2.3694
20.7024    0.0691   0.4494   0.0990   2.4856
20.8249    0.0762   0.4150   0.1074   2.3764
21.0905    0.0806   0.6905   0.1125   2.3663
21.1040    0.0818   0.4162   0.1139   2.3279
20.7054    0.0688   0.2658   0.0986   2.4888
21.1904    0.0894   0.5174   0.1227   1.3023
20.5510    0.0621   0.4579   0.0905   2.5805
20.8130    0.0752   0.4684   0.1062   2.4169
21.0889    0.0905   0.5303   0.1240   1.2968
21.4313    0.0983   0.4547   0.1328   1.2625
21.2451    0.0894   0.1783   0.1227   1.3023
21.4748    0.1012   0.3578   0.1362   1.2500
20.8864    0.0755   0.5554   0.1065   2.3739
20.8280    0.0751   0.4941   0.1060   2.4263
20.9010    0.0772   0.5661   0.1086   2.3610
20.8644    0.0764   0.5260   0.1076   2.3673
20.8082    0.0737   0.4359   0.1044   2.4413
21.1643    0.0908   0.4034   0.1243   1.2957
21.1301    0.0818   0.4909   0.1139   2.3279
21.1865    0.0894   0.4282   0.1227   1.3023
20.9993    0.0818   0.3908   0.1139   2.3279
21.6264    0.1029   0.4510   0.1380   1.2432
20.9461    0.0745   0.4503   0.1054   2.4231
21.3471    0.0940   0.5822   0.1279   1.2812
20.5393    0.0628   0.3187   0.0914   2.5718
20.9403    0.0726   0.4495   0.1031   2.4193
21.3514    0.1012   0.4564   0.1362   1.2500
20.6108    0.0681   0.4308   0.0978   2.4929
20.5494    0.0621   0.4168   0.0905   2.5805
20.7794    0.0687   0.5677   0.0984   2.4790
20.9674    0.0809   0.4406   0.1129   2.3342
20.7556    0.0710   0.3586   0.1013   2.4713
21.5381    0.0983   0.5197   0.1328   1.2625
21.1050    0.0878   0.4678   0.1208   2.2848
21.1472    0.0846   0.4120   0.1172   2.3073
20.7980    0.0726   0.5093   0.1031   2.4193
20.8523    0.0775   0.6920   0.1089   2.3592
21.2203    0.0896   0.5673   0.1229   1.3013
20.9479    0.0772   0.4701   0.1086   2.3963
21.2208    0.0926   0.5227   0.1263   1.2875
21.0387    0.0867   0.6406   0.1196   2.2923
20.5493    0.0647   0.4060   0.0937   2.5457
20.5103    0.0650   0.3362   0.0940   2.5437
21.0750    0.0826   0.4552   0.1149   2.3217
20.9619    0.0762   0.4011   0.1073   2.3966
21.4959    0.1048   0.4480   0.1401   1.2357
21.2997    0.0968   0.4502   0.1312   1.2687
21.5465    0.1067   0.4058   0.1422   1.2282
20.9771    0.0836   0.2676   0.1160   2.3149
21.2897    0.0940   0.3491   0.1279   1.2812
20.7971    0.0716   0.5479   0.1019   2.4594
20.9038    0.0775   0.6091   0.1089   2.3592
20.7265    0.0730   0.4633   0.1036   2.4488
21.1247    0.0898   0.4422   0.1231   1.3004
20.8617    0.0755   0.5243   0.1065   2.3739
21.2193    0.0954   0.4683   0.1295   1.2750
20.9159    0.0760   0.4583   0.1072   2.3730
20.8922    0.0757   0.2496   0.1068   2.3721
21.0356    0.0822   0.4699   0.1144   2.3273
21.0880    0.0797   0.5185   0.1115   2.3738
21.2897    0.0867   0.7218   0.1196   2.2923
21.0534    0.0887   0.5531   0.1218   1.3056
20.6514    0.0686   0.4279   0.0984   2.5000
21.4334    0.1048   0.4982   0.1401   1.2357
20.3229    0.0601   0.5587   0.0881   2.6078
20.5315    0.0660   0.4452   0.0953   2.5312
21.0114    0.0801   0.5085   0.1120   2.3455
21.1351    0.0846   0.4541   0.1172   2.3073
20.5096    0.0643   0.4124   0.0932   2.5518
20.9841    0.0778   0.3061   0.1093   2.3614
21.1929    0.0908   0.5332   0.1243   1.2957
21.0865    0.0818   0.6430   0.1139   2.3279
20.8405    0.0711   0.5544   0.1013   2.4694
20.5330    0.0624   0.4001   0.0909   2.5763
20.9512    0.0751   0.4365   0.1061   2.4263
21.3317    0.0905   0.3570   0.1240   1.2968
20.9280    0.0758   0.3929   0.1069   2.3712
20.8890    0.0739   0.3584   0.1047   2.4306
21.5765    0.1086   0.4191   0.1444   1.2207
20.8617    0.0793   0.5681   0.1110   2.3517
20.8896    0.0824   0.5744   0.1147   2.3245
21.0392    0.0826   0.4752   0.1148   2.3414
21.4007    0.0954   0.2113   0.1295   1.2750
20.6326    0.0692   0.3621   0.0991   2.4932
20.4514    0.0625   0.4451   0.0910   2.5754
20.6162    0.0660   0.3258   0.0953   2.5312
21.0523    0.0836   0.3297   0.1160   2.3149
21.3694    0.0894   0.4130   0.1227   1.3023
20.8871    0.0765   0.3771   0.1078   2.3661
20.7784    0.0698   0.5553   0.0998   2.4863
21.2881    0.0926   0.4633   0.1263   1.2875
20.9224    0.0773   0.5601   0.1087   2.3756
21.1872    0.0926   0.5271   0.1263   1.2875
20.7902    0.0676   0.5359   0.0971   2.5119
21.1906    0.0919   0.3670   0.1256   1.2906
20.6590    0.0665   0.4263   0.0958   2.5231
20.9071    0.0731   0.5195   0.1037   2.4356
20.9998    0.0836   0.6055   0.1160   2.3149
20.8665    0.0710   0.5933   0.1012   2.4669
21.0358    0.0875   0.4421   0.1205   1.3108
21.6014    0.1067   0.7096   0.1422   1.2282
20.6588    0.0702   0.5405   0.1002   2.4587
20.8836    0.0759   0.6016   0.1070   2.4106
21.5426    0.1086   0.6913   0.1444   1.2207
21.1482    0.0853   0.3132   0.1180   2.3093
21.2593    0.0908   0.4173   0.1243   1.2957
20.8918    0.0789   0.4757   0.1105   2.3813
20.8929    0.0754   0.4336   0.1064   2.3985
21.0645    0.0826   0.3605   0.1149   2.3217
20.6280    0.0687   0.4183   0.0985   2.4875
20.4633    0.0658   0.4282   0.0950   2.5240
20.9889    0.0809   0.5273   0.1129   2.3342
20.9645    0.0722   0.4853   0.1027   2.4544
20.9435    0.0771   0.5656   0.1085   2.4038
20.8479    0.0770   0.6694   0.1083   2.4038
20.7045    0.0658   0.3717   0.0950   2.4604
20.6119    0.0685   0.4628   0.0983   1.4039
20.6322    0.0668   0.4279   0.0962   2.4366
20.6215    0.0632   0.3237   0.0918   2.5503
20.7862    0.0736   0.4774   0.1043   2.3878
20.1456    0.0533   0.5458   0.0798   2.6775
20.6181    0.0696   0.4891   0.0996   1.3984
20.4426    0.0623   0.6093   0.0908   2.5209
20.8375    0.0743   0.3637   0.1052   1.3746
20.8974    0.0734   0.2882   0.1040   1.3795
20.7097    0.0753   0.3964   0.1063   1.3698
20.3060    0.0556   0.5214   0.0827   2.6559
21.0483    0.0743   0.3499   0.1052   1.3746
20.9840    0.0864   0.3557   0.1192   1.3161
21.0489    0.0831   0.3429   0.1154   1.3319
21.0526    0.0811   0.7245   0.1131   1.3416
20.8200    0.0721   0.4304   0.1025   2.3983
20.7712    0.0712   0.4318   0.1014   1.3906
20.3898    0.0570   0.4309   0.0844   2.6200
21.1092    0.0853   0.3408   0.1179   1.3214
21.0607    0.0816   0.3424   0.1137   1.3389
20.8914    0.0743   0.4946   0.1052   1.3746
20.8630    0.0715   0.4334   0.1018   1.3892
21.0841    0.0790   0.5069   0.1106   1.3518
20.6876    0.0724   0.4147   0.1029   1.3843
20.7644    0.0701   0.5928   0.1002   1.3958
21.0790    0.0806   0.4948   0.1125   1.3443
20.6473    0.0683   0.4421   0.0980   1.4053
20.4361    0.0579   0.4643   0.0855   2.5948
20.6155    0.0679   0.4653   0.0975   1.4072
20.3886    0.0585   0.4714   0.0861   2.5900
20.5293    0.0614   0.6834   0.0897   2.4742
20.7383    0.0668   0.4253   0.0962   2.4366
20.7962    0.0734   0.3645   0.1040   1.3795
20.7995    0.0728   0.3714   0.1034   2.3930
20.4374    0.0595   0.5264   0.0874   2.5803
20.7340    0.0706   0.4933   0.1007   1.3937
20.8886    0.0715   0.2883   0.1018   1.3892
21.0929    0.0853   0.4294   0.1179   1.3214
20.2715    0.0529   0.4632   0.0793   2.6782
20.4030    0.0604   0.5033   0.0885   2.4811
20.6958    0.0721   0.4841   0.1025   2.3983
20.6398    0.0680   0.4026   0.0976   2.4283
20.2619    0.0540   0.5301   0.0807   2.6526
20.7945    0.0728   0.6494   0.1034   2.3930
20.7391    0.0693   0.6301   0.0992   2.4187
20.2821    0.0528   0.3234   0.0791   2.6972
20.3449    0.0559   0.5228   0.0830   2.6076
20.9122    0.0701   0.3302   0.1002   1.3958
20.7092    0.0736   0.2870   0.1043   2.3878
20.1631    0.0534   0.5071   0.0798   2.7004
20.2601    0.0563   0.3844   0.0835   2.6343
20.7533    0.0743   0.2556   0.1052   1.3746
20.6807    0.0699   0.5138   0.0999   1.3970
20.0287    0.0485   0.4908   0.0738   2.7686
20.7196    0.0699   0.5813   0.0999   2.4258
20.8761    0.0808   0.4246   0.1128   1.3429
20.3670    0.0551   0.5105   0.0820   2.6382
20.1959    0.0519   0.4939   0.0780   2.7130
20.7202    0.0691   0.4142   0.0989   1.4012
20.5524    0.0640   0.5099   0.0929   2.4906
20.6898    0.0696   0.4476   0.0996   1.3984
21.2175    0.0853   0.2556   0.1179   1.3214
20.9552    0.0783   0.6542   0.1099   1.3550
20.5631    0.0608   0.3821   0.0889   2.5973
20.1493    0.0500   0.3821   0.0757   2.7426
20.8294    0.0763   0.3544   0.1075   1.3649
20.7623    0.0717   0.5348   0.1021   2.4281
20.3243    0.0551   0.4961   0.0820   2.6761
20.9772    0.0842   0.4024   0.1167   1.3266
20.7579    0.0710   0.3138   0.1012   1.3916
20.3289    0.0588   0.3016   0.0865   2.6244
20.2845    0.0536   0.4312   0.0802   2.6907
20.1773    0.0548   0.5837   0.0816   2.6758
20.5204    0.0602   0.3723   0.0883   2.5653
20.6611    0.0663   0.4257   0.0956   2.5165
20.0449    0.0509   0.4254   0.0767   2.7345
20.6858    0.0721   0.4580   0.1025   2.3983
20.2826    0.0532   0.4730   0.0797   2.7023
20.9033    0.0780   0.4999   0.1095   1.3566
20.7401    0.0704   0.5566   0.1005   2.4106
20.3636    0.0584   0.5664   0.0860   2.5769
20.2847    0.0542   0.3747   0.0808   2.6588
20.7982    0.0720   0.5756   0.1024   2.4011
20.6073    0.0647   0.3645   0.0937   2.4512
20.8506    0.0710   0.4631   0.1012   1.3916
20.7071    0.0697   0.7112   0.0997   2.4160
20.1173    0.0499   0.4452   0.0755   2.7492
20.7182    0.0675   0.4037   0.0970   2.4318
20.1183    0.0492   0.3080   0.0747   2.7539
20.7415    0.0662   0.5391   0.0955   2.5142
20.9072    0.0707   0.4704   0.1008   2.4089
20.2501    0.0543   0.5178   0.0810   2.6539
20.0745    0.0512   0.5033   0.0772   2.7299
20.5450    0.0622   0.3538   0.0907   2.4687
20.3322    0.0556   0.6163   0.0826   2.6684
20.3903    0.0586   0.5116   0.0863   2.6269
20.6100    0.0736   0.5072   0.1043   2.3878
20.6414    0.0636   0.6118   0.0924   2.5086
20.3103    0.0586   0.3996   0.0863   2.5651
21.1644    0.0831   0.4874   0.1154   1.3319
20.7463    0.0699   0.3423   0.0999   1.3970
20.5976    0.0634   0.6205   0.0921   2.5058
20.7119    0.0703   0.5172   0.1004   1.3948
20.2921    0.0567   0.3700   0.0839   2.6505
20.6983    0.0685   0.2774   0.0983   1.4039
21.1200    0.0803   0.4238   0.1121   1.3456
20.9463    0.0773   0.6305   0.1086   1.3601
21.2316    0.0875   0.5142   0.1205   1.3108
20.5264    0.0624   0.4222   0.0909   2.4675
20.5311    0.0633   0.5042   0.0920   2.5570
20.6366    0.0661   0.5373   0.0953   2.4415
21.0205    0.0763   0.4743   0.1075   1.3649
20.3922    0.0597   0.3390   0.0876   2.6120
20.5004    0.0624   0.4464   0.0909   2.4980
20.2996    0.0568   0.4021   0.0841   2.6487
20.4606    0.0599   0.6285   0.0878   2.6069
20.7548    0.0753   0.4790   0.1063   1.3698
20.8121    0.0695   0.5954   0.0995   2.4173
20.8059    0.0691   0.4248   0.0990   2.4203
20.5471    0.0616   0.5529   0.0899   2.4728
21.0655    0.0853   0.5403   0.1179   1.3214
20.5897    0.0668   0.3927   0.0962   2.4366
20.6513    0.0694   0.2623   0.0993   1.3998
21.2037    0.0820   0.2564   0.1141   1.3372
21.0762    0.0842   0.3352   0.1167   1.3266
20.5902    0.0601   0.5591   0.0881   2.5754
20.1077    0.0508   0.4773   0.0767   2.7253
20.7827    0.0712   0.3946   0.1014   1.3906
20.4340    0.0592   0.3256   0.0871   2.5648
20.8941    0.0820   0.2432   0.1141   1.3372
20.6168    0.0614   0.3836   0.0897   2.4742
20.7680    0.0686   0.6150   0.0984   2.4509
20.5808    0.0630   0.4124   0.0916   2.4633
20.6315    0.0688   0.6168   0.0986   1.4025
20.7790    0.0753   0.5038   0.1063   1.3698
20.6484    0.0683   0.3648   0.0980   1.4053
20.4938    0.0583   0.4048   0.0859   2.5726
20.9911    0.0780   0.3544   0.1095   1.3566
21.2295    0.0864   0.2360   0.1192   1.3161
20.7620    0.0684   0.4004   0.0981   2.4251
21.0483    0.0806   0.4921   0.1125   1.3443
20.8306    0.0780   0.3330   0.1095   1.3566
20.8085    0.0736   0.5030   0.1043   2.3878
21.0514    0.0853   0.6846   0.1179   1.3214
20.9344    0.0800   0.4830   0.1118   1.3470
20.7926    0.0743   0.4660   0.1052   1.3746
20.2126    0.0527   0.3675   0.0790   2.7065
20.2529    0.0535   0.3978   0.0801   2.6977
20.5888    0.0668   0.4664   0.0962   2.4366
20.6713    0.0686   0.3900   0.0984   2.4235
20.5570    0.0623   0.3711   0.0908   2.5209
20.3812    0.0568   0.5208   0.0841   2.6385
20.1536    0.0498   0.3228   0.0754   2.7443
20.5005    0.0611   0.4867   0.0893   2.5401
20.9313    0.0734   0.4057   0.1040   1.3795
20.4607    0.0645   0.4669   0.0934   2.4800
20.7623    0.0706   0.4752   0.1007   2.4468
20.8454    0.0736   0.5052   0.1043   2.3878
19.9407    0.0470   0.4932   0.0719   2.7911
20.6794    0.0682   0.4855   0.0979   2.4267
20.3762    0.0581   0.4977   0.0857   2.5584
20.6180    0.0654   0.5685   0.0946   2.5150
20.9517    0.0790   0.4457   0.1106   1.3518
20.6646    0.0645   0.3191   0.0934   2.5199
21.1239    0.0808   0.4188   0.1128   1.3429
21.1158    0.0831   0.5004   0.1154   1.3319
20.6488    0.0647   0.5687   0.0937   2.4512
21.1309    0.0842   0.1628   0.1167   1.3266
20.9356    0.0808   0.4581   0.1128   1.3429
20.6945    0.0661   0.4719   0.0953   2.4415
20.6115    0.0707   0.4940   0.1008   2.4089
20.4371    0.0593   0.7029   0.0872   2.5776
20.3009    0.0565   0.2939   0.0838   2.6462
20.7015    0.0706   0.4324   0.1007   2.4468
20.3600    0.0611   0.4872   0.0893   2.5881
21.1562    0.0864   0.7045   0.1192   1.3161
20.4439    0.0580   0.5379   0.0856   2.6103
20.8403    0.0728   0.5295   0.1034   2.3930
20.5840    0.0673   0.5691   0.0969   2.4673
20.3317    0.0565   0.4684   0.0837   2.6357
20.5308    0.0633   0.5263   0.0920   2.4608
20.9062    0.0787   0.5376   0.1103   1.3534
21.0557    0.0753   0.5188   0.1063   1.3698
20.7016    0.0734   0.4122   0.1040   1.3795
20.3070    0.0538   0.3753   0.0805   2.6850
20.6977    0.0668   0.5510   0.0962   2.4366
20.6251    0.0679   0.4984   0.0975   1.4072
20.6221    0.0671   0.4101   0.0966   2.4992
21.0141    0.0820   0.4490   0.1141   1.3372
20.7043    0.0712   0.2758   0.1014   1.3906
20.2328    0.0564   0.3006   0.0836   2.6129
20.3482    0.0610   0.3544   0.0892   2.5631
20.7663    0.0689   0.3836   0.0987   2.4314
20.9685    0.0820   0.4584   0.1141   1.3372
20.3449    0.0578   0.3237   0.0853   2.6050
20.1326    0.0505   0.3341   0.0763   2.7286
20.2694    0.0565   0.4372   0.0837   2.6551
20.5544    0.0630   0.3775   0.0916   2.4633
20.2466    0.0560   0.5318   0.0831   2.6638
21.1379    0.0864   0.2893   0.1192   1.3161
20.6912    0.0661   0.3985   0.0953   2.4415
20.7996    0.0696   0.5759   0.0996   1.3984
20.5216    0.0636   0.3846   0.0924   2.5317
20.2977    0.0580   0.4861   0.0856   2.6342
20.3843    0.0565   0.5065   0.0837   2.6357
20.8185    0.0690   0.5182   0.0989   2.4625
20.6730    0.0701   0.5633   0.1001   2.4133
20.6640    0.0647   0.4955   0.0937   2.5221
20.7442    0.0720   0.5188   0.1024   2.4011
20.6128    0.0656   0.5446   0.0947   2.5173
20.9044    0.0811   0.5476   0.1131   1.3416
20.8595    0.0715   0.5884   0.1018   1.3892
20.6361    0.0627   0.4287   0.0913   2.5578
20.7160    0.0734   0.4709   0.1040   1.3795
20.4286    0.0601   0.2809   0.0881   2.5754
20.7446    0.0734   0.3874   0.1040   1.3795
20.2443    0.0541   0.3389   0.0808   2.6863
20.9146    0.0793   0.4181   0.1110   1.3502
20.4003    0.0621   0.3391   0.0905   2.5406
20.7848    0.0698   0.3087   0.0998   2.4247
20.8706    0.0741   0.5942   0.1049   2.3853
20.4170    0.0619   0.5031   0.0903   2.5379
20.4639    0.0631   0.6303   0.0917   2.5025
20.4972    0.0624   0.4286   0.0909   2.5609
20.9487    0.0743   0.4070   0.1052   1.3746
20.7130    0.0688   0.5284   0.0986   1.4025
21.0777    0.0783   0.3913   0.1099   1.3550
20.1200    0.0528   0.4898   0.0791   2.7079
20.7731    0.0734   0.5560   0.1040   1.3795
20.3958    0.0596   0.3680   0.0875   2.5421
20.8391    0.0721   0.3858   0.1025   2.3983
20.4699    0.0595   0.4487   0.0874   2.5998
20.8665    0.0712   0.3404   0.1014   1.3906
20.0282    0.0489   0.4003   0.0743   2.7625
20.8966    0.0736   0.4245   0.1043   2.3878
20.8418    0.0724   0.4031   0.1029   1.3843
21.0551    0.0816   0.3329   0.1137   1.3389
20.4399    0.0599   0.3431   0.0879   2.6005
20.5221    0.0632   0.5700   0.0919   2.5350
20.4675    0.0609   0.4496   0.0891   2.4883
20.6156    0.0715   0.3216   0.1018   1.3892
21.0632    0.0864   0.5117   0.1192   1.3161
20.7286    0.0694   0.4296   0.0993   2.4509
20.5414    0.0647   0.6158   0.0937   2.4512
20.5353    0.0622   0.4866   0.0907   2.5304
20.6351    0.0684   0.4294   0.0981   2.4251
21.1276    0.0820   0.3893   0.1141   1.3372
20.3974    0.0589   0.5938   0.0867   2.5979
20.4979    0.0599   0.6456   0.0879   2.6088
20.9811    0.0814   0.4356   0.1134   1.3403
20.6465    0.0647   0.6403   0.0937   2.4512
20.6659    0.0691   0.4806   0.0989   1.4012
20.8788    0.0734   0.5365   0.1040   1.3795
20.4824    0.0604   0.6489   0.0885   2.4811
20.3293    0.0576   0.3560   0.0851   2.5782
21.2425    0.0864   0.4362   0.1192   1.3161
20.3804    0.0567   0.6111   0.0840   2.6533
20.7541    0.0695   0.4321   0.0994   2.4598
20.6876    0.0650   0.3658   0.0940   2.4787
20.8720    0.0712   0.4642   0.1014   1.3906
20.4412    0.0592   0.6290   0.0870   2.5554
20.4138    0.0595   0.4586   0.0874   2.5675
20.6278    0.0685   0.4452   0.0983   1.4039
20.6199    0.0675   0.4326   0.0970   2.4318
20.4194    0.0607   0.4563   0.0889   2.5954
20.8589    0.0753   0.4209   0.1063   1.3698
20.8996    0.0724   0.5338   0.1029   1.3843
20.3229    0.0583   0.3479   0.0859   2.6001
20.7047    0.0743   0.2756   0.1052   1.3746
19.9257    0.0454   0.4666   0.0699   2.8148
20.5885    0.0641   0.3346   0.0929   2.4795
20.5724    0.0640   0.4252   0.0929   2.5199
20.2796    0.0544   0.3628   0.0811   2.6858
20.7976    0.0724   0.3415   0.1029   1.3843
20.6384    0.0680   0.4635   0.0976   2.4283
20.7217    0.0724   0.4125   0.1029   1.3843
20.7641    0.0715   0.5449   0.1018   1.3892
20.7574    0.0675   0.5230   0.0970   2.4782
20.9374    0.0797   0.5240   0.1114   1.3486
20.8292    0.0699   0.6883   0.0999   1.3970
21.0621    0.0842   0.4032   0.1167   1.3266
20.9903    0.0842   0.5457   0.1167   1.3266
20.7329    0.0699   0.4750   0.0999   1.3970
20.1029    0.0485   0.4402   0.0738   2.7681
20.8738    0.0773   0.4686   0.1086   1.3601
20.7573    0.0685   0.4979   0.0983   1.4039
20.8476    0.0773   0.4039   0.1086   1.3601
20.7700    0.0728   0.4679   0.1034   2.3930
20.7822    0.0743   0.3839   0.1052   1.3746
20.1856    0.0542   0.4505   0.0809   2.6790
20.8530    0.0743   0.4779   0.1051   2.3825
20.4460    0.0608   0.3593   0.0890   2.5004
21.0578    0.0820   0.3997   0.1141   1.3372
20.7363    0.0728   0.4914   0.1034   2.3930
20.9829    0.0803   0.5909   0.1121   1.3456
20.9984    0.0831   0.4010   0.1154   1.3319
21.0104    0.0831   0.3897   0.1154   1.3319
20.4360    0.0580   0.4528   0.0855   2.5801
21.0093    0.0814   0.5462   0.1134   1.3403
20.0265    0.0475   0.5749   0.0726   2.7833
20.5822    0.0689   0.3433   0.0987   2.4219
20.9771    0.0773   0.4867   0.1086   1.3601
20.9017    0.0780   0.5224   0.1095   1.3566
20.6192    0.0667   0.3671   0.0960   2.4749
20.2273    0.0539   0.5489   0.0806   2.6921
20.8207    0.0734   0.4783   0.1040   1.3795
20.0527    0.0475   0.4195   0.0726   2.7827
20.1983    0.0541   0.4448   0.0808   2.6775
20.2895    0.0531   0.3709   0.0795   2.6876
20.8967    0.0708   0.4443   0.1009   1.3927
20.5211    0.0607   0.3776   0.0889   2.4789
20.6933    0.0679   0.2264   0.0975   1.4072
20.2518    0.0526   0.5224   0.0789   2.6844
20.6672    0.0715   0.3770   0.1018   1.3892
21.2030    0.0853   0.6632   0.1179   1.3214
20.8336    0.0783   0.3649   0.1099   1.3550
20.4218    0.0566   0.4500   0.0839   2.6476
21.0765    0.0816   0.4688   0.1137   1.3389
20.6222    0.0686   0.4958   0.0984   2.4235
20.7342    0.0686   0.4575   0.0984   2.4235
20.7043    0.0694   0.2614   0.0993   1.3998
20.6993    0.0679   0.2965   0.0975   1.4072
20.9847    0.0790   0.3856   0.1106   1.3518
20.3954    0.0574   0.4084   0.0848   2.6427
20.8382    0.0753   0.3136   0.1063   1.3698
20.1233    0.0490   0.3203   0.0745   2.7574
20.7171    0.0701   0.4437   0.1001   2.4133
20.0180    0.0492   0.2440   0.0747   2.7589
20.8894    0.0743   0.5046   0.1052   1.3746
20.6967    0.0691   0.4895   0.0989   1.4012
20.2668    0.0533   0.4113   0.0798   2.7009
20.0089    0.0508   0.4762   0.0766   2.7361
20.1453    0.0521   0.4467   0.0783   2.7067
20.8325    0.0763   0.3552   0.1075   1.3649
20.7775    0.0697   0.5473   0.0997   2.4160
20.7681    0.0696   0.3423   0.0996   1.3984
20.1803    0.0524   1.2448   0.0786   1.4883
15.9165    0.0013   3.0919   0.0076   1.5077
20.4368    0.0619   0.3263   0.0904   1.4386
20.2536    0.0567   0.5126   0.0840   1.4661
20.6051    0.0640   0.4497   0.0929   1.4274
19.7391    0.0406   0.5585   0.0638   2.8790
20.5371    0.0589   0.5626   0.0867   1.4547
20.2713    0.0546   0.4745   0.0813   1.4759
20.3166    0.0564   0.5608   0.0836   1.4679
20.3456    0.0571   0.5960   0.0845   1.4643
20.2195    0.0546   0.6060   0.0813   1.4759
19.9479    0.0480   0.5242   0.0732   2.6713
18.6146    0.0211   1.6454   0.0377   1.5089
20.3474    0.0601   0.5439   0.0881   1.4488
20.3337    0.0567   0.6458   0.0840   1.4661
20.3254    0.0563   0.5073   0.0835   2.5341
19.1993    0.0302   1.6158   0.0502   2.5640
20.4575    0.0575   0.4286   0.0849   2.5014
20.6373    0.0670   0.4237   0.0965   1.4116
20.4719    0.0588   0.4364   0.0865   2.4922
20.1816    0.0529   0.4935   0.0793   2.6585
20.1080    0.0511   0.5844   0.0771   2.6069
19.9510    0.0474   0.5294   0.0724   2.6877
20.3231    0.0539   0.4755   0.0806   1.4776
20.5304    0.0632   0.4298   0.0918   1.4320
20.4581    0.0619   0.6541   0.0904   1.4386
20.4606    0.0578   0.4922   0.0853   1.4606
20.1115    0.0507   0.5295   0.0766   2.6157
20.3031    0.0539   0.5849   0.0805   2.5264
20.0693    0.0501   0.3748   0.0758   2.7093
19.7465    0.0410   0.5797   0.0643   2.8802
18.5251    0.0202   1.4725   0.0364   2.7958
20.1497    0.0521   0.3889   0.0783   2.6602
20.4487    0.0623   0.5079   0.0908   1.4365
20.2151    0.0504   0.6097   0.0762   2.6174
20.2642    0.0548   0.5135   0.0817   2.6008
19.9677    0.0487   0.5104   0.0740   2.6603
20.2093    0.0530   0.4940   0.0794   1.4800
20.4348    0.0612   0.4410   0.0894   1.4427
20.3061    0.0562   0.4461   0.0834   2.5737
20.4276    0.0571   0.4540   0.0845   1.4643
20.5025    0.0616   0.3481   0.0899   1.4406
20.2320    0.0523   0.5126   0.0785   2.5512
20.4136    0.0554   0.4513   0.0824   2.6014
18.0949    0.0151   1.8146   0.0292   2.7517
20.3113    0.0543   0.5452   0.0810   2.5309
20.6741    0.0654   0.3289   0.0945   1.4205
20.4969    0.0582   0.5169   0.0858   1.4586
20.3428    0.0571   0.7711   0.0845   1.4643
20.4510    0.0619   0.5039   0.0904   1.4386
20.1673    0.0512   0.4978   0.0772   2.5431
20.5829    0.0640   0.3567   0.0929   1.4274
18.0527    0.0145   1.9843   0.0283   1.5021
20.5068    0.0597   0.4690   0.0876   1.4508
20.3789    0.0582   0.6964   0.0858   1.4586
19.7388    0.0406   0.4879   0.0637   2.8870
20.2702    0.0519   0.7144   0.0780   2.5692
20.5694    0.0612   0.4949   0.0894   1.4427
19.9107    0.0462   0.4905   0.0709   2.7932
18.5105    0.0197   1.8110   0.0358   2.5949
20.4259    0.0560   0.4411   0.0831   1.4696
19.6728    0.0393   0.4663   0.0621   2.9047
16.9868    0.0063   2.3576   0.0159   2.7189
20.4040    0.0597   0.6604   0.0876   1.4508
16.6672    0.0045   2.3654   0.0130   2.9909
20.1551    0.0530   0.5195   0.0794   2.5323
20.6097    0.0623   0.4307   0.0908   1.4365
19.8769    0.0430   0.4276   0.0669   2.8502
20.0841    0.0489   0.5384   0.0743   2.6585
15.7230    0.0006   3.2755   0.0065   1.5081
20.2348    0.0542   0.6656   0.0808   2.5244
20.4097    0.0588   0.3803   0.0865   2.4922
19.8959    0.0454   0.7990   0.0699   1.4839
20.3574    0.0597   0.3810   0.0876   1.4508
20.2333    0.0526   0.5604   0.0789   1.4808
15.5994    0.0002   3.3511   0.0058   1.5081
20.0010    0.0463   0.5347   0.0711   2.7675
18.3376    0.0179   1.5213   0.0332   2.9187
20.1449    0.0536   0.5823   0.0801   1.4786
19.9886    0.0489   0.4981   0.0743   2.7465
20.4860    0.0601   0.6540   0.0881   1.4488
20.4155    0.0585   0.4753   0.0862   2.5181
20.5000    0.0597   0.5807   0.0876   1.4508
20.3199    0.0581   0.5663   0.0857   2.4968
20.3770    0.0598   0.4592   0.0877   2.4856
20.5348    0.0612   0.5480   0.0894   1.4427
20.5357    0.0612   0.5271   0.0894   1.4427
20.6401    0.0666   0.4788   0.0960   1.4139
18.1553    0.0160   1.7070   0.0306   2.8430
19.8238    0.0433   0.5798   0.0672   2.8457
19.9869    0.0458   0.5363   0.0703   2.7325
20.3255    0.0564   0.6021   0.0836   1.4679
20.3469    0.0612   0.6740   0.0894   1.4427
19.8001    0.0420   0.4448   0.0655   2.8478
20.7642    0.0675   0.2311   0.0970   1.4094
19.7996    0.0433   1.0893   0.0672   2.7448
20.4949    0.0654   0.2918   0.0945   1.4205
20.0769    0.0498   0.6691   0.0755   2.5625
20.3139    0.0533   0.6791   0.0797   2.5303
20.1405    0.0499   0.3455   0.0756   2.6947
20.1453    0.0489   0.5828   0.0743   2.6144
19.7985    0.0436   0.6050   0.0676   2.8130
19.9862    0.0462   0.5294   0.0709   2.7446
20.0635    0.0505   0.4605   0.0763   2.7217
20.3487    0.0591   0.3672   0.0869   2.4900
20.3053    0.0554   0.5079   0.0824   2.5551
20.1414    0.0531   0.4222   0.0796   2.6562
18.3747    0.0180   1.9480   0.0334   1.4966
20.3710    0.0593   0.5367   0.0872   1.4527
19.8830    0.0450   0.3816   0.0694   2.8096
20.7030    0.0670   0.5006   0.0965   1.4116
20.0419    0.0495   0.5272   0.0750   2.6939
19.5688    0.0369   0.7942   0.0590   2.8542
20.1500    0.0521   0.5657   0.0783   2.5378
18.5917    0.0209   1.6245   0.0374   1.5099
19.0588    0.0288   1.4238   0.0483   2.6457
20.3370    0.0571   0.5466   0.0845   1.4643
20.4116    0.0542   0.5263   0.0810   1.4767
16.4739    0.0035   2.7068   0.0115   1.5068
19.6173    0.0380   0.5397   0.0604   2.9259
20.6890    0.0658   0.3968   0.0950   1.4183
19.9231    0.0440   0.4019   0.0682   2.8172
17.9797    0.0139   1.9053   0.0275   2.6434
18.5427    0.0205   1.5154   0.0368   2.6194
19.8638    0.0435   0.5696   0.0675   2.7851
18.3312    0.0178   1.8092   0.0331   1.4968
20.0109    0.0494   0.3412   0.0749   2.7360
19.9641    0.0470   0.4988   0.0719   2.7146
20.0826    0.0479   1.3777   0.0731   1.4891
17.9294    0.0138   1.9957   0.0272   1.5025
18.0592    0.0147   1.8095   0.0287   2.7705
20.5812    0.0640   0.6293   0.0929   1.4274
20.5377    0.0627   0.5147   0.0913   1.4343
20.4518    0.0589   0.3922   0.0866   2.4985
20.7738    0.0666   0.5139   0.0960   1.4139
20.0191    0.0462   0.6467   0.0709   1.4831
18.6682    0.0221   1.3695   0.0391   2.9788
18.2784    0.0169   1.9515   0.0317   1.4975
16.8469    0.0055   2.4588   0.0147   1.5061
20.0281    0.0489   0.7590   0.0743   2.6191
20.3251    0.0578   0.5961   0.0853   1.4606
20.1521    0.0488   0.5512   0.0742   2.6887
20.7164    0.0662   0.5394   0.0955   1.4161
20.5151    0.0578   0.5116   0.0853   1.4606
16.5400    0.0039   2.4377   0.0120   2.9745
19.8707    0.0455   0.4188   0.0700   2.7446
20.2691    0.0565   0.3284   0.0837   2.5364
20.1612    0.0507   0.3857   0.0766   2.7064
20.0488    0.0494   0.4843   0.0749   2.7198
20.3127    0.0546   0.7327   0.0813   1.4759
20.5041    0.0619   0.5170   0.0904   1.4386
19.9822    0.0461   0.4069   0.0708   2.7728
20.6352    0.0612   0.4068   0.0894   1.4427
20.5523    0.0632   0.4480   0.0918   1.4320
18.1398    0.0156   1.6792   0.0299   2.9052
18.2025    0.0161   1.9345   0.0306   1.5014
20.3131    0.0553   0.4586   0.0822   2.5371
18.2181    0.0163   1.8882   0.0309   2.5807
20.5356    0.0640   0.4819   0.0929   1.4274
20.6887    0.0658   0.5915   0.0950   1.4183
19.7981    0.0434   0.4461   0.0674   2.8405
20.3975    0.0608   0.4085   0.0890   1.4447
18.7680    0.0236   1.7772   0.0413   1.4944
20.4602    0.0636   0.3195   0.0924   1.4297
19.9680    0.0462   0.4246   0.0709   2.7883
20.0208    0.0469   1.0392   0.0718   2.6853
20.4948    0.0604   0.4473   0.0885   1.4467
20.1030    0.0487   0.9184   0.0740   1.4860
20.5497    0.0616   0.6035   0.0899   1.4406
20.0086    0.0484   0.4225   0.0737   2.6620
20.0419    0.0500   0.6075   0.0757   2.6324
20.0312    0.0479   1.3617   0.0731   1.4891
18.3049    0.0175   1.8407   0.0327   1.4969
20.2951    0.0549   0.5988   0.0817   1.4750
20.0777    0.0487   0.5172   0.0741   2.7581
20.3907    0.0564   0.5875   0.0836   1.4679
16.1426    0.0021   2.9167   0.0091   1.5074
17.7967    0.0123   2.0002   0.0250   2.5748
18.1977    0.0161   1.7049   0.0307   2.8402
20.4000    0.0584   0.3563   0.0861   2.5276
20.5920    0.0640   0.5353   0.0929   1.4274
18.3650    0.0180   1.7970   0.0333   2.6535
20.4963    0.0593   0.5417   0.0872   1.4527
20.1995    0.0515   0.5222   0.0775   2.6955
20.3155    0.0542   0.4111   0.0810   1.4767
20.3260    0.0533   1.2226   0.0798   1.4870
20.2262    0.0546   0.4698   0.0813   1.4759
18.5392    0.0206   1.7540   0.0370   1.4955
18.4262    0.0191   1.4936   0.0349   2.9049
20.4574    0.0640   0.4898   0.0929   1.4274
20.0142    0.0482   0.3821   0.0735   2.7673
20.1097    0.0489   0.3695   0.0744   2.7239
20.1278    0.0513   0.3912   0.0773   2.6939
20.4886    0.0578   0.5122   0.0853   1.4606
20.4757    0.0619   0.4435   0.0904   1.4386
19.7207    0.0393   0.8443   0.0621   2.8462
17.8290    0.0128   1.7899   0.0258   2.9164
20.5383    0.0601   0.5858   0.0881   1.4488
20.1788    0.0491   0.4944   0.0746   2.7442
20.0655    0.0481   0.5825   0.0733   2.7415
20.0889    0.0490   0.4093   0.0744   2.6979
20.5728    0.0627   0.5914   0.0913   1.4343
20.5361    0.0632   0.5110   0.0918   1.4320
20.6374    0.0666   0.5155   0.0960   1.4139
17.2002    0.0076   2.2581   0.0180   2.6883
20.5740    0.0649   0.4013   0.0939   1.4228
20.3180    0.0562   0.4610   0.0834   2.5103
19.9946    0.0451   0.4867   0.0695   2.8068
19.6292    0.0391   0.5124   0.0619   2.9094
18.2070    0.0165   1.6649   0.0311   2.8144
19.7851    0.0413   1.4091   0.0646   1.4903
18.2990    0.0173   1.8749   0.0324   1.4983
16.8865    0.0057   2.4482   0.0149   1.5060
20.1161    0.0504   0.5763   0.0762   2.6174
19.9639    0.0461   0.4595   0.0708   2.8030
19.6092    0.0386   0.5197   0.0612   2.9046
20.5874    0.0632   0.4990   0.0918   1.4320
20.1627    0.0536   0.7066   0.0801   1.4786
20.1211    0.0510   0.3639   0.0769   2.7041
20.4104    0.0548   0.5272   0.0817   2.6008
20.0952    0.0501   0.5032   0.0758   2.7093
20.3329    0.0562   0.5249   0.0833   2.5611
20.5838    0.0649   0.7368   0.0939   1.4228
20.0695    0.0489   0.4245   0.0744   2.5521
20.3614    0.0582   0.6678   0.0858   1.4586
20.0734    0.0492   0.5923   0.0747   2.7050
19.9442    0.0463   0.4358   0.0710   2.7946
20.5660    0.0636   0.5078   0.0924   1.4297
16.9392    0.0060   2.4378   0.0154   1.5059
20.4382    0.0575   0.6387   0.0849   1.4625
20.0100    0.0488   0.4032   0.0742   2.7550
20.7001    0.0654   0.5519   0.0945   1.4205
20.0075    0.0464   1.3568   0.0711   1.4894
20.0711    0.0492   0.9017   0.0747   1.4861
17.2302    0.0078   2.2081   0.0182   2.7182
20.1288    0.0481   0.9710   0.0734   1.4859
20.1841    0.0526   0.5236   0.0789   2.5862
20.2214    0.0522   0.4610   0.0784   2.6333
20.4290    0.0593   0.5852   0.0872   1.4527
19.9392    0.0457   0.4492   0.0703   2.7965
20.0480    0.0499   0.5148   0.0755   2.7284
20.4360    0.0582   0.6078   0.0858   1.4586
19.9992    0.0481   0.9945   0.0734   1.4859
17.4268    0.0093   2.1418   0.0206   2.7175
20.0478    0.0486   0.6515   0.0739   2.7381
18.2543    0.0168   1.7708   0.0316   2.6578
18.2449    0.0167   1.9642   0.0316   1.4980
20.0465    0.0488   0.4459   0.0741   2.7399
18.9974    0.0263   1.5529   0.0449   2.6539
20.5967    0.0645   0.5950   0.0934   1.4251
19.4858    0.0362   1.5828   0.0581   1.4913
20.5816    0.0658   0.4733   0.0950   1.4183
20.3078    0.0562   0.6122   0.0833   2.5470
20.6029    0.0619   0.4359   0.0904   1.4386
20.1573    0.0504   0.4573   0.0762   2.6098
18.7276    0.0230   1.3040   0.0404   2.9120
20.2867    0.0551   0.3812   0.0820   2.6090
20.6732    0.0658   0.5251   0.0950   1.4183
20.0745    0.0492   1.1018   0.0747   1.4861
20.2194    0.0522   0.5384   0.0784   2.5845
19.6448    0.0400   0.3729   0.0630   2.8611
20.3897    0.0571   0.4858   0.0845   1.4643
20.4633    0.0623   0.5650   0.0908   1.4365
17.5042    0.0099   2.1006   0.0215   1.5042
20.3365    0.0567   0.5782   0.0840   1.4661
20.5761    0.0645   0.5464   0.0934   1.4251
19.1791    0.0315   1.3427   0.0518   2.7666
19.7213    0.0409   0.5500   0.0641   2.8786
20.3768    0.0579   0.3454   0.0854   2.5369
19.9701    0.0474   0.4798   0.0724   2.6057
20.2946    0.0557   0.5356   0.0827   1.4714
19.6877    0.0398   0.5239   0.0627   2.8784
20.1225    0.0512   0.5964   0.0772   2.5431
19.9975    0.0465   0.9062   0.0713   1.4853
20.3108    0.0560   0.5135   0.0831   1.4696
19.7012    0.0402   0.8518   0.0633   2.8564
20.3291    0.0553   0.5380   0.0823   1.4731
20.2618    0.0557   0.5168   0.0828   2.5445
19.8388    0.0440   0.9929   0.0681   2.7878
19.3790    0.0336   1.0619   0.0546   2.9018
20.7131    0.0658   0.4658   0.0950   1.4183
20.3869    0.0539   0.6180   0.0806   2.6024
18.4090    0.0189   1.7543   0.0347   2.5677
20.3738    0.0597   0.4581   0.0876   1.4508
19.9013    0.0447   0.6137   0.0690   2.7690
17.6188    0.0107   2.0473   0.0226   2.6501
20.1729    0.0525   0.5610   0.0788   2.5971
20.0524    0.0490   0.5720   0.0744   2.6979
20.0395    0.0485   0.4185   0.0738   2.7511
20.3107    0.0540   0.5651   0.0807   2.5655
20.4621    0.0601   0.5898   0.0881   1.4488
20.6819    0.0649   0.3474   0.0939   1.4228
20.6591    0.0640   0.5104   0.0929   1.4274
20.5567    0.0666   0.3745   0.0960   1.4139
20.4383    0.0567   0.5538   0.0840   1.4661
20.1677    0.0519   0.4335   0.0780   2.6189
19.8369    0.0436   0.4883   0.0676   2.8152
20.1878    0.0536   0.6131   0.0801   1.4786
16.8924    0.0057   2.3816   0.0150   2.7041
20.5248    0.0608   0.5614   0.0890   1.4447
20.5749    0.0649   0.6666   0.0939   1.4228
19.8613    0.0444   0.8668   0.0686   2.5743
20.2783    0.0528   0.5554   0.0792   1.4805
17.6804    0.0113   1.8561   0.0236   2.9376
20.6752    0.0654   0.2215   0.0945   1.4205
20.4695    0.0640   0.4565   0.0929   1.4274
18.5963    0.0210   1.7879   0.0376   1.4954
20.5712    0.0636   0.6273   0.0924   1.4297
20.2508    0.0525   0.5521   0.0787   2.5739
20.4607    0.0587   0.6471   0.0864   2.5187
20.3392    0.0557   0.6603   0.0827   1.4714
20.1506    0.0510   0.5122   0.0769   2.6599
20.4600    0.0612   0.5242   0.0894   1.4427
19.9269    0.0460   0.4342   0.0707   2.7883
20.1995    0.0518   0.4834   0.0779   2.6893
19.7880    0.0415   0.4281   0.0649   2.8705
20.2122    0.0528   0.5075   0.0792   1.4805
20.5908    0.0601   0.4683   0.0881   1.4488
19.9591    0.0452   1.4935   0.0697   1.4896
18.4234    0.0189   1.8624   0.0346   1.4962
19.9586    0.0464   0.5238   0.0711   2.7978
19.2251    0.0303   1.5432   0.0503   1.4926
20.1090    0.0514   0.6396   0.0774   2.5695
20.0290    0.0485   0.4297   0.0738   2.7511
20.6167    0.0654   0.4265   0.0945   1.4205
20.5066    0.0608   0.6241   0.0890   1.4447
20.6840    0.0666   0.4257   0.0960   1.4139
20.5774    0.0604   0.5262   0.0885   1.4467
20.4650    0.0586   0.3613   0.0863   1.4567
20.2427    0.0527   0.4499   0.0791   1.4806
20.1129    0.0498   0.6577   0.0755   2.6400
20.4572    0.0608   0.3559   0.0890   1.4447
20.2287    0.0557   0.6564   0.0827   1.4714
19.8085    0.0419   0.5176   0.0654   2.8641
19.0391    0.0270   1.4074   0.0459   2.7741
19.6895    0.0389   0.8864   0.0616   2.8174
20.3347    0.0567   0.5800   0.0840   1.4661
20.6733    0.0640   0.4871   0.0929   1.4274
20.3711    0.0567   0.5746   0.0840   1.4661
19.9247    0.0466   0.9689   0.0715   1.4853
20.4313    0.0604   0.4352   0.0885   1.4467
20.4253    0.0575   0.6002   0.0849   1.4625
19.2141    0.0301   1.1614   0.0500   2.8289
20.2184    0.0538   1.1857   0.0804   1.4874
20.4705    0.0586   0.5117   0.0863   1.4567
18.3418    0.0174   1.9189   0.0325   1.4970
20.3191    0.0556   0.4347   0.0826   2.5711
20.4151    0.0560   0.4750   0.0831   1.4696
19.8461    0.0447   0.4967   0.0690   2.8233
20.2378    0.0540   0.4837   0.0806   2.5413
20.4743    0.0593   0.4328   0.0872   1.4527
20.5958    0.0627   0.5578   0.0913   1.4343
18.8268    0.0246   1.4564   0.0425   2.7069
19.8197    0.0430   0.5884   0.0668   2.8503
19.9987    0.0481   0.5543   0.0733   2.6581
19.7889    0.0410   0.5637   0.0643   2.8764
18.5614    0.0205   1.5918   0.0369   1.5143
17.4092    0.0090   2.0342   0.0202   2.6967
16.4775    0.0036   2.2342   0.0115   3.0416
18.4960    0.0201   1.5535   0.0363   1.5192
18.4985    0.0199   1.4400   0.0360   2.5917
18.3994    0.0182   1.4117   0.0336   2.8097
18.5426    0.0202   1.5549   0.0365   1.5177
17.3841    0.0089   2.0099   0.0200   2.8347
18.4163    0.0185   1.3473   0.0341   2.9466
18.4884    0.0199   1.6031   0.0360   1.5215
18.3620    0.0182   1.6418   0.0337   1.5327
18.4752    0.0193   1.4749   0.0352   2.7619
18.4338    0.0189   1.5757   0.0346   1.5299
18.4859    0.0193   1.4558   0.0352   2.6888
18.4797    0.0194   1.4112   0.0353   2.8027
18.5198    0.0202   1.5185   0.0365   1.5176
18.4086    0.0189   1.3437   0.0347   2.8631
17.6507    0.0109   1.9853   0.0230   1.5347
18.4959    0.0195   1.5641   0.0355   1.5249
18.4955    0.0198   1.4624   0.0359   2.7615
17.6552    0.0112   1.9346   0.0234   1.5354
18.4089    0.0184   1.4509   0.0340   2.7266
18.5811    0.0206   1.5948   0.0371   1.5131
18.3530    0.0181   1.3920   0.0336   2.8747
18.4908    0.0190   1.6165   0.0347   1.5291
18.5348    0.0200   1.5902   0.0363   1.5196
18.4592    0.0186   1.4231   0.0343   2.7873
18.3967    0.0185   1.3371   0.0341   2.9573
18.3967    0.0188   1.4258   0.0344   2.8274
18.5177    0.0197   1.5689   0.0358   1.5231
18.4577    0.0193   1.4070   0.0353   2.6886
18.4683    0.0192   1.5872   0.0351   1.5271
18.5678    0.0204   1.6432   0.0368   1.5155
18.5775    0.0207   1.5368   0.0372   1.5122
18.4327    0.0187   1.5455   0.0344   2.6449
18.4083    0.0189   1.4401   0.0347   2.8632
18.5586    0.0204   1.5837   0.0367   1.5160
18.4284    0.0188   1.4877   0.0344   2.7740
18.4717    0.0197   1.5555   0.0357   1.5232
18.3956    0.0182   1.4030   0.0336   2.8585
18.5445    0.0205   1.5628   0.0369   1.5144
18.5330    0.0202   1.4813   0.0365   1.5182
18.3502    0.0176   1.4206   0.0328   2.8808
18.4695    0.0191   1.4160   0.0349   2.8388
18.5088    0.0198   1.5121   0.0360   2.6901
18.4357    0.0191   1.5585   0.0350   1.5280
18.4448    0.0191   1.4155   0.0349   2.7351
18.4859    0.0196   1.4681   0.0356   2.6471
18.5023    0.0200   1.5731   0.0362   1.5203
18.4861    0.0196   1.5211   0.0357   1.5238
18.4392    0.0190   1.3918   0.0348   2.7502
18.4938    0.0198   1.5713   0.0360   1.5217
18.5220    0.0203   1.4631   0.0366   1.5167
18.3574    0.0179   1.4385   0.0332   2.8970
18.4542    0.0196   1.5236   0.0356   2.6857
18.3781    0.0179   1.3820   0.0332   2.9019
17.1274    0.0072   2.2474   0.0173   1.5366
18.5696    0.0207   1.4709   0.0372   1.5118
18.5474    0.0205   1.6186   0.0369   1.5147
18.3943    0.0183   1.5844   0.0338   1.5323
18.6073    0.0206   1.5933   0.0371   1.5127
18.5032    0.0198   1.4306   0.0359   2.6907
18.4349    0.0188   1.5631   0.0345   1.5301
18.5681    0.0203   1.6146   0.0366   1.5172
18.2531    0.0167   1.6949   0.0316   1.5341
18.4245    0.0188   1.4701   0.0345   2.7853
18.6004    0.0208   1.5614   0.0373   1.5107
18.4763    0.0195   1.5189   0.0355   2.7299
18.5301    0.0199   1.4994   0.0360   1.5213
18.3829    0.0184   1.4695   0.0339   2.7341
18.4538    0.0190   1.4086   0.0347   2.7959
18.4545    0.0187   1.6338   0.0343   1.5308
18.4575    0.0189   1.5835   0.0346   1.5299
18.4290    0.0189   1.4329   0.0347   2.8159
18.3252    0.0176   1.5775   0.0327   2.6267
18.5230    0.0202   1.5322   0.0365   2.6564
18.4941    0.0200   1.5349   0.0361   1.5204
18.4829    0.0196   1.5489   0.0356   1.5243
18.3266    0.0174   1.5126   0.0325   2.8311
18.4310    0.0195   1.4904   0.0354   2.6660
18.5669    0.0207   1.5468   0.0371   1.5124
18.2613    0.0170   1.3292   0.0319   3.0044
18.5198    0.0199   1.5872   0.0360   1.5215
18.3843    0.0185   1.4333   0.0341   2.8449
