#ID x y mag e_mag col1 e_col1 memb_prob sel
29428    174.792000 1100.949000  14.7040   0.0030   2.8410   0.0050   1.0000      1
140      52.681000 1015.539000  15.5680   0.0030   1.8700   0.0070   1.0000      1
460      145.458000 953.663000  16.2280   0.0030   3.3130   0.0110   1.0000      1
194      137.514000 1003.822000  15.8010   0.0030   3.1310   0.0120   1.0000      1
188      182.350000 1088.249000  15.7100   0.0040   3.3830   0.0090   1.0000      1
229      82.419000 990.459000  15.8010   0.0040   3.0460   0.0110   1.0000      1
1986     68.234000 972.567000  17.3130   0.0040   2.3360   0.0130   1.0000      1
61296    141.555000 916.562000  14.7550   0.0050   1.7370   0.0060   1.0000      1
100      125.880000 1066.929000  15.7290   0.0050   3.0370   0.0100   1.0000      1
2431     208.720000 1036.822000  17.5050   0.0050   2.1340   0.0140   1.0000      1
1042     152.004000 1097.747000  16.7580   0.0050   2.9610   0.0380   1.0000      1
364      69.129000 1038.894000  16.0350   0.0050   3.2470   0.0650   1.0000      1
46       81.068000 1034.738000  15.1110   0.0050   3.1670   0.1390   1.0000      1
6021     201.592000 1006.935000  18.1550   0.0060   0.1380   0.0100   1.0000      1
2601     105.311000 1114.281000  17.5260   0.0060   1.5800   0.0110   1.0000      1
1506     152.088000 965.924000  17.0850   0.0060   1.2990   0.0130   1.0000      1
3612     223.760000 1073.763000  17.7700   0.0070  -0.2860   0.0090   1.0000      1
916      135.193000 1029.617000  16.7480   0.0070   2.4770   0.0160   1.0000      1
1356     132.542000 994.605000  17.1160   0.0070   2.2620   0.0160   1.0000      1
9531     156.692000 1127.137000  18.4060   0.0080   0.1150   0.0110   1.0000      1
702      188.223000 1131.611000  16.7120   0.0080   1.7760   0.0150   1.0000      1
691      145.685000 1031.946000  16.7450   0.0080   2.3870   0.0170   1.0000      1
1281     83.824000 997.650000  17.2430   0.0080   2.3470   0.0200   1.0000      1
7955     143.381000 935.686000  18.3280   0.0080   1.9240   0.0220   1.0000      1
9033     190.866000 967.338000  18.5410   0.0080   1.5430   0.0230   1.0000      1
98       119.433000 1062.115000  15.9540   0.0080   3.5610   0.0320   1.0000      1
142      127.102000 1070.915000  16.4940   0.0080   4.3180   0.0400   1.0000      1
4763     61.364000 966.746000  18.0810   0.0080   2.9970   0.0910   1.0000      1
455      170.835000 1095.343000  17.0010   0.0090   2.5280   0.0160   1.0000      1
2224     85.618000 1145.945000  17.3860   0.0090   2.3480   0.0160   1.0000      1
3060     120.068000 996.310000  17.6610   0.0090   1.9990   0.0160   1.0000      1
1286     92.514000 1013.298000  16.8380   0.0090   2.2500   0.0190   1.0000      1
5781     78.788000 1086.642000  18.4590   0.0090   1.7480   0.0210   1.0000      1
6477     203.021000 950.495000  18.4390   0.0100  -0.2410   0.0120   1.0000      1
2057     73.640000 1125.206000  17.4250   0.0100   2.0000   0.0220   1.0000      1
10668    134.202000 961.159000  18.6200   0.0100   1.6590   0.0230   1.0000      1
6441     57.112000 999.247000  18.3270   0.0100   1.3980   0.0250   1.0000      1
15598    192.147000 1067.908000  18.7730   0.0100   1.5570   0.0250   1.0000      1
12728    52.587000 988.556000  18.6170   0.0100   1.7290   0.0470   1.0000      1
11392    115.053000 1134.789000  18.6940   0.0110   0.3710   0.0160   1.0000      1
6420     30.500000 1063.527000  18.2170   0.0110   1.4390   0.0220   1.0000      1
10739    177.843000 1120.737000  18.5550   0.0110   1.6180   0.0220   1.0000      1
8149     198.425000 963.468000  18.7420   0.0110   1.5810   0.0230   1.0000      1
8836     8.348000 1034.188000  18.2450   0.0110   1.9560   0.0240   1.0000      1
12435    235.499000 1018.945000  18.7450   0.0110   1.7640   0.0240   1.0000      1
4493     43.570000 1061.226000  18.1620   0.0110   1.5880   0.0330   1.0000      1
11033    23.230000 1058.834000  18.6360   0.0110   1.7290   0.0340   1.0000      1
3328     57.537000 1049.438000  17.7350   0.0110   2.2010   0.0890   1.0000      1
1403     74.513000 1118.774000  17.3430   0.0120  -0.3300   0.0130   1.0000      1
6205     145.322000 1078.949000  18.1520   0.0120  -0.0740   0.0140   1.0000      1
6817     125.211000 960.632000  18.3830   0.0120   1.3300   0.0190   1.0000      1
15156    25.737000 1047.700000  19.0680   0.0120   1.2800   0.0240   1.0000      1
2986     112.777000 1084.878000  17.8820   0.0120   1.2720   0.0290   1.0000      1
10134    44.101000 956.239000  18.6310   0.0120   1.7430   0.0290   1.0000      1
3089     85.212000 1055.486000  17.8920   0.0120   1.5680   0.0310   1.0000      1
3121     130.690000 1003.268000  18.3970   0.0120   1.6690   0.0350   1.0000      1
10484    116.189000 1143.344000  18.4890   0.0120   1.5360   0.0430   1.0000      1
4003     44.431000 1001.620000  17.7850   0.0120   2.5260   0.0440   1.0000      1
385      105.053000 1020.636000  16.0420   0.0120   2.8100   0.0520   1.0000      1
9284     200.601000 967.575000  18.9520   0.0130  -0.0170   0.0150   1.0000      1
10098    95.651000 1079.675000  18.1970   0.0130   0.9320   0.0190   1.0000      1
3704     73.587000 957.412000  17.7990   0.0130   1.4750   0.0210   1.0000      1
13149    195.808000 1076.505000  18.8460   0.0130   1.3470   0.0210   1.0000      1
10084    32.421000 1054.187000  18.5860   0.0130   1.6620   0.0240   1.0000      1
11031    167.315000 924.968000  18.7160   0.0130   1.5290   0.0240   1.0000      1
11236    23.295000 1002.706000  18.6930   0.0130   1.5550   0.0250   1.0000      1
9938     113.087000 1117.008000  18.7140   0.0130   1.6300   0.0260   1.0000      1
7731     206.880000 1006.438000  18.7190   0.0130   1.5640   0.0300   1.0000      1
12371    153.714000 1042.659000  18.8130   0.0130   1.4210   0.0300   1.0000      1
6440     51.081000 1108.969000  18.5750   0.0130   1.7550   0.0320   1.0000      1
7011     202.888000 994.824000  18.6160   0.0130   1.7640   0.0330   1.0000      1
10710    67.881000 993.473000  18.5730   0.0130   2.3280   0.0430   1.0000      1
8183     56.287000 1057.271000  18.3800   0.0130   1.5000   0.0440   1.0000      1
472      137.039000 1008.752000  17.7730   0.0130   1.6140   0.0480   1.0000      1
6251     207.359000 993.051000  18.5080   0.0140  -0.0560   0.0160   1.0000      1
17650    216.156000 1030.608000  18.9580   0.0140  -0.0590   0.0160   1.0000      1
14192    12.086000 999.747000  18.9550   0.0140   0.0740   0.0170   1.0000      1
14618    210.648000 971.438000  19.0760   0.0140   0.4110   0.0190   1.0000      1
17091    191.531000 998.000000  19.2120   0.0140   0.1180   0.0200   1.0000      1
4464     121.904000 990.340000  18.0770   0.0140   1.6550   0.0240   1.0000      1
6997     107.886000 1122.768000  18.3420   0.0140   1.7960   0.0250   1.0000      1
10846    108.897000 1060.778000  17.8360   0.0140   2.5160   0.0260   1.0000      1
6967     173.966000 1043.386000  18.3600   0.0140   1.6620   0.0280   1.0000      1
15996    207.396000 1073.031000  18.8670   0.0140   1.7440   0.0320   1.0000      1
15063    127.379000 1098.167000  19.1400   0.0140   1.6720   0.0380   1.0000      1
63070    161.341000 1005.530000  18.4720   0.0140   1.5250   0.0460   1.0000      1
14160    155.917000 1118.086000  18.9660   0.0140   1.6830   0.0470   1.0000      1
6374     46.264000 1090.959000  18.1540   0.0140   1.6100   0.0500   1.0000      1
839      141.263000 1009.576000  17.1720   0.0150  -0.2870   0.0150   1.0000      1
13528    240.314000 1023.409000  19.1150   0.0150  -0.1420   0.0180   1.0000      1
4326     153.541000 1026.637000  17.9780   0.0150   0.8320   0.0270   1.0000      1
4029     85.493000 1060.620000  18.0710   0.0150   1.5780   0.0280   1.0000      1
5871     160.944000 986.527000  18.6110   0.0150   1.5300   0.0280   1.0000      1
15233    215.607000 973.231000  19.1560   0.0150   1.0740   0.0280   1.0000      1
20940    29.715000 1072.852000  19.1210   0.0150   1.6390   0.0320   1.0000      1
8404     31.339000 1018.789000  18.4910   0.0150   1.3760   0.0330   1.0000      1
7790     178.610000 1046.744000  18.5980   0.0150   1.4950   0.0340   1.0000      1
12563    30.858000 1031.135000  18.8580   0.0150   1.8870   0.0340   1.0000      1
17894    43.344000 988.517000  19.1610   0.0150   1.8310   0.0410   1.0000      1
63359    71.059000 1020.855000  18.2390   0.0150  -0.2450   0.0510   1.0000      1
62844    109.767000 994.951000  18.6180   0.0150   1.0960   0.0660   1.0000      1
18007    62.270000 1076.484000  18.7340   0.0150   2.3200   0.0670   1.0000      1
5616     95.859000 1002.753000  18.6230   0.0150   1.2370   0.1410   1.0000      1
11649    194.387000 1116.997000  18.6920   0.0160   0.3900   0.0200   1.0000      1
19021    81.284000 1106.874000  19.0810   0.0160   0.4000   0.0200   1.0000      1
5208     127.479000 999.572000  18.4100   0.0160   1.2850   0.0230   1.0000      1
4557     93.807000 1066.799000  17.7930   0.0160   0.9300   0.0240   1.0000      1
8915     186.472000 1118.756000  18.7430   0.0160   1.3040   0.0260   1.0000      1
10998    153.235000 924.875000  18.7640   0.0160   1.7000   0.0290   1.0000      1
6821     25.919000 1026.604000  18.4730   0.0160   1.4000   0.0320   1.0000      1
5822     72.365000 1003.723000  18.5030   0.0160   1.5920   0.0320   1.0000      1
5608     78.683000 1076.457000  18.3770   0.0160   1.5480   0.0340   1.0000      1
6664     68.198000 1002.297000  18.4980   0.0160   1.8920   0.0610   1.0000      1
11346    169.808000 964.815000  18.5370   0.0160   1.4890   0.0620   1.0000      1
5617     59.043000 1043.344000  18.9780   0.0170   0.1480   0.0200   1.0000      1
8910     150.268000 1089.297000  18.5680   0.0170   0.0180   0.0230   1.0000      1
5163     210.080000 1042.054000  18.8050   0.0170   1.2330   0.0240   1.0000      1
11630    161.751000 958.154000  18.7290   0.0170   1.5300   0.0300   1.0000      1
10550    138.665000 1120.532000  18.7290   0.0170   1.7440   0.0300   1.0000      1
12912    233.909000 1025.611000  18.8990   0.0170   1.4910   0.0300   1.0000      1
583      142.919000 1038.030000  16.6070   0.0170   2.3930   0.0310   1.0000      1
61788    126.589000 939.454000  18.5890   0.0170   1.2790   0.0310   1.0000      1
10877    127.790000 1129.855000  18.6000   0.0170   1.3900   0.0390   1.0000      1
9246     217.661000 1046.840000  18.4000   0.0170   1.3860   0.0410   1.0000      1
20239    151.283000 1066.871000  19.0460   0.0170   2.1720   0.0530   1.0000      1
15540    11.448000 1067.021000  18.7900   0.0180   0.1920   0.0210   1.0000      1
15148    43.937000 1022.782000  18.9080   0.0180   0.4910   0.0220   1.0000      1
15484    83.978000 1025.152000  18.2530   0.0180   1.7440   0.0270   1.0000      1
11662    175.289000 967.367000  19.0130   0.0180   1.3780   0.0340   1.0000      1
13440    172.252000 1073.681000  18.5830   0.0180   1.8320   0.0360   1.0000      1
15340    72.475000 933.957000  19.2280   0.0180   1.6360   0.0360   1.0000      1
3776     142.907000 1054.155000  18.3120   0.0180   1.2000   0.0370   1.0000      1
12594    83.556000 1099.971000  19.0520   0.0180   1.8540   0.0370   1.0000      1
16544    92.313000 1108.071000  19.1190   0.0180  -0.1730   0.0370   1.0000      1
5194     139.053000 1067.282000  18.3300   0.0180   2.4550   0.0490   1.0000      1
16892    154.200000 1079.943000  18.9430   0.0180   1.0250   0.0560   1.0000      1
10770    7.375000 1009.171000  18.8330   0.0180   1.9190   0.0750   1.0000      1
19849    14.271000 1056.199000  19.6060   0.0180   2.1100   0.1780   1.0000      1
11695    229.922000 1003.479000  18.6620   0.0190   0.1160   0.0210   1.0000      1
8734     73.908000 940.236000  18.9260   0.0190   0.2310   0.0220   1.0000      1
23019    153.239000 1110.545000  19.3430   0.0190   0.0500   0.0230   1.0000      1
19702    204.071000 976.324000  19.3310   0.0190   0.1910   0.0240   1.0000      1
173      128.522000 1055.336000  15.8740   0.0190   2.7840   0.0270   1.0000      1
12862    235.476000 1000.107000  19.0320   0.0190   1.5440   0.0330   1.0000      1
18689    92.538000 1020.898000  18.1420   0.0190   1.6420   0.0340   1.0000      1
2691     90.469000 1046.847000  18.0420   0.0190   1.3410   0.0360   1.0000      1
12938    70.445000 1076.649000  18.8600   0.0190   1.5050   0.0380   1.0000      1
4732     75.662000 1010.649000  18.4820   0.0190   1.7940   0.0390   1.0000      1
13010    155.608000 1052.422000  19.0980   0.0190   1.7170   0.0450   1.0000      1
26639    53.707000 1129.630000  19.5130   0.0190   1.7390   0.0490   1.0000      1
2627     68.751000 1023.892000  17.8090   0.0190   0.4950   0.0640   1.0000      1
5910     75.007000 1025.921000  18.4040   0.0190   2.3500   0.0660   1.0000      1
3076     138.395000 984.652000  18.1220   0.0190   1.1390   0.0970   1.0000      1
23237    131.578000 1110.017000  19.3010   0.0200   0.2240   0.0250   1.0000      1
41552    99.167000 920.463000  17.0940   0.0200  -0.3270   0.0260   1.0000      1
545      106.347000 1004.702000  16.6330   0.0200   0.0580   0.0270   1.0000      1
4561     149.997000 1013.980000  18.5120   0.0200   0.8500   0.0270   1.0000      1
18717    47.208000 1043.038000  19.2420   0.0200   0.5660   0.0310   1.0000      1
25216    136.308000 937.743000  19.4260   0.0200   1.3560   0.0390   1.0000      1
18801    197.584000 1094.099000  19.3740   0.0200   0.4260   0.0400   1.0000      1
4160     140.244000 957.214000  18.7960   0.0200   1.6020   0.0460   1.0000      1
15321    96.930000 1091.256000  19.1080   0.0200   1.9420   0.0490   1.0000      1
6150     73.261000 1069.830000  18.3870   0.0210   1.4790   0.0350   1.0000      1
6901     140.189000 1072.755000  18.5680   0.0210   1.2030   0.0350   1.0000      1
24422    187.235000 954.526000  19.5590   0.0210   0.9880   0.0350   1.0000      1
11439    82.163000 1015.023000  18.4920   0.0210   1.3840   0.0410   1.0000      1
16443    46.316000 1064.350000  19.0650   0.0210   0.2030   0.0420   1.0000      1
23446    108.969000 1094.120000  19.6940   0.0210   1.6450   0.1850   1.0000      1
19085    90.022000 1126.155000  19.2340   0.0220   0.1490   0.0260   1.0000      1
29731    164.116000 1139.056000  19.7180   0.0220  -0.0600   0.0270   1.0000      1
15466    109.983000 1151.292000  19.4070   0.0220   0.3120   0.0290   1.0000      1
8795     129.854000 1077.426000  19.1340   0.0220   0.8310   0.0300   1.0000      1
19606    194.277000 972.455000  19.7700   0.0220   0.5770   0.0320   1.0000      1
23735    167.961000 1064.124000  19.1740   0.0220   1.2870   0.0350   1.0000      1
10248    182.021000 1114.606000  18.7880   0.0220   1.6950   0.0370   1.0000      1
14227    124.649000 919.399000  19.0350   0.0220   1.8030   0.0470   1.0000      1
22653    174.259000 947.341000  19.4820   0.0220   1.5790   0.0470   1.0000      1
16607    105.584000 1040.397000  18.0380   0.0220   0.9130   0.0490   1.0000      1
63111    128.330000 1006.985000  18.8970   0.0230  -0.1150   0.0250   1.0000      1
17329    174.593000 1058.154000  19.1400   0.0230   0.0870   0.0290   1.0000      1
10436    209.159000 1101.608000  18.9930   0.0230   0.6830   0.0320   1.0000      1
6914     218.028000 1097.698000  18.4410   0.0230   1.6070   0.0350   1.0000      1
12835    153.364000 1008.246000  19.1290   0.0230   1.3850   0.0380   1.0000      1
3142     137.695000 1061.879000  18.1540   0.0230   1.6320   0.0390   1.0000      1
9359     50.896000 1113.724000  19.0930   0.0230   1.6680   0.0400   1.0000      1
27051    58.863000 1017.163000  18.1140   0.0230   1.5570   0.0410   1.0000      1
64528    84.849000 1074.947000  18.4680   0.0230   0.4000   0.0410   1.0000      1
12233    68.933000 1048.458000  18.5190   0.0230   1.5220   0.0460   1.0000      1
15742    155.461000 1074.540000  19.1570   0.0230   1.9770   0.0530   1.0000      1
22197    179.212000 986.495000  19.2670   0.0230   1.4210   0.0600   1.0000      1
17742    200.977000 1085.227000  19.6920   0.0230   0.0050   0.0600   1.0000      1
17868    38.277000 1089.159000  19.3590   0.0230   1.7310   0.0710   1.0000      1
9505     162.035000 950.480000  18.8810   0.0230   1.7750   0.0740   1.0000      1
15137    199.354000 954.422000  19.8490   0.0240   0.4750   0.0340   1.0000      1
18879    28.461000 1095.680000  19.5100   0.0240   0.6770   0.0350   1.0000      1
11640    10.124000 1004.789000  19.2350   0.0240   0.6980   0.0370   1.0000      1
14634    113.382000 916.322000  19.2360   0.0240   0.4830   0.0370   1.0000      1
10261    110.632000 1032.846000  18.0360   0.0240   1.0880   0.0380   1.0000      1
63900    126.639000 1046.243000  18.0890   0.0240   1.4040   0.0460   1.0000      1
13731    92.335000 1138.920000  18.8990   0.0250   0.1690   0.0270   1.0000      1
61986    140.458000 951.135000  19.1620   0.0250   0.2180   0.0280   1.0000      1
11522    112.322000 1070.566000  18.2860   0.0250   1.7380   0.0300   1.0000      1
17133    114.998000 968.239000  19.5070   0.0250  -0.3270   0.0300   1.0000      1
15886    221.131000 1040.921000  19.3890   0.0250   0.4050   0.0370   1.0000      1
19767    175.833000 1127.312000  19.5300   0.0250   0.3640   0.0370   1.0000      1
26560    211.919000 965.490000  19.7820   0.0250   0.4390   0.0380   1.0000      1
65383    71.175000 1119.197000  18.3920   0.0250   1.7010   0.0620   1.0000      1
4857     234.365000 1043.012000  18.5040   0.0250   1.3720   0.0750   1.0000      1
7514     34.276000 985.333000  18.2710   0.0250   1.8060   0.0930   1.0000      1
17116    167.176000 1016.117000  19.4100   0.0250   1.8290   0.1330   1.0000      1
10377    45.979000 1077.053000  17.9170   0.0260  -0.0730   0.0290   1.0000      1
2197     95.508000 1046.547000  18.0100   0.0260   0.4180   0.0300   1.0000      1
36363    58.817000 982.068000  19.9690   0.0260   0.5950   0.0390   1.0000      1
14503    187.289000 1008.505000  19.0300   0.0260   0.9150   0.0420   1.0000      1
14723    106.501000 989.981000  18.7350   0.0260   1.7300   0.0430   1.0000      1
3262     132.523000 1045.932000  18.4430   0.0260   0.8980   0.0460   1.0000      1
3582     86.683000 1043.825000  18.5250   0.0260   0.2410   0.0460   1.0000      1
64631    115.837000 1082.927000  18.7940   0.0260   0.7420   0.0670   1.0000      1
18564    58.901000 1119.604000  19.6510   0.0260   0.0450   0.0830   1.0000      1
15160    201.313000 1078.476000  19.5720   0.0270  -0.0140   0.0310   1.0000      1
64716    219.981000 1086.926000  19.7960   0.0270   0.0960   0.0310   1.0000      1
23643    194.140000 1031.890000  19.5490   0.0270   0.1060   0.0320   1.0000      1
8980     26.058000 968.190000  18.7070   0.0270   1.4700   0.0360   1.0000      1
37263    226.200000 1015.533000  20.0380   0.0270   1.4710   0.0630   1.0000      1
63839    128.626000 1042.034000  18.0560   0.0270   1.5000   0.0690   1.0000      1
65517    185.601000 1124.753000  19.1550   0.0270   1.9470   0.1040   1.0000      1
13503    156.924000 948.143000  19.1870   0.0270   1.9590   0.1440   1.0000      1
13465    172.730000 1019.018000  19.0280   0.0280   0.5380   0.0310   1.0000      1
23262    191.566000 1110.966000  19.6390   0.0280   0.7400   0.0360   1.0000      1
25092    214.669000 956.444000  19.8300   0.0280   0.5190   0.0420   1.0000      1
64615    39.930000 1080.546000  19.5190   0.0280   1.0560   0.0450   1.0000      1
10124    106.835000 1029.565000  18.3740   0.0280   0.3490   0.0470   1.0000      1
43510    97.599000 969.334000  18.8260   0.0280   0.3450   0.0860   1.0000      1
5990     111.561000 1111.792000  19.3790   0.0290   1.0210   0.0390   1.0000      1
63942    119.326000 1047.861000  18.5230   0.0290   1.4930   0.0480   1.0000      1
64555    114.021000 1078.688000  19.2120   0.0300   0.0400   0.0340   1.0000      1
62523    67.311000 978.007000  19.6740   0.0300   0.3760   0.0360   1.0000      1
61966    151.864000 950.044000  19.1670   0.0300   1.7380   0.0400   1.0000      1
62788    60.883000 991.483000  20.1920   0.0300   0.1510   0.0410   1.0000      1
20246    165.703000 1035.171000  19.2030   0.0300   1.2620   0.0450   1.0000      1
63783    95.006000 1040.477000  18.7710   0.0300   1.5190   0.0500   1.0000      1
1018     47.198000 1079.565000  17.5470   0.0300   2.5160   0.0640   1.0000      1
21533    178.399000 1026.729000  19.6660   0.0310   0.7040   0.0390   1.0000      1
21844    170.283000 945.056000  20.0580   0.0310   0.5030   0.0410   1.0000      1
38128    197.245000 1051.062000  20.1310   0.0310   0.4230   0.0410   1.0000      1
27678    53.650000 1101.837000  19.9740   0.0310   0.8810   0.0450   1.0000      1
7138     24.439000 973.642000  18.9720   0.0310   1.7510   0.0460   1.0000      1
3313     91.262000 1051.156000  18.6600   0.0310   0.9380   0.0470   1.0000      1
11805    82.248000 1007.833000  19.2110   0.0310   1.2220   0.0490   1.0000      1
64332    48.685000 1068.458000  19.8590   0.0310   1.0340   0.0500   1.0000      1
39094    13.926000 1076.040000  19.7610   0.0310   1.5190   0.0540   1.0000      1
65137    46.347000 1107.890000  19.4800   0.0320  -0.0110   0.0360   1.0000      1
23633    193.842000 956.956000  19.5960   0.0320  -0.0280   0.0370   1.0000      1
33296    184.674000 994.716000  20.1220   0.0320   0.0060   0.0440   1.0000      1
64777    206.448000 1089.525000  20.2450   0.0320  -0.0260   0.0450   1.0000      1
28870    212.914000 1077.190000  19.9880   0.0320   1.2470   0.0540   1.0000      1
63211    71.146000 1014.364000  18.1430   0.0320   1.6490   0.0550   1.0000      1
65166    173.432000 1108.562000  19.5360   0.0320   1.7080   0.0600   1.0000      1
62684    116.897000 986.599000  19.7460   0.0320   0.7540   0.0620   1.0000      1
63527    130.666000 1027.779000  18.0960   0.0320   1.5620   0.0660   1.0000      1
4927     80.381000 1048.845000  18.0040   0.0320   1.4400   0.0730   1.0000      1
24702    100.850000 1057.168000  18.7500   0.0320   1.7660   0.1170   1.0000      1
4778     126.569000 1024.410000  17.7170   0.0330   1.7510   0.0400   1.0000      1
38593    199.861000 1062.886000  20.1480   0.0330   0.6040   0.0440   1.0000      1
33097    112.803000 1105.948000  19.7390   0.0330   1.0080   0.0460   1.0000      1
23530    158.892000 1111.302000  19.9980   0.0330   1.1570   0.0490   1.0000      1
31362    184.740000 1128.989000  18.6220   0.0330   1.3150   0.0520   1.0000      1
26671    136.353000 1134.752000  20.0720   0.0330   1.2150   0.0580   1.0000      1
63461    114.768000 1024.667000  19.4190   0.0330   0.9140   0.0590   1.0000      1
63459    18.461000 1024.093000  19.9610   0.0330   0.3650   0.0590   1.0000      1
4994     91.180000 1088.035000  18.1860   0.0330   1.9540   0.0880   1.0000      1
26848    74.671000 1136.668000  19.9250   0.0330   0.0880   0.0910   1.0000      1
4853     234.295000 1048.435000  18.4820   0.0340   0.0250   0.0390   1.0000      1
926      132.154000 982.610000  16.7780   0.0340   2.6290   0.0400   1.0000      1
2643     74.174000 1015.438000  18.3860   0.0340   0.4230   0.0410   1.0000      1
19859    116.948000 956.298000  19.4830   0.0340  -0.0040   0.0460   1.0000      1
25916    184.559000 1018.124000  19.9410   0.0340   0.6410   0.0510   1.0000      1
63192    84.168000 1012.344000  19.7480   0.0340   0.6030   0.0520   1.0000      1
64591    90.117000 1079.866000  19.7350   0.0340   0.7740   0.0540   1.0000      1
18707    186.702000 1025.477000  19.3790   0.0340   0.2410   0.0580   1.0000      1
28764    181.506000 1052.507000  20.0490   0.0340   0.5240   0.0620   1.0000      1
16971    154.481000 931.457000  19.9750   0.0340   0.1570   0.0630   1.0000      1
33230    191.207000 1044.666000  20.1700   0.0340   1.3480   0.0640   1.0000      1
63268    78.444000 1019.362000  19.7870   0.0340   1.1860   0.0700   1.0000      1
18308    72.335000 1131.691000  20.1580   0.0340   1.2310   0.1350   1.0000      1
30417    167.900000 1134.593000  20.1470   0.0350   1.3500   0.0650   1.0000      1
63215    130.157000 1012.955000  19.6430   0.0350   0.7940   0.0710   1.0000      1
4921     140.251000 1099.754000  18.5020   0.0350   1.8250   0.0820   1.0000      1
63747    168.153000 1038.117000  19.7530   0.0350   1.5200   0.0930   1.0000      1
63979    46.362000 1050.533000  19.7290   0.0360  -0.3760   0.0390   1.0000      1
15752    31.517000 963.621000  19.4000   0.0360   0.1350   0.0400   1.0000      1
64435    74.365000 1073.106000  18.8640   0.0360   0.2690   0.0460   1.0000      1
15300    56.181000 1032.273000  19.4800   0.0360   0.0380   0.0480   1.0000      1
63650    13.400000 1034.069000  19.8390   0.0360   0.6470   0.0480   1.0000      1
63046    143.639000 1004.189000  18.2330   0.0360   1.8200   0.0500   1.0000      1
64216    51.716000 1062.831000  19.8500   0.0360   0.1610   0.0510   1.0000      1
23876    124.687000 1140.254000  20.1960   0.0360   0.5310   0.0580   1.0000      1
11331    59.585000 1038.387000  19.7430   0.0360   1.1650   0.0600   1.0000      1
40355    39.651000 977.718000  20.2780   0.0360   0.8700   0.0600   1.0000      1
21508    124.354000 968.164000  19.7920   0.0360   1.2000   0.0850   1.0000      1
18975    153.510000 936.459000  19.9920   0.0370  -0.1290   0.0410   1.0000      1
21445    77.990000 1063.086000  19.4030   0.0370   0.6400   0.0440   1.0000      1
65683    110.451000 1132.656000  20.0120   0.0370   0.3460   0.0470   1.0000      1
10505    115.601000 1055.849000  18.6010   0.0370   0.9640   0.0490   1.0000      1
3487     27.456000 978.787000  17.8150   0.0370   1.0680   0.0520   1.0000      1
62342    65.276000 967.651000  19.8180   0.0370   1.5550   0.0560   1.0000      1
15774    46.739000 961.625000  20.3270   0.0370   0.2530   0.0590   1.0000      1
63652    65.686000 1034.632000  18.4800   0.0370   1.2860   0.0670   1.0000      1
64129    121.158000 1060.373000  16.3320   0.0370   2.5150   0.0780   1.0000      1
24859    199.305000 1037.317000  20.3600   0.0370   0.0710   0.0940   1.0000      1
28799    100.604000 1097.208000  20.2380   0.0370   0.9300   0.1110   1.0000      1
10272    93.627000 984.241000  18.6740   0.0370   1.7290   0.1120   1.0000      1
23463    171.184000 930.141000  20.2870   0.0380   0.4830   0.0430   1.0000      1
62066    210.581000 954.816000  19.9980   0.0380   0.0520   0.0460   1.0000      1
62728    144.663000 987.862000  19.6210   0.0380  -0.3720   0.0510   1.0000      1
65082    65.135000 1104.501000  20.2760   0.0380   0.6230   0.0540   1.0000      1
8269     93.515000 1062.054000  18.4700   0.0380   1.2740   0.0550   1.0000      1
63483    160.493000 1025.379000  19.6940   0.0380   1.2420   0.0610   1.0000      1
25345    186.502000 1057.589000  20.0320   0.0380   0.8520   0.1020   1.0000      1
40056    201.925000 1105.442000  20.0260   0.0380   1.9620   0.1530   1.0000      1
5772     148.049000 1025.690000  19.4730   0.0390   1.0490   0.0720   1.0000      1
34821    222.514000 1027.282000  20.3350   0.0390   0.9210   0.0980   1.0000      1
29047    214.871000 1008.700000  20.5830   0.0390  -0.1650   0.1960   1.0000      1
63528    240.152000 1029.093000  19.6430   0.0400  -0.1400   0.0430   1.0000      1
4783     165.544000 984.643000  19.2630   0.0400   0.0380   0.0460   1.0000      1
62385    187.394000 969.945000  20.3050   0.0400   0.0160   0.0480   1.0000      1
31204    216.804000 1020.897000  20.1270   0.0400   0.2010   0.0520   1.0000      1
63655    141.104000 1033.708000  18.6090   0.0400   1.5850   0.0560   1.0000      1
12742    79.871000 1067.369000  19.3950   0.0400   0.8760   0.0610   1.0000      1
62991    118.469000 1001.412000  19.0070   0.0400   1.5360   0.0620   1.0000      1
17026    93.772000 1132.683000  19.8590   0.0400  -0.3090   0.0630   1.0000      1
63901    173.599000 1046.911000  19.7850   0.0400   0.3190   0.0740   1.0000      1
34758    36.676000 1106.585000  20.4620   0.0400   0.4270   0.0780   1.0000      1
22567    13.764000 1019.386000  20.3360   0.0400   0.7700   0.0790   1.0000      1
64037    53.187000 1054.140000  19.9420   0.0400   1.1320   0.0800   1.0000      1
43527    97.717000 980.820000  18.7700   0.0400   1.5420   0.1500   1.0000      1
21780    190.140000 938.325000  19.7030   0.0410   0.3690   0.0540   1.0000      1
62845    128.101000 993.660000  19.4700   0.0410   0.9760   0.0570   1.0000      1
63137    91.780000 1007.742000  19.5230   0.0410   0.8110   0.0570   1.0000      1
13960    104.533000 1033.558000  18.5220   0.0410   0.7610   0.0920   1.0000      1
64927    142.337000 1097.779000  18.6540   0.0410   1.7230   0.0960   1.0000      1
19542    83.480000 978.541000  19.5020   0.0410   1.3310   0.1140   1.0000      1
21274    121.431000 1132.182000  20.4180   0.0410   2.7310   0.2310   1.0000      1
64027    120.120000 1053.649000  18.2620   0.0420   1.4770   0.0480   1.0000      1
65251    67.542000 1113.535000  20.1100   0.0420   0.3050   0.0500   1.0000      1
62765    25.764000 989.430000  20.2650   0.0420   0.2570   0.0510   1.0000      1
63654    134.125000 1034.046000  19.2070   0.0420   1.1030   0.0520   1.0000      1
32207    188.683000 945.971000  20.3710   0.0420   0.2080   0.0520   1.0000      1
63214    119.833000 1013.186000  19.9180   0.0420   0.3710   0.0610   1.0000      1
62065    166.117000 955.678000  19.7420   0.0420   1.0860   0.0660   1.0000      1
62290    47.221000 965.366000  20.1680   0.0420   0.6590   0.0720   1.0000      1
32045    209.867000 1020.528000  20.0450   0.0430   0.2240   0.0530   1.0000      1
64001    86.826000 1051.239000  19.3470   0.0430   0.7270   0.0620   1.0000      1
24114    178.508000 1075.290000  19.9020   0.0430   1.1920   0.0650   1.0000      1
37182    99.962000 1037.606000  18.9240   0.0430   1.1270   0.0660   1.0000      1
2784     119.123000 1029.456000  18.0750   0.0430   1.5130   0.0700   1.0000      1
63708    110.855000 1037.588000  18.9480   0.0430   0.7240   0.0700   1.0000      1
61866    140.474000 946.066000  20.0130   0.0430   0.5700   0.0750   1.0000      1
62546    183.441000 978.153000  19.9840   0.0430   0.5900   0.0800   1.0000      1
33693    66.771000 1138.001000  20.2230   0.0430   1.4710   0.0810   1.0000      1
64219    145.557000 1061.912000  20.4740   0.0430   0.5570   0.0840   1.0000      1
2918     111.371000 1010.079000  18.4530   0.0440   1.3580   0.0640   1.0000      1
63782    53.809000 1040.523000  20.4120   0.0440   0.9990   0.0640   1.0000      1
86370    133.791000 1041.865000  18.6160   0.0440   2.6370   0.0880   1.0000      1
13694    89.793000 1074.637000  19.5550   0.0440   0.5850   0.0910   1.0000      1
13630    114.227000 1047.758000  18.7740   0.0450   0.1680   0.0580   1.0000      1
63806    64.727000 1042.681000  19.6760   0.0450   0.8370   0.0590   1.0000      1
61419    77.818000 923.182000  20.4590   0.0450   0.8850   0.1100   1.0000      1
61585    83.280000 930.019000  20.3240   0.0450   1.8720   0.1160   1.0000      1
61890    195.313000 946.314000  20.5390   0.0450   0.4580   0.1260   1.0000      1
84015    196.072000 1085.800000  20.7110   0.0450   1.7260   0.2040   1.0000      1
6985     213.443000 1101.270000  18.7230   0.0460   0.4850   0.0500   1.0000      1
63583    24.476000 1030.191000  19.7740   0.0460   0.3040   0.0520   1.0000      1
63959    97.102000 1051.280000  18.2060   0.0460   0.8460   0.0530   1.0000      1
62986    39.240000 999.753000  20.2960   0.0460   0.2980   0.0560   1.0000      1
40541    131.406000 1091.198000  20.2620   0.0460   0.5410   0.0610   1.0000      1
65582    143.102000 1127.796000  20.4120   0.0460   0.6840   0.0660   1.0000      1
30827    26.603000 1068.232000  20.4630   0.0460   1.0840   0.0780   1.0000      1
29377    125.941000 930.166000  20.0670   0.0470   0.4350   0.0530   1.0000      1
64153    238.394000 1060.623000  20.1870   0.0470   0.4970   0.0600   1.0000      1
64111    75.703000 1057.056000  19.8360   0.0470   0.6510   0.0610   1.0000      1
27388    152.087000 1058.659000  20.3880   0.0470   0.5800   0.0640   1.0000      1
65425    93.393000 1120.840000  20.4140   0.0470   0.5700   0.2090   1.0000      1
16738    14.760000 1010.151000  19.8230   0.0480   0.4590   0.0540   1.0000      1
20655    122.710000 1085.051000  19.8030   0.0480   0.8150   0.0600   1.0000      1
20585    99.480000 1103.516000  20.0240   0.0480   0.5200   0.0610   1.0000      1
63863    110.252000 1044.828000  18.8740   0.0480   0.4550   0.0630   1.0000      1
64025    27.337000 1053.266000  20.2250   0.0480   1.0330   0.0650   1.0000      1
63943    238.419000 1048.682000  19.7720   0.0480  -0.1970   0.0920   1.0000      1
62667    111.375000 984.780000  20.1790   0.0490   0.0630   0.0540   1.0000      1
62860    159.333000 994.908000  20.1120   0.0490  -0.2220   0.0550   1.0000      1
19731    50.834000 1050.292000  20.2490   0.0490   0.4850   0.0680   1.0000      1
13690    148.632000 1074.148000  19.9930   0.0490   0.8320   0.0730   1.0000      1
36642    227.257000 1025.758000  20.6430   0.0490   0.6000   0.0740   1.0000      1
33858    135.372000 1141.849000  20.4640   0.0490   0.7880   0.0840   1.0000      1
20108    152.316000 993.338000  20.0070   0.0490   0.4050   0.0850   1.0000      1
64790    25.625000 1090.485000  20.4430   0.0490   1.2710   0.0890   1.0000      1
24390    110.610000 920.417000  20.5510   0.0490   0.8700   0.0940   1.0000      1
64619    203.650000 1082.278000  20.1480   0.0490   1.5750   0.1030   1.0000      1
5759     55.442000 1047.357000  20.3560   0.0500   0.0190   0.0570   1.0000      1
12529    163.273000 927.871000  20.1470   0.0500   0.3470   0.0590   1.0000      1
63653    77.012000 1032.286000  18.6380   0.0500   1.6140   0.0610   1.0000      1
63862    100.935000 1044.698000  18.8750   0.0500   0.9350   0.0610   1.0000      1
64437    160.009000 1074.573000  20.1750   0.0500   0.4870   0.0630   1.0000      1
62193    42.736000 960.430000  20.2960   0.0500   0.5780   0.0650   1.0000      1
64315    35.752000 1067.210000  19.6960   0.0500   0.7450   0.0670   1.0000      1
30289    185.201000 937.736000  20.5130   0.0500   0.5510   0.0670   1.0000      1
25283    77.040000 975.314000  20.2860   0.0500   1.3690   0.1380   1.0000      1
26850    130.092000 984.744000  20.0760   0.0510   0.0440   0.0600   1.0000      1
31940    166.767000 1055.596000  19.8080   0.0510   0.5770   0.0610   1.0000      1
23848    144.927000 966.305000  20.3900   0.0510   0.3910   0.0610   1.0000      1
63673    85.549000 1034.902000  18.1820   0.0510   0.8620   0.0650   1.0000      1
65035    78.879000 1101.897000  20.4850   0.0510   0.6910   0.0710   1.0000      1
19523    84.753000 1080.802000  20.4800   0.0510   0.8110   0.0870   1.0000      1
65898    77.763000 1143.318000  20.6580   0.0510   0.6700   0.1060   1.0000      1
63361    221.040000 1020.425000  20.4250   0.0510   1.3380   0.1220   1.0000      1
2178     127.643000 1037.130000  18.7210   0.0520   1.1580   0.0590   1.0000      1
32340    26.154000 1014.478000  20.5950   0.0520  -0.0120   0.0590   1.0000      1
63179    168.683000 1011.050000  20.2390   0.0520   0.7260   0.0640   1.0000      1
3061     82.496000 961.219000  17.6930   0.0520   1.2740   0.0650   1.0000      1
27825    213.219000 1051.681000  20.2990   0.0520   0.7430   0.0670   1.0000      1
65818    120.531000 1139.550000  20.4950   0.0520   0.2550   0.0670   1.0000      1
63709    180.022000 1037.109000  20.2500   0.0520   0.7790   0.0720   1.0000      1
30702    134.452000 1013.004000  19.9250   0.0520   0.6990   0.0730   1.0000      1
63294    116.200000 1020.019000  19.9740   0.0520   1.2140   0.0760   1.0000      1
11243    90.435000 1037.637000  18.5040   0.0520   1.8100   0.0770   1.0000      1
7029     124.810000 1009.067000  19.9910   0.0520   0.1310   0.0780   1.0000      1
64002    113.158000 1051.028000  18.9890   0.0520   0.6620   0.0810   1.0000      1
19096    69.682000 963.695000  20.2410   0.0520   1.5050   0.0840   1.0000      1
64270    87.057000 1065.656000  19.6790   0.0520   0.8680   0.0850   1.0000      1
64131    182.946000 1059.219000  20.1450   0.0520   1.5280   0.0900   1.0000      1
43334    165.590000 1081.964000  20.4980   0.0530   0.2200   0.0610   1.0000      1
62524    76.168000 987.673000  19.4970   0.0530   1.5280   0.0740   1.0000      1
25275    79.802000 1133.757000  20.0700   0.0530   1.1040   0.0780   1.0000      1
62859    93.087000 994.326000  19.5360   0.0530   0.8790   0.0810   1.0000      1
64925    115.786000 1098.854000  20.5690   0.0530   0.7040   0.0910   1.0000      1
64110    65.344000 1058.635000  20.7360   0.0530   0.7340   0.0910   1.0000      1
27868    47.690000 1008.818000  20.1580   0.0530   1.6620   0.0920   1.0000      1
19240    176.331000 1115.245000  20.0360   0.0530   1.8940   0.1060   1.0000      1
3717     101.136000 976.680000  18.1640   0.0530   1.3060   0.1200   1.0000      1
32404    97.368000 1121.512000  20.4430   0.0530   0.9100   0.1870   1.0000      1
62879    138.214000 997.431000  19.7940   0.0540   0.8160   0.0640   1.0000      1
63270    176.993000 1015.623000  20.1670   0.0540   0.5160   0.0640   1.0000      1
19704    62.465000 960.249000  20.3810   0.0540   0.4150   0.0650   1.0000      1
65497    192.223000 1124.762000  19.7430   0.0540   0.9090   0.0680   1.0000      1
29284    161.691000 1091.612000  19.7580   0.0540   1.6110   0.0700   1.0000      1
64098    138.527000 1056.626000  19.1770   0.0540   1.0280   0.0740   1.0000      1
64736    188.750000 1084.922000  20.5200   0.0540   1.2830   0.0930   1.0000      1
31189    147.357000 1149.963000  20.5360   0.0540   0.8500   0.1000   1.0000      1
61909    164.162000 947.986000  19.6560   0.0540   1.3440   0.1200   1.0000      1
64060    132.071000 1055.044000  17.1910   0.0550   2.0190   0.0640   1.0000      1
62914    142.530000 998.544000  19.7320   0.0550   0.7270   0.0650   1.0000      1
65184    57.535000 1109.323000  20.3870   0.0550   0.4440   0.0670   1.0000      1
62213    87.924000 961.755000  19.5730   0.0550   0.6620   0.0700   1.0000      1
32738    199.584000 1110.732000  20.2760   0.0550   1.0170   0.0800   1.0000      1
62745    200.087000 988.806000  19.8060   0.0550   0.9040   0.1010   1.0000      1
62682    65.761000 986.683000  20.2170   0.0550   0.9410   0.1290   1.0000      1
7643     142.228000 1123.383000  18.9980   0.0560   1.2520   0.0610   1.0000      1
11157    112.657000 1016.136000  19.0550   0.0560   1.0910   0.0620   1.0000      1
64218    133.846000 1063.387000  18.9230   0.0560   1.6320   0.0660   1.0000      1
63380    111.092000 1021.037000  18.8710   0.0560   1.7020   0.0670   1.0000      1
29269    163.385000 1045.082000  20.6710   0.0560   0.3090   0.0710   1.0000      1
62455    82.583000 974.583000  20.3080   0.0560   0.8940   0.0800   1.0000      1
62617    145.223000 982.476000  20.6500   0.0560   1.0890   0.1340   1.0000      1
64096    18.308000 1057.136000  20.4000   0.0560   1.5960   0.1420   1.0000      1
12359    214.190000 1000.176000  18.8370   0.0570   0.0540   0.0580   1.0000      1
35224    222.331000 1054.151000  20.5550   0.0570   0.3900   0.0670   1.0000      1
64571    101.295000 1079.896000  19.8860   0.0570   0.3680   0.0680   1.0000      1
62989    81.564000 1001.188000  19.5870   0.0570   0.8800   0.0690   1.0000      1
63826    187.334000 1042.409000  20.6740   0.0570   0.8750   0.0750   1.0000      1
62767    127.485000 988.848000  19.7300   0.0570   0.6770   0.0770   1.0000      1
43231    41.424000 1069.146000  19.7640   0.0570   1.5270   0.0800   1.0000      1
43284    114.916000 1109.124000  20.0160   0.0570   0.5660   0.0800   1.0000      1
63069    155.929000 1005.306000  19.9110   0.0570   0.3860   0.0860   1.0000      1
17240    58.552000 1115.059000  20.0040   0.0570   0.9620   0.1050   1.0000      1
64979    88.368000 1098.362000  20.1530   0.0570   1.7730   0.1050   1.0000      1
6980     162.352000 933.471000  18.4300   0.0580   1.7270   0.0660   1.0000      1
21160    86.076000 1138.786000  19.8500   0.0580   0.7890   0.0660   1.0000      1
63771    224.874000 1039.907000  20.3160   0.0580   0.1800   0.0690   1.0000      1
40200    80.041000 932.697000  20.3130   0.0580   0.6570   0.0700   1.0000      1
65036    127.750000 1102.327000  20.4310   0.0580   0.4290   0.0710   1.0000      1
63423    180.632000 1022.818000  19.6690   0.0580   1.4340   0.0750   1.0000      1
20156    106.679000 1082.175000  20.1560   0.0580   0.9260   0.0790   1.0000      1
41522    107.022000 944.882000  20.3880   0.0580   0.4170   0.0830   1.0000      1
15108    155.941000 1031.103000  20.1960   0.0580   0.9450   0.0980   1.0000      1
3635     91.577000 998.791000  18.1660   0.0590   1.3300   0.0650   1.0000      1
65060    74.006000 1103.781000  20.4090   0.0590   0.3750   0.0650   1.0000      1
38055    33.603000 1000.135000  20.5060   0.0590   0.0990   0.0660   1.0000      1
28734    92.755000 1033.036000  19.0390   0.0590   1.0750   0.0790   1.0000      1
63028    195.254000 1002.451000  20.5990   0.0590   0.0920   0.0790   1.0000      1
6647     119.371000 957.754000  18.6900   0.0590   1.4420   0.0820   1.0000      1
63068    114.642000 1004.768000  19.3640   0.0590   0.9700   0.0860   1.0000      1
62136    113.651000 958.340000  20.5110   0.0590   0.6650   0.0890   1.0000      1
63957    23.596000 1050.296000  19.9120   0.0590   0.9910   0.1080   1.0000      1
65581    81.975000 1128.209000  20.7910   0.0590   1.4160   0.1090   1.0000      1
35338    207.673000 1115.585000  20.7590   0.0590   0.9880   0.1720   1.0000      1
17733    168.749000 988.887000  20.0950   0.0600   0.3450   0.0660   1.0000      1
64981    165.134000 1100.585000  20.1250   0.0600   0.6310   0.0660   1.0000      1
62878    79.523000 995.617000  19.5230   0.0600   0.6940   0.0710   1.0000      1
41499    90.307000 931.266000  20.9030   0.0600   0.1650   0.0750   1.0000      1
64416    228.999000 1073.281000  20.5190   0.0600   0.4720   0.0940   1.0000      1
17262    197.290000 1124.111000  20.0930   0.0600   1.4190   0.0960   1.0000      1
61789    130.332000 940.928000  20.3650   0.0610   0.0570   0.0720   1.0000      1
64529    139.521000 1078.640000  20.0610   0.0610   0.4130   0.0730   1.0000      1
16867    116.507000 921.020000  20.0180   0.0610   1.2370   0.0830   1.0000      1
37645    42.583000 1101.189000  20.5960   0.0610   0.5620   0.1150   1.0000      1
62877    71.183000 996.466000  20.0980   0.0620   0.8230   0.0830   1.0000      1
35718    85.309000 925.782000  20.7880   0.0620   0.4980   0.0860   1.0000      1
25879    107.097000 957.340000  19.9880   0.0620   1.2810   0.1040   1.0000      1
31641    136.376000 1112.389000  20.6860   0.0620   1.1610   0.1100   1.0000      1
64456    112.889000 1074.231000  19.5720   0.0620   1.2480   0.1350   1.0000      1
9017     100.835000 1137.423000  18.9580   0.0630   1.4310   0.0720   1.0000      1
64357    107.325000 1068.675000  19.4470   0.0630   1.1990   0.0730   1.0000      1
9681     120.242000 1043.693000  19.3120   0.0630   0.7370   0.0790   1.0000      1
63927    227.635000 1047.547000  20.1930   0.0630   0.3680   0.0820   1.0000      1
64026    64.955000 1052.464000  20.5350   0.0630   0.8130   0.0820   1.0000      1
61318    93.749000 918.143000  20.0850   0.0630   0.4450   0.0850   1.0000      1
63925    105.151000 1047.738000  18.8880   0.0630   1.2300   0.0880   1.0000      1
64998    110.489000 1101.214000  20.5680   0.0630   0.8270   0.0910   1.0000      1
61584    66.821000 930.044000  20.7410   0.0630   0.4890   0.0920   1.0000      1
64505    35.569000 1075.529000  20.4560   0.0640   0.4010   0.0720   1.0000      1
25562    232.248000 1009.018000  20.7260   0.0640   0.2970   0.0740   1.0000      1
23726    125.896000 946.343000  19.7660   0.0640   1.3930   0.0770   1.0000      1
21838    156.616000 1065.481000  20.7370   0.0640   0.6030   0.0870   1.0000      1
65819    141.263000 1139.402000  20.6950   0.0640   1.1540   0.0930   1.0000      1
65024    195.714000 1102.843000  20.1330   0.0640   1.7210   0.0940   1.0000      1
62250    148.303000 963.076000  20.3470   0.0640   1.0810   0.0940   1.0000      1
43476    168.879000 999.021000  20.8680   0.0640   0.6770   0.0970   1.0000      1
36745    223.495000 1000.063000  21.0410   0.0640   0.5100   0.0990   1.0000      1
36743    116.370000 1125.303000  20.3540   0.0640   1.1080   0.1000   1.0000      1
3802     122.938000 1037.414000  17.9540   0.0650   1.4290   0.0680   1.0000      1
63748    196.092000 1038.827000  20.5730   0.0650   0.7680   0.0860   1.0000      1
61865    76.630000 944.212000  20.5260   0.0650   0.4560   0.0870   1.0000      1
63120    192.833000 1007.030000  20.6140   0.0650   0.1530   0.0870   1.0000      1
65708    184.754000 1132.673000  18.6770   0.0650   1.4390   0.0890   1.0000      1
63013    206.570000 1000.510000  20.7980   0.0650   0.9800   0.0910   1.0000      1
62843    55.226000 994.105000  20.7940   0.0650   0.5810   0.0940   1.0000      1
64715    92.977000 1086.282000  19.7250   0.0650   0.3290   0.1010   1.0000      1
37117    25.776000 1084.337000  20.5600   0.0660   0.4950   0.0790   1.0000      1
63315    83.078000 1019.087000  20.4070   0.0660   0.7440   0.0950   1.0000      1
63462    144.243000 1024.777000  20.0290   0.0670   1.0380   0.0810   1.0000      1
0        84.045000 1067.938000  19.5980   0.0670   1.1540   0.0860   1.0000      1
63316    144.259000 1016.370000  19.8150   0.0670   1.3490   0.1420   1.0000      1
25651    82.685000 952.257000  19.7700   0.0680   0.9130   0.0760   1.0000      1
64714    73.789000 1087.409000  20.0300   0.0680   0.2050   0.0780   1.0000      1
62618    178.977000 981.907000  20.0850   0.0680   0.7810   0.0810   1.0000      1
63360    133.581000 1019.805000  20.1130   0.0680   0.5960   0.0870   1.0000      1
38938    9.516000 1053.418000  20.8640   0.0680   0.0460   0.0890   1.0000      1
42920    76.124000 973.759000  20.7450   0.0680   0.8750   0.0970   1.0000      1
84104    167.113000 1112.658000  20.3360   0.0680   1.4890   0.1150   1.0000      1
63749    213.405000 1039.784000  20.7040   0.0680   0.7440   0.1300   1.0000      1
64148    36.163000 1060.845000  20.7760   0.0690   0.4930   0.0890   1.0000      1
79115    128.006000 1023.548000  19.6950   0.0690   1.5360   0.1050   1.0000      1
8826     193.626000 1097.974000  20.4910   0.0690   1.6890   0.1720   1.0000      1
19141    33.377000 1092.892000  19.9940   0.0700   0.2890   0.0790   1.0000      1
61864    70.184000 945.264000  20.7850   0.0700  -0.0640   0.0790   1.0000      1
64687    177.309000 1080.172000  20.3520   0.0700   0.4030   0.0830   1.0000      1
64839    201.472000 1092.560000  20.9710   0.0700   0.2650   0.0970   1.0000      1
83610    80.255000 968.218000  20.3980   0.0700   1.7150   0.1210   1.0000      1
37352    149.229000 975.865000  20.6310   0.0710   0.5940   0.0830   1.0000      1
64112    147.490000 1058.186000  20.4690   0.0710   0.5900   0.0940   1.0000      1
23090    45.134000 1039.552000  20.0650   0.0720   0.7700   0.0870   1.0000      1
64776    176.082000 1095.278000  19.6310   0.0720   1.4300   0.0900   1.0000      1
62415    153.498000 972.343000  20.5380   0.0720   0.8830   0.0940   1.0000      1
19088    155.515000 984.386000  20.7600   0.0720   1.1910   0.1220   1.0000      1
86056    200.054000 1022.113000  20.6910   0.0720   1.6400   0.1240   1.0000      1
63358    56.034000 1025.138000  20.2280   0.0730   0.3290   0.0980   1.0000      1
64773    30.015000 1091.570000  20.3270   0.0730   0.6520   0.1150   1.0000      1
62985    32.000000 992.160000  20.8480   0.0730   1.3620   0.1290   1.0000      1
61834    62.523000 943.271000  20.6720   0.0740   0.0490   0.0880   1.0000      1
65496    173.399000 1124.306000  20.5430   0.0740   0.6270   0.1050   1.0000      1
33472    50.049000 1025.212000  20.6550   0.0740   1.1110   0.1130   1.0000      1
8736     107.129000 980.733000  18.7280   0.0740   1.2300   0.1180   1.0000      1
64965    158.645000 1099.241000  20.1840   0.0740   0.4060   0.1200   1.0000      1
44135    90.527000 986.404000  19.8700   0.0740   0.8970   0.1660   1.0000      1
33548    165.945000 941.392000  20.8990   0.0750   0.5020   0.0970   1.0000      1
64078    209.361000 1055.043000  20.9660   0.0750   0.7970   0.1020   1.0000      1
25476    115.859000 1102.584000  20.6330   0.0750   0.6510   0.1170   1.0000      1
61421    121.163000 923.791000  20.7580   0.0750   0.6430   0.1200   1.0000      1
65253    210.560000 1113.871000  20.6660   0.0750   0.5650   0.1300   1.0000      1
20410    234.793000 1036.002000  20.0900   0.0760  -0.1560   0.0860   1.0000      1
62619    198.629000 981.804000  20.7090   0.0760   0.6110   0.0910   1.0000      1
61776    173.124000 939.149000  20.9480   0.0760   0.5920   0.1020   1.0000      1
62100    125.758000 956.281000  20.8650   0.0760   0.6090   0.1040   1.0000      1
63960    167.199000 1049.091000  20.8740   0.0770   0.5030   0.0960   1.0000      1
63108    72.384000 1009.338000  20.0900   0.0770   0.2810   0.0970   1.0000      1
64840    221.135000 1094.372000  20.7560   0.0770   0.4330   0.0970   1.0000      1
63981    151.257000 1051.566000  20.7320   0.0770   0.6790   0.0980   1.0000      1
64836    79.105000 1093.806000  20.3630   0.0780   0.1940   0.0820   1.0000      1
10479    102.033000 1070.982000  20.1690   0.0780   0.5570   0.0900   1.0000      1
62397    219.860000 970.864000  21.3000   0.0780   1.1400   0.2010   1.0000      1
43325    19.470000 1081.695000  20.8220   0.0790   0.0770   0.0900   1.0000      1
63926    158.029000 1046.383000  21.1950   0.0790   0.4930   0.1050   1.0000      1
63560    180.480000 1030.326000  20.7290   0.0790   0.5340   0.1090   1.0000      1
64321    196.431000 1067.093000  21.1440   0.0790   0.8600   0.1120   1.0000      1
62543    118.857000 979.351000  20.8320   0.0790   1.4470   0.1600   1.0000      1
65276    169.373000 1116.251000  20.4810   0.0790   1.0850   0.1810   1.0000      1
63561    184.862000 1030.969000  20.7150   0.0800   0.6880   0.1000   1.0000      1
65228    184.764000 1106.489000  19.9220   0.0800   1.8460   0.1620   1.0000      1
63864    148.807000 1046.612000  20.8920   0.0810   0.2550   0.0950   1.0000      1
19323    103.086000 1123.838000  20.2930   0.0810   0.7010   0.1030   1.0000      1
65252    89.175000 1115.870000  20.7100   0.0810   0.9780   0.1070   1.0000      1
65201    35.402000 1110.128000  20.8380   0.0820   0.3570   0.0980   1.0000      1
64171    160.077000 1062.966000  20.7000   0.0820   0.3940   0.1020   1.0000      1
65454    149.713000 1122.867000  20.9710   0.0820   0.0920   0.1120   1.0000      1
0        135.686000 967.842000  21.0130   0.0820   0.7570   0.1150   1.0000      1
63071    219.068000 1005.304000  21.3930   0.0820   0.0020   0.1240   1.0000      1
20632    33.949000 958.709000  20.3880   0.0830   0.6620   0.0890   1.0000      1
65744    97.519000 1136.310000  19.2470   0.0830   1.6880   0.0980   1.0000      1
63243    239.164000 1015.458000  21.2360   0.0830   0.2020   0.0990   1.0000      1
18701    159.363000 939.273000  20.2020   0.0840   0.5870   0.1000   1.0000      1
7328     143.810000 1012.939000  19.8490   0.0840   0.5540   0.1020   1.0000      1
65540    102.229000 1127.746000  20.9120   0.0840   0.3420   0.1050   1.0000      1
85825    150.409000 1026.062000  20.5980   0.0840   1.4030   0.1340   1.0000      1
61809    185.177000 942.529000  21.0920   0.0850   0.1100   0.0990   1.0000      1
64775    89.319000 1094.193000  20.8750   0.0850   0.8610   0.1070   1.0000      1
65023    59.466000 1101.470000  21.3370   0.0850   0.2490   0.1070   1.0000      1
63562    190.015000 1027.879000  21.0990   0.0850   0.3660   0.1270   1.0000      1
64396    217.556000 1071.817000  21.1130   0.0860  -0.0440   0.0980   1.0000      1
62544    155.610000 979.963000  20.9330   0.0860   0.8050   0.1060   1.0000      1
64254    230.939000 1065.148000  21.4760   0.0860   0.6900   0.1220   1.0000      1
43597    201.994000 1029.548000  20.9180   0.0870   0.3010   0.1020   1.0000      1
61810    191.377000 941.552000  20.6180   0.0870   0.9850   0.1550   1.0000      1
63210    45.448000 1013.807000  20.5990   0.0880   0.9190   0.1130   1.0000      1
43358    57.096000 1096.205000  21.3720   0.0890   0.2180   0.1130   1.0000      1
65495    159.140000 1123.267000  20.7960   0.0890   0.9810   0.1260   1.0000      1
2391     100.300000 1052.523000  19.4820   0.0890   0.9960   0.1290   1.0000      1
65541    137.700000 1127.045000  21.3540   0.0890   0.8220   0.1390   1.0000      1
64295    236.465000 1065.587000  20.9320   0.0900  -0.0700   0.1020   1.0000      1
33099    193.895000 1082.493000  20.6670   0.0900   1.0270   0.1070   1.0000      1
43574    215.167000 1068.122000  21.2110   0.0900   0.3360   0.1120   1.0000      1
10073    70.177000 1087.814000  20.4100   0.0900   0.4420   0.1530   1.0000      1
19950    69.462000 987.375000  20.3840   0.0910   0.6410   0.1190   1.0000      1
63382    204.958000 1020.388000  20.7180   0.0920   0.6370   0.1100   1.0000      1
63213    107.960000 1017.076000  19.5710   0.0920   0.8000   0.1130   1.0000      1
62565    53.978000 981.417000  21.2220   0.0920   0.5640   0.1230   1.0000      1
26952    27.839000 1103.331000  20.5110   0.0920   1.0500   0.1280   1.0000      1
62819    44.831000 994.177000  20.5250   0.0940   0.9960   0.1180   1.0000      1
64316    63.753000 1064.660000  20.7340   0.0940   0.8110   0.1400   1.0000      1
61835    161.173000 943.076000  20.9280   0.0950   0.4550   0.1090   1.0000      1
63558    44.753000 1028.760000  20.7580   0.0960   0.5420   0.1190   1.0000      1
62576    21.743000 981.233000  20.9780   0.0970   0.9260   0.1380   1.0000      1
28363    230.437000 992.725000  19.8500   0.0980   0.5600   0.1020   1.0000      1
63194    203.534000 1012.465000  21.3540   0.0980   0.6610   0.1500   1.0000      1
8822     198.402000 947.674000  19.7310   0.0990   0.1560   0.1070   1.0000      1
61295    129.007000 916.264000  20.9460   0.0990   0.7930   0.1300   1.0000      1
62525    162.954000 979.252000  20.6960   0.0990  -0.1300   0.1330   1.0000      1
64334    210.854000 1070.000000  21.4100   0.1000   0.2060   0.1240   1.0000      1
22174    80.898000 1097.255000  20.8290   0.1000   0.8970   0.1460   1.0000      1
64438    190.281000 1073.452000  21.3960   0.1010   0.4300   0.1240   1.0000      1
62935    21.760000 999.995000  20.7490   0.1010   0.1410   0.1320   1.0000      1
65853    146.922000 1137.626000  21.3720   0.1020   0.4090   0.1360   1.0000      1
62729    193.150000 991.567000  21.5410   0.1040   0.3300   0.1430   1.0000      1
37787    181.997000 956.837000  21.4210   0.1050   0.2650   0.1220   1.0000      1
63880    26.138000 1041.881000  19.5810   0.1070   1.8560   0.1310   1.0000      1
63540    235.126000 1029.812000  20.9440   0.1080  -0.0100   0.1200   1.0000      1
18595    95.444000 1142.791000  20.4840   0.1080   1.6020   0.1570   1.0000      1
65707    177.652000 1133.207000  21.1680   0.1090   0.4950   0.1360   1.0000      1
18739    18.632000 996.300000  19.6580   0.1090   0.1840   0.1380   1.0000      1
61639    57.441000 934.035000  21.1030   0.1090   0.7150   0.1580   1.0000      1
62456    137.694000 972.573000  21.0270   0.1100   0.5520   0.1300   1.0000      1
63317    153.994000 1019.472000  21.2380   0.1100  -0.0210   0.1400   1.0000      1
64151    188.694000 1059.711000  20.6350   0.1100   0.5210   0.1460   1.0000      1
62345    171.517000 973.329000  21.2840   0.1110   0.3710   0.1330   1.0000      1
63241    41.958000 1014.442000  21.2470   0.1130   0.9770   0.1630   1.0000      1
62341    23.103000 968.385000  20.4900   0.1130   0.5380   0.2170   1.0000      1
35959    180.743000 1002.228000  21.5480   0.1140   0.8120   0.1810   1.0000      1
64814    215.897000 1093.421000  21.0750   0.1150   0.4970   0.1310   1.0000      1
62876    48.567000 995.735000  20.2030   0.1170   0.4620   0.1230   1.0000      1
23327    207.221000 1085.864000  20.7700   0.1190   0.8880   0.2270   1.0000      1
62414    114.267000 972.013000  20.9920   0.1190   1.3220   0.2350   1.0000      1
63861    17.335000 1045.596000  20.9530   0.1210   0.7680   0.1610   1.0000      1
11127    74.448000 1083.118000  19.9900   0.1220   0.7660   0.1310   1.0000      1
15736    28.509000 1039.989000  19.5750   0.1230   0.5700   0.1390   1.0000      1
31822    146.161000 924.598000  19.6830   0.1250   1.5200   0.1430   1.0000      1
63209    15.343000 1014.745000  21.5410   0.1250   0.6750   0.1940   1.0000      1
39958    19.186000 1048.875000  21.0330   0.1260   0.5910   0.1550   1.0000      1
65621    90.528000 1132.056000  19.9540   0.1270   1.7090   0.1510   1.0000      1
62137    190.019000 958.316000  21.3250   0.1280   0.4960   0.1590   1.0000      1
10394    146.428000 925.996000  19.6580   0.1290   1.0130   0.1540   1.0000      1
63657    202.638000 1033.629000  21.5510   0.1290   0.7610   0.2260   1.0000      1
64896    107.882000 1095.148000  20.5810   0.1300  -0.2900   0.1320   1.0000      1
64951    197.150000 1098.137000  21.1240   0.1320  -0.1150   0.1480   1.0000      1
63485    208.855000 1025.216000  21.2350   0.1350   0.3050   0.1630   1.0000      1
61622    109.669000 928.371000  21.6010   0.1360   0.4590   0.1840   1.0000      1
64109    59.700000 1059.180000  21.4660   0.1410   0.6640   0.2050   1.0000      1
23172    204.944000 1093.312000  20.4860   0.1420   0.0100   0.1570   1.0000      1
61707    159.412000 935.629000  21.1840   0.1420   0.2710   0.1670   1.0000      1
61908    122.789000 947.005000  21.3100   0.1470  -0.4650   0.1780   1.0000      1
80633    85.342000 1086.038000  20.9120   0.1500   0.9910   0.2020   1.0000      1
25578    220.206000 981.543000  20.1080   0.1520   0.4330   0.1600   1.0000      1
62270    35.184000 964.313000  21.0880   0.1520   0.7640   0.2070   1.0000      1
64097    42.364000 1055.083000  20.3270   0.1530   0.6780   0.1630   1.0000      1
81696    160.413000 1086.560000  21.9130   0.1560  -1.3560   0.1590   1.0000      1
65227    92.817000 1110.670000  20.3450   0.1590  -0.3270   0.1750   1.0000      1
65560    61.923000 1125.922000  21.9060   0.1600   0.8880   0.2310   1.0000      1
64980    101.308000 1099.473000  20.7880   0.1620   0.1830   0.1680   1.0000      1
61987    192.899000 950.857000  21.7880   0.1650   0.3410   0.2050   1.0000      1
64147    14.243000 1058.547000  20.7800   0.1780   0.4650   0.2240   1.0000      1
85548    175.418000 1055.162000  20.5200   0.1840   1.7980   0.2300   1.0000      1
61774    99.315000 941.274000  20.5210   0.1900   0.0160   0.2340   1.0000      1
63730    202.487000 1037.683000  21.0680   0.2080   0.8830   0.2310   1.0000      1
40304    97.678000 1090.904000  21.2180   0.2250  -0.7620   0.2440   1.0000      1
