#ID x y mag e_mag col1 e_col1 memb_prob sel
32330    1602.913000 610.247000  20.4300   0.0170   0.2380   0.0340   0.2430      1
29733    1476.158000 759.805000  20.4400   0.0170   0.2320   0.0230   0.2330      1
29958    1487.328000 787.724000  20.4420   0.0180   0.1870   0.0230   0.2290      1
34167    1692.081000 624.400000  20.4420   0.0230   0.1960   0.0290   0.2260      1
28821    1431.214000 656.672000  20.4410   0.0180   0.1160   0.0280   0.2240      1
31753    1575.267000 624.871000  20.4450   0.0270   0.1610   0.0300   0.2180      1
33118    1640.959000 727.362000  20.4220   0.0190   0.0890   0.0250   0.2120      1
32249    1599.166000 592.729000  20.3970   0.0220   0.2540   0.0320   0.2110      1
31200    1548.760000 706.278000  18.8730   0.0220   0.2720   0.0250   0.2070      1
30358    1507.955000 680.544000  19.0740   0.0070   1.5550   0.0160   0.2060      1
34025    1685.026000 547.151000  18.9160   0.0070   0.1690   0.0100   0.2050      1
30363    1508.087000 761.654000  18.5550   0.0080   1.5680   0.0140   0.2050      1
32491    1610.357000 573.372000  18.6160   0.0050   0.2740   0.0110   0.1990      1
30675    1522.992000 721.421000  18.9050   0.0110   0.1760   0.0140   0.1970      1
32515    1611.634000 615.332000  19.6240   0.0180   0.2490   0.0320   0.1960      1
34787    1723.687000 638.424000  19.0140   0.0080   1.5200   0.0150   0.1950      1
31217    1549.616000 678.006000  20.4120   0.0220   0.2830   0.0260   0.1910      1
29888    1483.500000 620.773000  18.3040   0.0070   1.7890   0.0110   0.1880      1
31252    1551.396000 731.471000  18.7940   0.0140   0.4500   0.0260   0.1870      1
31318    1554.334000 697.329000  18.5800   0.0220   0.3110   0.0300   0.1850      1
33932    1680.650000 633.790000  19.6040   0.0110   0.3070   0.0150   0.1830      1
31639    1570.122000 640.567000  20.4690   0.0210   0.1880   0.0250   0.1830      1
32137    1594.114000 668.440000  18.8260   0.0090   0.2730   0.0110   0.1820      1
32581    1614.606000 801.934000  18.5390   0.0060   1.5000   0.0170   0.1780      1
33378    1653.275000 639.242000  18.7420   0.0120   0.5410   0.0190   0.1780      1
31125    1544.910000 717.867000  18.3780   0.0160   1.7430   0.0200   0.1740      1
32047    1589.856000 629.964000  19.9910   0.0170   0.7470   0.0290   0.1740      1
33605    1664.169000 546.834000  20.1530   0.0100   0.1540   0.0360   0.1730      1
29351    1456.379000 688.888000  19.7620   0.0100  -0.0750   0.0180   0.1720      1
31145    1546.047000 701.414000  18.3590   0.0090   1.2640   0.0170   0.1710      1
31762    1575.797000 690.197000  19.0830   0.0110   1.6750   0.0270   0.1700      1
32463    1609.102000 744.157000  19.7780   0.0140  -0.0040   0.0170   0.1700      1
30768    1527.533000 714.750000  19.9580   0.0430   0.9470   0.0800   0.1690      1
32762    1623.276000 744.155000  18.4630   0.0050   1.7110   0.0100   0.1680      1
31582    1567.535000 741.753000  18.5440   0.0130   0.2160   0.0150   0.1680      1
30260    1503.026000 618.402000  20.1520   0.0130   0.1860   0.0160   0.1680      1
29279    1452.792000 603.550000  19.0730   0.0100   1.6640   0.0230   0.1670      1
29111    1444.602000 656.653000  19.0930   0.0260   1.4330   0.0340   0.1670      1
31615    1569.025000 672.095000  19.9040   0.0110   0.1200   0.0310   0.1650      1
31686    1572.054000 810.406000  19.9090   0.0160   0.0870   0.0180   0.1640      1
34372    1702.239000 670.986000  20.1600   0.0160   0.1850   0.0200   0.1640      1
31313    1554.152000 707.868000  18.7230   0.0200   0.7280   0.0520   0.1640      1
31183    1547.926000 683.218000  19.6030   0.0100   0.2360   0.0120   0.1620      1
31867    1580.855000 664.318000  18.4480   0.0060   1.7150   0.0100   0.1610      1
31120    1544.761000 796.358000  19.2890   0.0070   0.0290   0.0100   0.1610      1
31595    1568.345000 750.035000  19.6240   0.0120   0.3240   0.0160   0.1610      1
33603    1664.003000 712.399000  20.1450   0.0140   0.1530   0.0300   0.1610      1
32872    1628.946000 714.319000  18.3730   0.0070   1.7180   0.0160   0.1600      1
31942    1584.573000 753.296000  19.9140   0.0130   0.1340   0.0180   0.1590      1
30202    1499.995000 670.205000  18.8220   0.0150   1.5180   0.0220   0.1590      1
30615    1519.899000 666.550000  18.9770   0.0150   1.5920   0.0230   0.1590      1
29692    1474.229000 698.021000  18.4830   0.0060   1.6920   0.0130   0.1580      1
32201    1597.005000 688.345000  19.9910   0.0160   0.7450   0.0610   0.1580      1
30211    1500.425000 627.003000  19.2740   0.0110   0.0390   0.0150   0.1570      1
30163    1497.505000 579.764000  19.5830   0.0140   0.0260   0.0160   0.1570      1
31391    1557.747000 800.154000  19.6370   0.0140  -0.2680   0.0180   0.1550      1
30912    1534.693000 722.984000  19.5520   0.0160   0.2650   0.0210   0.1540      1
33609    1664.392000 618.604000  20.0040   0.0480   0.8730   0.0550   0.1530      1
31359    1556.509000 774.973000  18.3440   0.0070   1.7460   0.0110   0.1510      1
32313    1602.226000 693.182000  19.6080   0.0120  -0.0540   0.0380   0.1510      1
30073    1493.099000 778.027000  19.9630   0.0510   0.7980   0.0530   0.1510      1
31411    1559.202000 792.320000  19.6450   0.0120   0.0940   0.0160   0.1500      1
29957    1487.280000 552.692000  19.5540   0.0100   0.2810   0.0130   0.1480      1
30721    1525.544000 644.937000  20.1690   0.0180   0.1320   0.0290   0.1480      1
30008    1489.607000 728.929000  19.6590   0.0120   0.2630   0.0150   0.1460      1
31090    1543.616000 611.425000  20.4400   0.0180   0.4120   0.0230   0.1460      1
31271    1552.153000 608.616000  22.7610   0.1400  -0.3890   0.2000   0.1450      1
34600    1714.026000 656.731000  20.4380   0.0180   0.4020   0.0300   0.1440      1
31599    1568.565000 719.706000  20.4610   0.0340   0.3110   0.0560   0.1420      1
31327    1554.909000 757.948000  20.0860   0.0180   1.0150   0.0280   0.1410      1
30975    1537.803000 611.672000  20.6750   0.0190   0.3350   0.0260   0.1410      1
30608    1519.468000 721.587000  19.8720   0.0220   0.1710   0.0300   0.1380      1
30376    1508.753000 666.743000  21.1290   0.0320   0.1310   0.0400   0.1360      1
29664    1472.977000 769.470000  20.7450   0.0220   0.1550   0.0300   0.1330      1
34265    1697.109000 592.002000  18.1770   0.0050   1.7110   0.0130   0.1320      1
32902    1630.465000 505.918000  21.2400   0.0350   0.2930   0.0460   0.1310      1
32402    1606.308000 531.709000  20.6620   0.0230   0.2970   0.0280   0.1300      1
33939    1681.091000 728.910000  20.4380   0.0150   0.4460   0.0210   0.1290      1
33275    1648.403000 578.556000  20.6590   0.0250   0.3040   0.0300   0.1280      1
32697    1620.596000 761.600000  20.6850   0.0200   0.2110   0.0260   0.1270      1
31485    1562.543000 679.564000  20.6820   0.0280   0.3430   0.0340   0.1260      1
32768    1623.545000 530.194000  21.2460   0.0740   0.1950   0.0810   0.1260      1
32064    1590.552000 650.382000  22.7220   0.1360   0.0090   0.1870   0.1250      1
32470    1609.359000 759.122000  18.2100   0.0070   2.2580   0.0570   0.1230      1
30472    1512.986000 729.478000  20.9620   0.0270   0.2210   0.0340   0.1210      1
29909    1484.853000 771.768000  17.3860   0.0060   1.6950   0.0080   0.1200      1
33138    1641.862000 714.783000  19.9630   0.0110  -0.0160   0.0190   0.1180      1
30352    1507.639000 776.154000  20.3180   0.0540  -0.1150   0.0560   0.1180      1
34611    1714.744000 673.639000  18.4460   0.0110  -0.2750   0.0130   0.1160      1
31496    1563.136000 538.983000  20.4730   0.0170   0.5950   0.0230   0.1140      1
32160    1595.272000 658.515000  21.6650   0.0450   0.5770   0.0620   0.1120      1
34519    1710.346000 725.211000  21.6890   0.0490   0.5580   0.0690   0.1120      1
31556    1566.368000 503.323000  21.6630   0.0540   0.5650   0.0690   0.1100      1
32269    1600.168000 583.401000  21.6780   0.0390   0.6210   0.0610   0.1080      1
31657    1570.870000 647.476000  21.6850   0.0610   0.5540   0.0860   0.1070      1
33971    1682.432000 734.105000  21.7110   0.0540   0.5680   0.0720   0.1060      1
31206    1549.083000 637.036000  21.6810   0.0520   0.6150   0.0720   0.1050      1
34424    1704.867000 655.715000  21.7120   0.0490   0.6110   0.0730   0.1020      1
29166    1447.040000 732.740000  22.7960   0.1360   0.2470   0.1760   0.1010      1
33805    1674.784000 630.141000  21.6510   0.0490   0.6610   0.0740   0.0990      1
31572    1567.017000 577.927000  21.7100   0.0460   0.6500   0.0690   0.0980      1
31644    1570.230000 680.041000  21.6140   0.0490   0.6570   0.0710   0.0960      1
33171    1643.358000 597.767000  23.2270   0.2230   0.0610   0.2470   0.0960      1
34682    1718.490000 620.764000  20.4460   0.0230   0.5800   0.0350   0.0950      1
32496    1610.595000 513.114000  21.6150   0.0430   0.7290   0.0640   0.0950      1
32851    1627.499000 741.093000  21.6450   0.0600   0.7000   0.0880   0.0940      1
32771    1623.679000 672.571000  21.5790   0.0400   0.7220   0.0640   0.0930      1
32522    1612.181000 608.964000  21.5740   0.0420   0.7320   0.0660   0.0930      1
32108    1592.746000 805.990000  21.5890   0.0480   0.5830   0.1060   0.0930      1
34697    1719.148000 664.385000  21.6050   0.0390   0.8070   0.0700   0.0920      1
34797    1724.342000 683.019000  21.5600   0.0410   0.7670   0.0620   0.0920      1
29283    1453.048000 731.899000  21.6010   0.0480   0.7890   0.0710   0.0920      1
30943    1536.435000 699.302000  21.6280   0.0490   0.7680   0.0820   0.0920      1
31640    1570.158000 512.444000  21.7450   0.0620   0.6070   0.0910   0.0920      1
31852    1580.203000 535.590000  21.6570   0.1110   0.5830   0.1200   0.0920      1
32361    1604.649000 515.422000  19.9320   0.0120   2.8650   0.0760   0.0800      1
34319    1699.719000 721.904000  22.4690   0.0840   0.6280   0.1240   0.0760      1
30564    1517.201000 790.875000  20.0290   0.0120   1.5410   0.0250   0.1590      0
32457    1608.936000 810.649000  18.4910   0.0060   1.8600   0.0100   0.1510      0
31642    1570.185000 705.901000  18.2770   0.0090   1.3350   0.0150   0.1510      0
33726    1671.054000 747.460000  20.0320   0.0240   1.5560   0.0380   0.1500      0
33441    1656.483000 675.411000  20.0230   0.0150   0.7200   0.0220   0.1490      0
32546    1613.455000 506.861000  20.5390   0.0210   1.2720   0.0420   0.1480      0
31454    1561.267000 720.300000  19.9960   0.0190   1.4780   0.0320   0.1470      0
34541    1711.083000 600.866000  20.4100   0.0260   1.7400   0.0490   0.1470      0
29370    1457.088000 581.180000  18.2160   0.0070   2.1860   0.0170   0.1460      0
31244    1551.060000 521.605000  18.8330   0.0080  -0.0350   0.0160   0.1460      0
31772    1576.214000 630.151000  18.5920   0.0100   1.6130   0.0210   0.1460      0
32530    1612.643000 620.389000  19.7160   0.0150  -0.0200   0.0170   0.1460      0
28577    1419.419000 655.145000  18.5890   0.0070   1.6380   0.0460   0.1430      0
33767    1673.165000 655.307000  19.4250   0.0140   0.3830   0.0360   0.1430      0
30601    1518.835000 732.746000  21.1690   0.0560   0.0660   0.0680   0.1420      0
29211    1449.575000 661.379000  18.8880   0.0070   1.5700   0.0140   0.1410      0
29935    1486.320000 565.418000  19.9700   0.0130   1.5710   0.0300   0.1410      0
32331    1602.933000 784.768000  18.7870   0.0080   1.6230   0.0160   0.1390      0
32628    1617.113000 620.186000  20.4360   0.0230   1.6890   0.0610   0.1380      0
34933    1730.886000 684.525000  20.1350   0.0210   0.9910   0.0340   0.1370      0
29987    1488.828000 589.019000  19.3320   0.0230   1.1490   0.0470   0.1360      0
31905    1582.784000 547.498000  19.6880   0.0100   0.1550   0.0130   0.1350      0
34052    1686.618000 696.483000  18.5470   0.0100   1.6910   0.0160   0.1350      0
34698    1719.181000 625.942000  19.4030   0.0180   0.4050   0.0210   0.1350      0
33851    1677.066000 581.236000  20.5530   0.0230   1.2440   0.0400   0.1350      0
31156    1546.366000 711.008000  19.7030   0.0260   0.0980   0.0290   0.1350      0
32143    1594.362000 604.699000  20.3380   0.0230   0.4640   0.0280   0.1340      0
33822    1675.640000 639.475000  18.9680   0.0090   0.1410   0.0130   0.1300      0
32518    1611.860000 676.359000  20.0300   0.0160   0.7640   0.0520   0.1300      0
32307    1602.026000 686.163000  19.5090   0.0150  -0.1410   0.0210   0.1290      0
32098    1592.283000 675.308000  19.3570   0.0370   0.9620   0.0910   0.1290      0
32623    1616.820000 552.446000  20.3370   0.0180   0.4420   0.0320   0.1280      0
30023    1490.762000 720.536000  18.5980   0.0070   1.9080   0.0140   0.1270      0
30221    1501.041000 585.750000  16.1500   0.0050   1.9960   0.0130   0.1260      0
30954    1537.133000 648.176000  18.8510   0.0070   1.6520   0.0150   0.1260      0
30410    1510.148000 593.706000  18.5430   0.0080   1.6920   0.0210   0.1260      0
29029    1440.907000 705.001000  20.5430   0.0280   1.2090   0.0500   0.1260      0
30453    1512.106000 678.060000  19.9670   0.0360   0.7230   0.0730   0.1260      0
31137    1545.583000 646.562000  19.4490   0.0090  -0.1550   0.0110   0.1250      0
32538    1612.995000 599.145000  19.4060   0.0090   0.2540   0.0120   0.1250      0
32031    1589.119000 712.061000  20.6070   0.0230   1.7340   0.0890   0.1250      0
29443    1461.213000 681.760000  20.1540   0.0140   0.3310   0.0190   0.1240      0
31445    1560.869000 664.491000  18.3760   0.0160   1.5860   0.0600   0.1240      0
32271    1600.298000 732.022000  20.5050   0.0310   1.2150   0.0480   0.1240      0
34336    1700.390000 684.415000  19.0160   0.0080   1.7430   0.0150   0.1230      0
34588    1713.602000 589.262000  18.9850   0.0090   1.3400   0.0140   0.1230      0
34545    1711.338000 669.308000  19.2850   0.0110   1.7670   0.0290   0.1230      0
34502    1709.290000 619.492000  18.6410   0.0060   1.7240   0.0130   0.1220      0
33910    1679.716000 548.338000  19.8950   0.0130   0.6010   0.0170   0.1220      0
34164    1691.856000 598.892000  15.7570   0.0050   3.3010   0.0180   0.1210      0
30627    1520.833000 517.954000  16.3400   0.0050   2.4670   0.0190   0.1210      0
32413    1606.785000 631.623000  16.9410   0.0060   1.9660   0.0140   0.1210      0
33020    1635.919000 584.168000  19.1360   0.0080   0.1370   0.0110   0.1210      0
33039    1637.421000 789.712000  19.8900   0.0150   0.2480   0.0230   0.1210      0
31986    1586.749000 767.004000  16.0700   0.0050  -0.4610   0.0100   0.1200      0
31645    1570.316000 600.133000  16.7220   0.0050   2.4580   0.0190   0.1200      0
31361    1556.622000 692.427000  18.3800   0.0070   0.3830   0.0320   0.1200      0
31906    1582.820000 701.166000  21.6770   0.0450   0.3750   0.0600   0.1200      0
29438    1460.972000 571.223000  16.5370   0.0050   2.8950   0.0110   0.1190      0
31012    1539.935000 691.881000  20.1860   0.0180   0.3500   0.0230   0.1190      0
29748    1476.882000 659.379000  21.6200   0.0600   0.2220   0.0690   0.1190      0
31745    1574.720000 637.529000  19.2450   0.0100   1.7460   0.0190   0.1180      0
33161    1643.060000 510.525000  20.2740   0.0130   0.1540   0.0170   0.1180      0
29864    1482.518000 646.710000  20.7330   0.0470   0.1400   0.0500   0.1180      0
34160    1691.729000 573.506000  17.4780   0.0040   2.0990   0.0220   0.1170      0
34243    1695.992000 643.174000  18.6310   0.0070   1.7140   0.0140   0.1170      0
34823    1725.516000 671.535000  20.1570   0.0200   0.1060   0.0260   0.1170      0
32860    1628.231000 719.071000  19.3000   0.0230   0.0920   0.0270   0.1170      0
32548    1613.471000 641.825000  21.2770   0.0400   0.3210   0.0680   0.1170      0
30883    1533.446000 627.479000  21.5670   0.0520   0.3180   0.0640   0.1160      0
30493    1514.321000 603.654000  16.4950   0.0050   2.7260   0.0210   0.1150      0
32629    1617.189000 603.624000  18.5760   0.0060  -0.1630   0.0120   0.1150      0
29062    1442.530000 664.602000  20.1960   0.0220   0.8540   0.0300   0.1150      0
31054    1541.712000 711.585000  18.0610   0.0280   1.0680   0.0430   0.1150      0
30360    1508.024000 515.856000  18.7110   0.0060   1.6410   0.0170   0.1140      0
30956    1537.203000 713.842000  18.1810   0.0080   1.4630   0.0110   0.1140      0
33220    1645.400000 524.557000  19.7930   0.0110   1.4330   0.0240   0.1140      0
32968    1633.115000 645.018000  19.5280   0.0100   1.7550   0.0240   0.1130      0
32612    1616.246000 732.314000  20.3080   0.0200   0.4040   0.0250   0.1130      0
31025    1540.477000 546.932000  21.5480   0.0460   0.1920   0.0820   0.1130      0
33078    1638.901000 763.456000  20.3730   0.0550   0.2780   0.0580   0.1130      0
32694    1620.423000 713.504000  19.2880   0.0100   1.7360   0.0230   0.1120      0
28920    1436.001000 593.105000  19.8560   0.0120   0.1190   0.0150   0.1120      0
29267    1452.439000 692.735000  19.9070   0.0140   1.6810   0.0290   0.1120      0
33424    1655.450000 617.197000  20.4030   0.0230   0.3280   0.0280   0.1120      0
29895    1484.203000 728.510000  19.7800   0.0120   0.0550   0.0150   0.1110      0
30095    1494.410000 562.153000  20.7080   0.0230   0.2550   0.0300   0.1110      0
33387    1653.786000 524.442000  19.0520   0.0340   1.0730   0.0470   0.1110      0
31042    1541.315000 769.984000  21.2020   0.0380   0.3470   0.0460   0.1110      0
34445    1706.033000 662.347000  21.6950   0.0660   0.4210   0.0760   0.1110      0
31742    1574.641000 782.120000  20.0210   0.0120   0.1220   0.0160   0.1100      0
32003    1587.685000 537.985000  19.8370   0.0120   0.0020   0.0140   0.1090      0
30661    1521.903000 766.311000  19.9970   0.0120   1.8660   0.0360   0.1090      0
33336    1651.517000 735.707000  20.6280   0.0200   0.9270   0.0360   0.1090      0
29814    1479.974000 743.282000  21.7150   0.0570   0.4510   0.0740   0.1090      0
29139    1445.907000 585.208000  17.9330   0.0050   2.1060   0.0190   0.1070      0
33162    1643.077000 675.802000  16.8720   0.0060   2.7850   0.0270   0.1070      0
32839    1626.817000 750.392000  18.7190   0.0120  -0.0130   0.0140   0.1070      0
30996    1539.103000 532.116000  21.0420   0.0360   0.2230   0.0490   0.1070      0
31155    1546.356000 652.974000  21.6130   0.0440   0.4920   0.0650   0.1070      0
32979    1633.776000 535.768000  18.8070   0.0080   1.9590   0.0170   0.1060      0
31444    1560.860000 596.856000  19.8070   0.0120   1.4580   0.0490   0.1060      0
33883    1678.471000 599.403000  21.1660   0.0410   0.2730   0.0650   0.1060      0
30201    1499.952000 598.768000  18.8260   0.0080   1.6980   0.0550   0.1050      0
30809    1529.714000 763.461000  19.9730   0.0130   0.0690   0.0180   0.1050      0
33023    1636.067000 736.276000  20.6640   0.0180   1.6870   0.0480   0.1050      0
30689    1523.704000 642.038000  20.0490   0.0230   1.6540   0.0920   0.1050      0
31530    1565.257000 726.631000  21.6280   0.0530   0.5430   0.0790   0.1050      0
32256    1599.538000 635.682000  21.7540   0.0760   0.2340   0.0820   0.1050      0
28739    1427.125000 684.264000  18.2830   0.0040   1.5070   0.0080   0.1040      0
31172    1547.565000 591.339000  17.7550   0.0060   2.4090   0.0120   0.1040      0
29105    1444.431000 565.844000  18.8340   0.0090   1.7080   0.0290   0.1040      0
31037    1540.970000 731.956000  17.9420   0.0160   1.4490   0.0230   0.1040      0
32892    1629.823000 531.358000  21.1920   0.0430   0.3420   0.0570   0.1040      0
30636    1521.187000 572.936000  20.3050   0.0180   0.1570   0.0230   0.1030      0
33611    1664.397000 699.197000  21.3350   0.0450   0.3510   0.0570   0.1030      0
33249    1646.639000 788.839000  20.3010   0.0170   0.2040   0.0210   0.1020      0
32278    1600.801000 599.751000  20.0410   0.0180   0.1810   0.0530   0.1020      0
29802    1479.453000 673.135000  21.5940   0.0800   0.3140   0.1650   0.1020      0
29658    1472.336000 704.783000  21.5440   0.0550   0.3470   0.0650   0.1010      0
33391    1654.131000 565.348000  19.2670   0.0070   0.2950   0.0100   0.1000      0
31656    1570.870000 764.225000  18.5860   0.0090   1.1110   0.0150   0.1000      0
30872    1533.079000 542.907000  19.8360   0.0100   0.5430   0.0170   0.1000      0
31840    1579.456000 785.432000  20.4290   0.0550   1.6370   0.0730   0.1000      0
29720    1475.682000 668.150000  21.5780   0.0880   0.3740   0.0980   0.1000      0
29493    1463.346000 662.753000  19.9250   0.0130   0.6000   0.0200   0.0990      0
33140    1641.953000 799.398000  19.9530   0.0140   0.3710   0.0170   0.0990      0
29306    1454.194000 672.806000  20.2040   0.0270   0.9290   0.0370   0.0990      0
33299    1649.824000 704.398000  21.6360   0.0920   0.4970   0.1070   0.0990      0
34757    1721.940000 614.745000  19.2460   0.0090   0.2420   0.0110   0.0980      0
29427    1460.160000 739.178000  18.6880   0.0150   1.3730   0.0370   0.0980      0
30966    1537.520000 632.209000  20.6850   0.0240   1.3500   0.0480   0.0980      0
30566    1517.259000 699.950000  17.8610   0.0060   1.8480   0.0220   0.0970      0
30549    1516.620000 800.345000  20.0860   0.0130   0.1050   0.0150   0.0970      0
29475    1462.505000 649.414000  20.1260   0.0290  -0.1330   0.0500   0.0970      0
29801    1479.443000 634.832000  22.4710   0.1080  -0.0080   0.1470   0.0970      0
32424    1607.185000 791.380000  21.7920   0.1190   0.3070   0.1260   0.0970      0
33994    1683.689000 612.184000  22.7530   0.1320   0.2880   0.1710   0.0970      0
33005    1635.414000 529.416000  20.6880   0.0270   1.4140   0.0460   0.0960      0
31823    1578.698000 788.577000  21.3120   0.0580   0.3210   0.1080   0.0960      0
29063    1442.537000 685.322000  20.0210   0.0260   0.6490   0.0720   0.0950      0
31990    1586.959000 725.326000  21.0030   0.0270   0.2850   0.0340   0.0950      0
30907    1534.469000 729.917000  18.5190   0.0090   1.2450   0.0160   0.0940      0
34618    1715.043000 702.337000  20.3390   0.0210   0.1260   0.0250   0.0940      0
31501    1563.612000 715.144000  18.5260   0.0060   2.0130   0.0130   0.0930      0
31725    1573.921000 735.333000  18.9070   0.0150  -0.1450   0.0160   0.0930      0
32808    1625.321000 622.748000  17.1140   0.0040   2.5530   0.0300   0.0920      0
30386    1509.110000 722.262000  19.6220   0.0100   0.5550   0.0150   0.0920      0
32935    1632.278000 705.846000  18.6380   0.0060   1.6050   0.0120   0.0910      0
31347    1556.099000 718.217000  19.7140   0.0210   0.3980   0.0390   0.0910      0
34878    1728.371000 616.248000  20.6130   0.0220   0.9560   0.0480   0.0910      0
30942    1536.233000 759.541000  21.5970   0.0510   0.7850   0.0800   0.0910      0
31378    1557.100000 503.173000  21.5890   0.0560   0.5980   0.0730   0.0910      0
32320    1602.543000 658.854000  21.6850   0.1010   0.5990   0.1410   0.0910      0
30076    1493.468000 555.812000  19.1480   0.0070   0.0670   0.0110   0.0900      0
30158    1497.251000 593.372000  18.6910   0.0140   1.6750   0.0230   0.0900      0
34409    1704.128000 681.924000  20.3770   0.0300   1.1640   0.0440   0.0900      0
33346    1651.956000 604.778000  19.1740   0.0320   1.5860   0.0600   0.0900      0
32571    1614.333000 564.449000  21.6940   0.0440   0.7140   0.0790   0.0900      0
33354    1652.262000 669.858000  21.6380   0.0530   0.7820   0.0800   0.0900      0
32482    1609.904000 548.283000  21.5840   0.0640   0.5960   0.0850   0.0900      0
29388    1457.897000 725.860000  21.6840   0.1460   0.4790   0.1530   0.0900      0
32702    1620.846000 595.681000  18.5180   0.0050   1.8260   0.0360   0.0890      0
31405    1558.838000 637.287000  17.5250   0.0070   1.5250   0.0140   0.0890      0
33657    1666.681000 569.661000  18.6500   0.0070   1.7540   0.0230   0.0890      0
33225    1645.581000 755.279000  19.3370   0.0080   0.2800   0.0360   0.0890      0
32952    1632.783000 602.309000  19.9240   0.0110   0.2900   0.0160   0.0890      0
31343    1555.975000 546.646000  19.4470   0.0130   0.1620   0.0160   0.0890      0
31900    1582.547000 644.430000  20.5370   0.0190   0.4210   0.0280   0.0890      0
32715    1621.281000 692.229000  20.6840   0.0260   0.8630   0.0400   0.0890      0
30375    1508.665000 637.562000  20.9230   0.0440   0.2210   0.0480   0.0890      0
29379    1457.484000 758.504000  21.6620   0.0570   0.7610   0.0790   0.0890      0
32752    1623.064000 779.003000  21.5580   0.0720   0.4660   0.0820   0.0890      0
31999    1587.605000 508.494000  19.1420   0.0070   0.1920   0.0200   0.0880      0
30629    1520.849000 703.711000  19.8040   0.0160   0.6660   0.0220   0.0880      0
32291    1601.190000 724.661000  20.6160   0.0160   0.8110   0.0290   0.0880      0
30903    1534.355000 576.604000  20.6560   0.0200   0.5730   0.0320   0.0880      0
31699    1572.500000 714.057000  20.4290   0.0320   0.6270   0.0390   0.0880      0
30148    1496.855000 754.789000  21.6300   0.0420   0.8340   0.0690   0.0880      0
32473    1609.464000 559.018000  21.5880   0.0560   0.8090   0.0760   0.0880      0
32670    1619.125000 536.524000  21.6010   0.0570   0.8080   0.0880   0.0880      0
31063    1542.171000 761.903000  21.8630   0.0640   0.3230   0.0790   0.0880      0
33904    1679.551000 754.169000  21.5320   0.1240   0.3850   0.1370   0.0880      0
29809    1479.711000 608.546000  18.7160   0.0070   1.4610   0.0120   0.0870      0
31401    1558.560000 683.127000  18.9180   0.0070   1.6980   0.0160   0.0870      0
32909    1630.817000 735.640000  21.0100   0.0240   0.8210   0.0420   0.0870      0
32988    1634.197000 718.079000  20.5040   0.0290   1.0600   0.0430   0.0870      0
28688    1424.470000 631.475000  21.5540   0.0410   0.6910   0.0660   0.0870      0
33372    1652.995000 648.636000  21.6390   0.0510   0.8130   0.0850   0.0870      0
29984    1488.617000 662.951000  21.6230   0.0600   0.8150   0.0880   0.0870      0
30301    1505.170000 751.650000  21.7490   0.0890   0.6280   0.1020   0.0870      0
32005    1587.722000 549.281000  21.7910   0.0980   0.4950   0.1420   0.0870      0
33266    1647.825000 722.027000  21.5990   0.1220   0.5660   0.1300   0.0870      0
31781    1576.557000 740.615000  18.4090   0.0050   1.9660   0.0180   0.0860      0
34753    1721.710000 658.824000  20.6000   0.0190   0.7270   0.0260   0.0860      0
33341    1651.748000 695.816000  21.0880   0.0270   1.6600   0.0660   0.0860      0
34337    1700.501000 640.535000  20.9070   0.0380   1.0070   0.0550   0.0860      0
29822    1480.339000 603.556000  20.6280   0.0270   0.7840   0.0550   0.0850      0
33665    1667.288000 671.537000  21.6700   0.0480   0.7950   0.0710   0.0850      0
33964    1682.145000 576.578000  21.5620   0.0730   0.6830   0.0930   0.0850      0
33865    1677.524000 750.654000  19.3190   0.0080  -0.1820   0.0140   0.0840      0
32188    1596.366000 589.765000  19.9410   0.0160   0.3750   0.0270   0.0840      0
33414    1654.853000 597.836000  19.8170   0.0190   0.6650   0.0220   0.0840      0
32147    1594.520000 644.422000  21.7750   0.0580   0.6270   0.0750   0.0840      0
30864    1532.658000 800.248000  18.3930   0.0060   1.8490   0.0120   0.0830      0
30850    1531.988000 677.001000  18.4090   0.0060   1.6480   0.0130   0.0830      0
33610    1664.396000 603.600000  18.5090   0.0060   1.6920   0.0350   0.0830      0
31819    1578.586000 652.169000  20.2320   0.0120   0.2110   0.0170   0.0830      0
29679    1473.910000 585.157000  20.6420   0.0210   0.3820   0.0260   0.0830      0
30982    1538.313000 722.329000  20.2120   0.0270   0.3770   0.0440   0.0830      0
30115    1495.178000 617.395000  20.9760   0.0270   0.7890   0.0450   0.0830      0
31211    1549.400000 516.966000  21.1240   0.0380   1.5740   0.1050   0.0830      0
31134    1545.438000 688.310000  21.5320   0.0440   0.7560   0.0730   0.0830      0
29665    1473.012000 554.786000  21.7290   0.0530   0.7180   0.0740   0.0830      0
29492    1463.346000 598.285000  21.6100   0.0550   0.8610   0.0980   0.0830      0
31553    1566.307000 649.380000  21.7060   0.0570   0.7520   0.1130   0.0830      0
31019    1540.308000 677.395000  22.7190   0.1530   0.4090   0.1790   0.0830      0
31793    1577.435000 718.393000  17.2720   0.0040   2.2420   0.0190   0.0820      0
32480    1609.775000 592.728000  18.4510   0.0070   1.7980   0.0120   0.0820      0
32388    1605.590000 507.219000  20.7000   0.0180   0.5970   0.0320   0.0820      0
29416    1459.339000 748.529000  20.9660   0.0200   0.7710   0.0400   0.0820      0
32705    1620.966000 511.913000  20.9670   0.0280   0.8200   0.0410   0.0820      0
29045    1441.884000 655.137000  20.3630   0.0400   0.5520   0.0750   0.0820      0
33166    1643.208000 584.333000  21.5510   0.0540   0.6220   0.0740   0.0820      0
32239    1598.480000 512.111000  21.3100   0.0620   0.4340   0.0720   0.0820      0
29808    1479.690000 626.957000  21.7250   0.0620   0.7030   0.2050   0.0820      0
31694    1572.332000 535.296000  22.0500   0.0760   0.1200   0.0950   0.0820      0
29504    1463.784000 767.841000  22.7790   0.1410   0.4280   0.1760   0.0820      0
33782    1673.890000 650.282000  20.0340   0.0160   0.6040   0.0230   0.0810      0
30776    1527.648000 771.176000  20.8940   0.0350   0.9590   0.0650   0.0810      0
31282    1552.546000 497.427000  21.0110   0.0370   0.8260   0.0470   0.0810      0
31655    1570.862000 552.247000  21.8440   0.1100   0.4900   0.1300   0.0810      0
29022    1440.677000 573.977000  18.5310   0.0050   1.7850   0.0450   0.0800      0
31240    1550.791000 604.206000  19.4690   0.0100   0.7100   0.0210   0.0800      0
32865    1628.425000 657.987000  19.9170   0.0110   1.5610   0.0250   0.0800      0
28798    1429.661000 663.690000  20.6810   0.0180   0.4300   0.0380   0.0800      0
33475    1657.970000 655.476000  20.6440   0.0230   0.7690   0.1240   0.0800      0
29706    1474.866000 711.946000  20.5490   0.0240   0.4020   0.0320   0.0800      0
32391    1605.746000 675.062000  20.6350   0.0290   0.7410   0.0380   0.0800      0
31168    1547.044000 752.477000  21.5140   0.0350   0.7190   0.0540   0.0800      0
32517    1611.724000 580.271000  21.0800   0.0360   1.0760   0.0650   0.0800      0
29719    1475.669000 687.131000  21.7280   0.0600   0.7410   0.0800   0.0800      0
31750    1575.050000 499.298000  18.2220   0.0070   1.7380   0.0440   0.0790      0
30545    1516.431000 691.068000  19.5410   0.0120   0.0790   0.0140   0.0790      0
33651    1666.612000 731.177000  20.7270   0.0280   0.7300   0.0390   0.0790      0
31472    1561.975000 780.411000  21.0680   0.0310   1.0820   0.0600   0.0790      0
30841    1531.510000 590.291000  21.5350   0.0380   0.8430   0.0610   0.0790      0
32681    1619.835000 665.679000  21.2130   0.0430   0.4540   0.0540   0.0790      0
33804    1674.678000 699.426000  21.5430   0.0450   0.8500   0.0720   0.0790      0
34858    1727.599000 689.818000  21.6650   0.0460   0.8660   0.0720   0.0790      0
30241    1502.031000 723.017000  21.7970   0.0580   0.6230   0.0790   0.0790      0
30007    1489.571000 756.258000  22.5520   0.1120   0.3670   0.1820   0.0790      0
29021    1440.662000 709.148000  22.4390   0.1800   0.1290   0.1970   0.0790      0
29871    1482.878000 542.740000  20.7270   0.0230   0.7400   0.0620   0.0780      0
31752    1575.225000 814.184000  21.1660   0.0290   0.4080   0.0430   0.0780      0
30544    1516.324000 708.044000  20.7570   0.0300   0.2430   0.0340   0.0780      0
30519    1515.384000 761.509000  20.9320   0.0310   1.0490   0.0810   0.0780      0
32777    1624.036000 775.093000  20.9030   0.0360   0.9980   0.0940   0.0780      0
34153    1691.540000 666.682000  21.0960   0.0370   0.9750   0.0590   0.0780      0
31514    1564.254000 801.561000  21.5800   0.0560   0.8900   0.1010   0.0780      0
31889    1581.963000 517.428000  21.6440   0.0860   0.8510   0.1300   0.0780      0
32121    1593.192000 581.180000  22.5790   0.1090   0.5470   0.1580   0.0780      0
34770    1722.755000 621.659000  20.4760   0.0290   1.5550   0.0610   0.0770      0
29167    1447.041000 611.203000  21.5110   0.0340   0.7910   0.0590   0.0770      0
34559    1712.137000 714.800000  21.5750   0.0460   0.8980   0.0690   0.0770      0
29247    1451.699000 751.457000  17.5760   0.0050   2.2240   0.0100   0.0760      0
30343    1507.301000 742.767000  21.0780   0.0440   1.0010   0.0730   0.0760      0
30443    1511.501000 771.083000  21.1950   0.0450   1.9920   0.1080   0.0760      0
31730    1573.997000 747.671000  20.2180   0.0470   0.2510   0.0500   0.0760      0
34857    1727.593000 605.413000  20.6070   0.0520   1.4790   0.0670   0.0760      0
29971    1487.708000 697.123000  19.1950   0.0080  -0.0720   0.0150   0.0750      0
33464    1657.483000 575.494000  21.5000   0.0350   0.7370   0.0540   0.0750      0
31225    1550.051000 738.388000  20.9400   0.0410   1.0010   0.0550   0.0750      0
32007    1587.780000 648.705000  21.6720   0.0410   0.9050   0.1090   0.0750      0
32535    1612.888000 550.111000  21.1140   0.0420   0.9870   0.0720   0.0750      0
34207    1694.420000 655.503000  21.7330   0.0480   1.2050   0.0920   0.0750      0
28951    1437.786000 605.906000  22.5470   0.1020   0.6870   0.1460   0.0750      0
32204    1597.155000 548.413000  22.4530   0.1050   0.6420   0.1340   0.0750      0
33563    1662.012000 750.050000  20.5360   0.0210   0.5650   0.0290   0.0740      0
29530    1465.672000 715.978000  20.8880   0.0230   0.1900   0.0290   0.0740      0
33009    1635.496000 775.828000  20.9570   0.0320   0.7880   0.0470   0.0740      0
33894    1678.886000 715.373000  20.9270   0.0380   0.9890   0.0930   0.0740      0
31268    1552.131000 746.629000  21.6100   0.0540   0.9440   0.1010   0.0740      0
28887    1434.596000 700.491000  22.0560   0.0570   0.7880   0.0990   0.0740      0
29118    1445.244000 646.751000  21.8620   0.0620   0.4820   0.0900   0.0740      0
33383    1653.647000 663.620000  21.9700   0.0830   0.3120   0.1300   0.0740      0
31609    1568.898000 555.307000  21.6640   0.0880   0.8830   0.1240   0.0740      0
33339    1651.669000 543.521000  22.7550   0.1140   0.5530   0.1540   0.0740      0
34237    1695.749000 730.937000  20.4510   0.0170   0.4790   0.0220   0.0730      0
33547    1661.330000 689.688000  20.6390   0.0220   0.5400   0.0300   0.0730      0
29569    1467.960000 655.036000  20.6850   0.0270   0.5140   0.0400   0.0730      0
32339    1603.477000 732.057000  20.5120   0.0300   0.4290   0.0530   0.0730      0
30143    1496.469000 622.398000  21.4080   0.0380   0.4580   0.0570   0.0730      0
32742    1622.627000 533.860000  20.7190   0.0420   0.9030   0.0530   0.0730      0
30267    1503.681000 642.549000  21.7530   0.0480   1.1950   0.0870   0.0730      0
32371    1604.938000 538.336000  22.0990   0.0630   0.6890   0.1020   0.0730      0
33134    1641.635000 654.856000  22.0660   0.0690   0.7140   0.0950   0.0730      0
34533    1710.776000 630.664000  22.0690   0.0690   0.7840   0.1000   0.0730      0
32969    1633.171000 589.914000  22.0610   0.0690   0.7160   0.1090   0.0730      0
33808    1675.052000 774.002000  20.8610   0.0210   0.2960   0.0290   0.0720      0
31628    1569.352000 569.151000  21.0550   0.0260   0.8050   0.0380   0.0720      0
31222    1549.902000 775.171000  20.6780   0.0320   0.6780   0.0430   0.0720      0
32303    1601.859000 617.034000  21.2690   0.0320   0.4900   0.0580   0.0720      0
32490    1610.272000 518.579000  21.0440   0.0330   0.8360   0.0540   0.0720      0
30036    1491.455000 693.951000  20.9800   0.0360   0.8810   0.0550   0.0720      0
29212    1449.582000 600.566000  20.5280   0.0420   1.0080   0.0710   0.0720      0
30082    1493.839000 763.137000  21.6980   0.0590   1.2110   0.0990   0.0720      0
30855    1532.254000 557.100000  21.5980   0.0600   1.0060   0.1500   0.0720      0
31392    1557.949000 653.281000  22.0780   0.0680   0.6660   0.1200   0.0720      0
28861    1432.972000 600.428000  22.1100   0.0690   0.7870   0.1010   0.0720      0
34280    1697.887000 674.311000  22.1290   0.0710   0.6800   0.1050   0.0720      0
32640    1617.819000 747.137000  22.0600   0.0750   0.7540   0.1060   0.0720      0
30032    1491.215000 676.108000  22.3280   0.0800   0.6110   0.1110   0.0720      0
30299    1505.087000 650.005000  22.4090   0.0980   0.4920   0.1240   0.0720      0
33262    1647.339000 610.862000  22.3640   0.0980   0.6040   0.1260   0.0720      0
31393    1558.153000 526.732000  20.7500   0.0270   0.6930   0.0350   0.0710      0
34159    1691.714000 557.071000  19.8370   0.0280   0.4050   0.0310   0.0710      0
32049    1589.976000 546.447000  20.4790   0.0280   0.6630   0.0430   0.0710      0
32725    1621.721000 796.299000  21.5320   0.0380   1.3740   0.0940   0.0710      0
34261    1697.030000 716.094000  21.6840   0.0400   0.9100   0.0720   0.0710      0
34461    1706.855000 625.569000  21.4530   0.0420   0.4030   0.0580   0.0710      0
33410    1654.786000 586.807000  21.5110   0.0430   0.8300   0.0870   0.0710      0
29975    1487.831000 614.306000  21.4960   0.0440   0.6720   0.0620   0.0710      0
30495    1514.343000 591.103000  21.1210   0.0470   0.9600   0.0620   0.0710      0
32784    1624.318000 605.937000  21.7890   0.0550   0.7160   0.0880   0.0710      0
32580    1614.567000 541.555000  21.6340   0.0580   0.9540   0.0840   0.0710      0
32631    1617.268000 587.522000  22.0130   0.0590   0.8040   0.0940   0.0710      0
32085    1591.665000 731.166000  21.6130   0.0630   0.9490   0.0890   0.0710      0
30513    1515.075000 638.490000  22.1710   0.0700   0.4610   0.0970   0.0710      0
31718    1573.359000 657.866000  22.1150   0.0700   0.4030   0.0980   0.0710      0
32058    1590.295000 618.043000  22.1760   0.0710   0.4460   0.0970   0.0710      0
29093    1443.780000 675.105000  22.1350   0.0790   0.7030   0.1130   0.0710      0
33160    1642.936000 779.291000  22.1160   0.0850   0.7080   0.1250   0.0710      0
30501    1514.591000 650.685000  22.4090   0.0920   0.7210   0.1340   0.0710      0
33568    1662.309000 719.905000  21.8980   0.0990   0.5650   0.1460   0.0710      0
30735    1526.201000 673.706000  22.3190   0.1010   0.6090   0.1420   0.0710      0
34127    1690.219000 742.607000  22.5720   0.1060   0.7670   0.1620   0.0710      0
29497    1463.604000 633.256000  22.5140   0.1120   0.7250   0.1930   0.0710      0
29707    1474.919000 614.095000  22.6410   0.1340   0.7150   0.1870   0.0710      0
30837    1531.430000 663.269000  18.6150   0.0240   2.1880   0.0450   0.0700      0
32034    1589.331000 804.477000  20.9500   0.0290   0.7660   0.0430   0.0700      0
34030    1685.408000 746.106000  21.5120   0.0420   0.5150   0.0590   0.0700      0
28840    1432.039000 687.654000  21.0410   0.0440   1.0450   0.0720   0.0700      0
29487    1463.149000 744.226000  21.3770   0.0470   0.4590   0.0920   0.0700      0
34128    1690.250000 619.170000  21.8540   0.0570   0.5930   0.1040   0.0700      0
30180    1498.621000 746.791000  21.6850   0.0690   0.9190   0.1000   0.0700      0
30932    1535.808000 557.730000  21.8050   0.0700   0.7180   0.1290   0.0700      0
30423    1510.480000 641.170000  22.2170   0.0860   0.5830   0.1310   0.0700      0
31969    1586.042000 610.649000  22.1380   0.0940   0.6880   0.1330   0.0700      0
30765    1527.446000 595.157000  22.2660   0.0970   0.6270   0.1230   0.0700      0
29721    1475.688000 578.180000  20.1530   0.0150   1.7110   0.0270   0.0690      0
30827    1530.733000 637.872000  20.8420   0.0230   1.5280   0.0490   0.0690      0
31698    1572.497000 653.553000  20.8410   0.0280   0.8940   0.0550   0.0690      0
33692    1668.537000 599.163000  20.5570   0.0290   1.4210   0.0470   0.0690      0
33796    1674.341000 768.567000  21.1980   0.0360   0.4970   0.0450   0.0690      0
32191    1596.505000 723.329000  21.2940   0.0370   0.4970   0.0540   0.0690      0
29836    1481.140000 762.278000  21.1380   0.0370   0.9500   0.0570   0.0690      0
31835    1579.315000 674.263000  21.3640   0.0490   0.4850   0.0640   0.0690      0
31062    1542.161000 635.734000  21.7540   0.0500   0.7980   0.0940   0.0690      0
31521    1564.726000 597.442000  20.9650   0.0510   0.9200   0.0840   0.0690      0
29781    1478.481000 541.661000  21.6980   0.0510   1.1450   0.0950   0.0690      0
33206    1644.906000 516.339000  21.1060   0.0570   0.9520   0.0760   0.0690      0
32986    1634.091000 665.061000  21.7970   0.0580   0.7340   0.0830   0.0690      0
31809    1578.248000 603.296000  21.8350   0.0680   0.6780   0.0970   0.0690      0
30600    1518.770000 679.817000  22.0750   0.0710   0.8730   0.1000   0.0690      0
30189    1499.364000 559.863000  22.1620   0.0770   0.7770   0.1200   0.0690      0
29713    1475.375000 534.641000  21.9910   0.0800   0.7420   0.1100   0.0690      0
32154    1594.940000 813.988000  22.0230   0.0810   0.6160   0.1080   0.0690      0
29882    1483.229000 530.585000  22.0130   0.0810   0.6420   0.1090   0.0690      0
32174    1595.799000 554.864000  22.4090   0.0840   0.7490   0.1390   0.0690      0
33057    1638.205000 552.489000  22.2860   0.0880   0.6960   0.1180   0.0690      0
33465    1657.488000 671.423000  21.7870   0.0880   0.7890   0.1200   0.0690      0
29950    1486.949000 526.747000  21.9080   0.0970   0.6350   0.1210   0.0690      0
29048    1442.036000 669.203000  22.3210   0.1020   0.4200   0.1350   0.0690      0
28699    1424.901000 620.643000  22.5290   0.1060   0.7990   0.1690   0.0690      0
34299    1698.822000 755.120000  22.0710   0.1570   0.6430   0.1660   0.0690      0
31962    1585.516000 595.617000  20.4050   0.0200   0.6630   0.0270   0.0680      0
32011    1587.981000 777.093000  20.3400   0.0220   0.7060   0.0550   0.0680      0
30155    1497.167000 651.179000  20.9590   0.0270   0.7080   0.1410   0.0680      0
32359    1604.527000 742.955000  20.6750   0.0430   0.5160   0.0640   0.0680      0
29376    1457.377000 694.462000  21.0190   0.0490   0.9280   0.1200   0.0680      0
32805    1625.297000 651.173000  22.0330   0.0590   0.5830   0.0930   0.0680      0
29872    1482.898000 756.748000  21.5290   0.0630   0.8900   0.0940   0.0680      0
32918    1631.180000 805.078000  22.0030   0.0710   0.8240   0.1060   0.0680      0
31604    1568.765000 518.597000  22.5920   0.1170   0.8440   0.1770   0.0680      0
33412    1654.811000 762.306000  23.2930   0.1770   0.3670   0.2450   0.0680      0
28911    1435.644000 653.040000  21.1360   0.0270   1.4750   0.0800   0.0670      0
31087    1543.535000 510.509000  20.1020   0.0300   0.5700   0.0340   0.0670      0
30582    1517.952000 554.760000  19.4700   0.0300   1.7450   0.0400   0.0670      0
29835    1481.087000 654.625000  21.2170   0.0330   0.5190   0.0420   0.0670      0
31551    1566.212000 637.254000  21.4200   0.0450   0.4820   0.0650   0.0670      0
32477    1609.689000 800.014000  21.4850   0.0480   0.6340   0.0750   0.0670      0
33551    1661.657000 664.687000  22.0320   0.0520   0.9260   0.1020   0.0670      0
29737    1476.382000 735.920000  21.1890   0.0560   0.4700   0.1060   0.0670      0
29254    1451.840000 708.676000  21.8690   0.0570   0.6480   0.0820   0.0670      0
29889    1483.658000 739.110000  22.0680   0.0670   0.9080   0.1080   0.0670      0
29023    1440.737000 637.821000  21.5670   0.0700   0.9800   0.1230   0.0670      0
32069    1590.940000 814.291000  22.2580   0.0710   0.7220   0.1180   0.0670      0
34591    1713.714000 611.123000  21.7450   0.0730   1.2520   0.1400   0.0670      0
32823    1625.936000 684.581000  21.9950   0.0780   0.8380   0.1100   0.0670      0
28997    1439.542000 719.421000  21.9360   0.0810   0.6200   0.1210   0.0670      0
30806    1529.619000 545.195000  22.0110   0.0830   0.8420   0.1200   0.0670      0
31765    1575.919000 681.431000  22.3200   0.0850   0.3890   0.1110   0.0670      0
29415    1459.206000 606.255000  22.4090   0.0960   0.7860   0.1380   0.0670      0
31419    1559.664000 754.443000  22.3770   0.1110   0.7560   0.1580   0.0670      0
30575    1517.715000 627.982000  22.9180   0.1350   0.4910   0.1910   0.0670      0
29125    1445.553000 701.697000  20.3620   0.0220   0.6390   0.0550   0.0660      0
32604    1615.905000 672.090000  20.8880   0.0260   1.6580   0.0680   0.0660      0
34199    1693.898000 631.005000  20.7370   0.0300   0.8470   0.1520   0.0660      0
30276    1503.989000 740.977000  20.7510   0.0320   0.8540   0.1130   0.0660      0
31412    1559.219000 642.082000  20.6020   0.0360   0.7010   0.0840   0.0660      0
33631    1665.554000 706.921000  21.6420   0.0450   1.0220   0.0820   0.0660      0
33742    1671.917000 544.608000  21.6420   0.0450   1.0430   0.0850   0.0660      0
31270    1552.147000 788.125000  21.9740   0.0580   0.8260   0.1110   0.0660      0
30729    1525.971000 549.211000  21.9300   0.0650   0.6290   0.0930   0.0660      0
30304    1505.344000 536.900000  21.9720   0.0650   0.8070   0.1090   0.0660      0
33463    1657.456000 770.558000  21.9760   0.0660   0.5370   0.0830   0.0660      0
32882    1629.531000 799.063000  22.2180   0.0710   0.7610   0.1080   0.0660      0
34255    1696.594000 561.902000  18.6260   0.0090   1.8530   0.0140   0.0650      0
33021    1636.024000 800.852000  20.4000   0.0160   1.5310   0.0400   0.0650      0
29945    1486.606000 582.941000  20.6540   0.0210   0.6700   0.0430   0.0650      0
33158    1642.874000 567.810000  20.6190   0.0220   0.1500   0.0280   0.0650      0
31214    1549.437000 811.305000  20.9540   0.0280   0.6240   0.1700   0.0650      0
33530    1660.538000 519.018000  21.0720   0.0310   0.8450   0.0690   0.0650      0
31688    1572.191000 525.018000  21.5930   0.0400   1.1240   0.1220   0.0650      0
32588    1614.838000 764.229000  21.7890   0.0520   1.1960   0.1000   0.0650      0
33508    1659.626000 630.759000  21.7040   0.0600   0.9650   0.1000   0.0650      0
32316    1602.385000 555.378000  21.8590   0.0690   0.7350   0.0930   0.0650      0
31844    1579.555000 514.695000  21.6500   0.0690   1.0940   0.0970   0.0650      0
29088    1443.636000 651.809000  21.6090   0.0750   1.2190   0.1170   0.0650      0
34666    1717.979000 699.140000  22.5340   0.0950   0.9290   0.1870   0.0650      0
31779    1576.409000 530.736000  22.6080   0.1000   1.0600   0.2170   0.0650      0
29700    1474.505000 732.459000  18.4610   0.0080   1.5760   0.0160   0.0640      0
29410    1458.975000 707.780000  20.6460   0.0170   0.4700   0.0250   0.0640      0
32572    1614.340000 532.111000  20.9550   0.0360   0.7300   0.0430   0.0640      0
31881    1581.599000 683.763000  20.8370   0.0400   0.8650   0.0520   0.0640      0
34257    1696.878000 684.536000  20.8390   0.0440   0.2680   0.0610   0.0640      0
32275    1600.596000 565.761000  22.0230   0.0590   0.9490   0.1200   0.0640      0
29588    1468.767000 623.531000  21.7210   0.0670   1.1130   0.1040   0.0640      0
28907    1435.529000 646.373000  21.8920   0.0680   0.7510   0.0860   0.0640      0
33615    1664.719000 694.604000  21.6060   0.0680   1.1290   0.1020   0.0640      0
29704    1474.692000 649.057000  22.2270   0.0760   0.8090   0.1070   0.0640      0
30523    1515.485000 714.668000  22.1340   0.0910   0.8910   0.1250   0.0640      0
32804    1625.278000 591.192000  22.0460   0.1090   0.8680   0.1560   0.0640      0
33185    1644.017000 537.865000  22.6900   0.1090   1.0310   0.2200   0.0640      0
31505    1563.709000 760.992000  22.6750   0.1120   0.9200   0.1850   0.0640      0
30378    1508.806000 610.833000  19.8670   0.0160   0.4110   0.0300   0.0630      0
33203    1644.875000 702.707000  20.7370   0.0210   0.6320   0.0300   0.0630      0
32075    1591.106000 718.575000  21.1770   0.0270   0.9510   0.0550   0.0630      0
32540    1613.166000 655.504000  20.7740   0.0290   0.7240   0.0370   0.0630      0
34109    1689.433000 643.841000  21.0070   0.0290   0.6530   0.0990   0.0630      0
29289    1453.498000 627.389000  21.4680   0.0420   1.4090   0.0980   0.0630      0
32905    1630.651000 607.116000  21.0790   0.0430   0.7920   0.0620   0.0630      0
30623    1520.471000 795.559000  21.4740   0.0450   0.7980   0.0610   0.0630      0
34404    1704.032000 598.833000  21.8590   0.0560   0.7610   0.0920   0.0630      0
31965    1585.734000 495.975000  21.8920   0.0640   0.7740   0.0910   0.0630      0
31133    1545.421000 503.699000  22.1170   0.0680   0.9250   0.1100   0.0630      0
35047    1737.155000 649.012000  22.7160   0.1160   1.1670   0.2300   0.0630      0
32869    1628.811000 527.180000  18.8880   0.0060   1.8950   0.0160   0.0620      0
32744    1622.648000 698.554000  20.4690   0.0220   0.7350   0.0530   0.0620      0
33151    1642.747000 519.520000  20.5590   0.0250   0.5960   0.0350   0.0620      0
30606    1519.376000 633.526000  20.9700   0.0260   0.4820   0.0860   0.0620      0
34147    1691.384000 757.625000  21.0750   0.0280   0.7560   0.0460   0.0620      0
28763    1428.427000 642.423000  20.9780   0.0290   0.5600   0.0750   0.0620      0
33515    1659.874000 696.843000  21.2340   0.0320   0.5390   0.0450   0.0620      0
29015    1440.390000 579.940000  21.1800   0.0370   0.9590   0.0710   0.0620      0
33092    1639.926000 709.070000  21.5770   0.0400   1.0750   0.0740   0.0620      0
31260    1551.697000 718.050000  19.1480   0.0450   0.5800   0.0510   0.0620      0
32175    1595.851000 541.683000  21.7270   0.0490   0.9310   0.0730   0.0620      0
32504    1611.283000 534.301000  21.4170   0.0510   0.5180   0.0700   0.0620      0
31893    1582.090000 708.550000  21.7900   0.0530   0.8360   0.0830   0.0620      0
30431    1510.846000 548.886000  21.5320   0.0560   1.2370   0.0980   0.0620      0
31870    1581.178000 554.061000  22.2650   0.0820   0.8130   0.1360   0.0620      0
31447    1561.021000 647.213000  20.2970   0.0160   0.6270   0.0220   0.0610      0
34410    1704.230000 561.212000  22.0920   0.0610   0.9730   0.1210   0.0610      0
29656    1472.209000 641.210000  21.7620   0.0740   1.1230   0.1400   0.0610      0
31106    1544.317000 757.746000  22.2880   0.0950   0.8320   0.1380   0.0610      0
33634    1665.841000 614.145000  18.7490   0.0070   1.8500   0.0150   0.0600      0
33102    1640.365000 529.807000  20.7480   0.0220   0.3650   0.0310   0.0600      0
29637    1471.497000 561.781000  21.1330   0.0270   0.6890   0.0370   0.0600      0
34053    1686.716000 616.104000  20.8580   0.0300   0.8450   0.0450   0.0600      0
29265    1452.342000 636.300000  21.0290   0.0300   0.7130   0.0540   0.0600      0
32368    1604.891000 683.956000  20.4200   0.0300   0.7780   0.0600   0.0600      0
32183    1596.161000 673.327000  19.7320   0.0330   0.4990   0.0400   0.0600      0
31190    1548.161000 765.965000  21.8260   0.0490   0.8300   0.0810   0.0600      0
29421    1459.744000 595.084000  21.4470   0.0500   1.7710   0.1410   0.0600      0
30816    1530.224000 535.136000  21.7850   0.0540   0.8630   0.0880   0.0600      0
31196    1548.472000 783.012000  21.9260   0.0550   0.8520   0.1080   0.0600      0
32036    1589.408000 695.304000  21.4460   0.0610   0.5750   0.0710   0.0600      0
31228    1550.103000 631.744000  22.1550   0.0720   0.9260   0.1060   0.0600      0
32322    1602.602000 711.771000  22.2220   0.0820   0.8660   0.1220   0.0600      0
29762    1477.353000 751.296000  21.8510   0.0930   0.8830   0.1280   0.0600      0
33975    1682.671000 645.779000  21.1100   0.0230   0.7550   0.0410   0.0590      0
31885    1581.823000 727.750000  20.3770   0.0260   0.7580   0.1160   0.0590      0
31878    1581.527000 638.610000  20.7380   0.0280   0.9710   0.1840   0.0590      0
33519    1660.118000 535.641000  21.0610   0.0420   0.7210   0.0570   0.0590      0
31795    1577.530000 571.799000  21.8670   0.0470   0.8410   0.0850   0.0590      0
33852    1677.176000 675.747000  20.7520   0.0520   0.9660   0.0720   0.0590      0
32171    1595.592000 521.555000  21.8360   0.0580   0.8470   0.0930   0.0590      0
28837    1431.929000 710.873000  22.0260   0.0720   0.9910   0.1200   0.0590      0
34031    1685.489000 718.220000  21.4280   0.0800   0.6680   0.0930   0.0590      0
29057    1442.339000 602.399000  22.5330   0.0840   1.3000   0.2160   0.0590      0
31957    1585.234000 561.410000  21.0400   0.1010   0.3720   0.1050   0.0590      0
30420    1510.415000 754.522000  21.0030   0.0310   0.6670   0.0450   0.0580      0
32089    1591.951000 601.282000  20.5930   0.0310   0.6460   0.0460   0.0580      0
30473    1513.048000 581.293000  21.2230   0.0360   0.9590   0.0540   0.0580      0
32868    1628.606000 767.865000  21.4690   0.0410   1.2570   0.0780   0.0580      0
30034    1491.298000 541.207000  21.4440   0.0490   0.6690   0.0650   0.0580      0
29054    1442.252000 611.272000  21.7620   0.0490   1.0780   0.0920   0.0580      0
34907    1729.737000 699.514000  21.9040   0.0580   0.8820   0.0920   0.0580      0
33030    1636.455000 795.219000  22.0180   0.0740   1.0150   0.1350   0.0580      0
28893    1434.715000 661.198000  22.4350   0.0920   0.9600   0.1830   0.0580      0
30478    1513.364000 555.125000  19.7470   0.0190   0.5830   0.0220   0.0570      0
33828    1675.763000 617.635000  21.1320   0.0300   0.7490   0.0680   0.0570      0
34251    1696.205000 753.568000  20.7170   0.0450   1.5670   0.1130   0.0570      0
33444    1656.590000 664.722000  21.7830   0.0490   1.0450   0.1470   0.0570      0
32833    1626.440000 777.839000  21.4270   0.0590   0.6270   0.1490   0.0570      0
30938    1536.125000 790.229000  21.9040   0.0690   0.9150   0.0970   0.0570      0
33175    1643.565000 723.964000  22.0950   0.0890   1.0020   0.1380   0.0570      0
29783    1478.537000 549.512000  20.1360   0.0160   0.7000   0.0210   0.0560      0
31500    1563.590000 522.025000  20.2940   0.0190   1.5830   0.0420   0.0560      0
28955    1437.847000 715.501000  21.0140   0.0300   0.5990   0.0410   0.0560      0
31350    1556.233000 576.804000  21.1730   0.0320   0.7300   0.0500   0.0560      0
29259    1451.975000 593.760000  20.9390   0.0330   0.6320   0.0430   0.0560      0
28775    1428.950000 637.992000  21.1820   0.0340   0.7070   0.0470   0.0560      0
32667    1618.952000 638.447000  21.4440   0.0360   0.7340   0.0620   0.0560      0
32018    1588.264000 791.258000  21.1280   0.0380   0.6850   0.0520   0.0560      0
31540    1565.860000 612.378000  20.7620   0.0410   0.6450   0.0470   0.0560      0
29123    1445.421000 631.809000  21.8140   0.0570   1.1380   0.1090   0.0560      0
33566    1662.269000 769.547000  22.3210   0.0920   0.9050   0.1520   0.0560      0
32857    1628.049000 789.335000  20.1710   0.0180   0.6170   0.0230   0.0550      0
29331    1455.537000 631.403000  20.5160   0.0220   0.9410   0.0860   0.0550      0
34576    1713.084000 581.528000  21.3190   0.0280   0.6080   0.0420   0.0550      0
33115    1640.799000 770.306000  21.3040   0.0330   0.6110   0.0600   0.0550      0
31043    1541.323000 654.114000  21.1210   0.0340   1.3910   0.1640   0.0550      0
29558    1467.485000 544.599000  21.0110   0.0380   0.6120   0.0470   0.0550      0
34353    1701.278000 573.834000  20.2710   0.0390   0.8380   0.0430   0.0550      0
34002    1683.896000 571.563000  21.4950   0.0460   0.9320   0.0720   0.0550      0
33587    1663.363000 774.529000  21.5050   0.0490   0.9620   0.0790   0.0550      0
28999    1439.726000 729.132000  21.8370   0.0610   0.9160   0.0950   0.0550      0
29532    1465.697000 749.685000  21.8870   0.0610   1.4680   0.2000   0.0550      0
33286    1649.041000 731.351000  21.8970   0.0620   0.9400   0.0900   0.0550      0
34231    1695.491000 651.235000  21.9360   0.0720   1.0190   0.1590   0.0550      0
34186    1693.154000 547.051000  22.3580   0.0730   0.9400   0.1530   0.0550      0
30009    1489.682000 735.711000  22.5100   0.1020   1.2590   0.1800   0.0550      0
32576    1614.477000 646.688000  22.8930   0.1250   0.6990   0.2110   0.0550      0
29741    1476.573000 771.819000  20.8050   0.0230   0.7870   0.0410   0.0540      0
32423    1607.162000 647.785000  20.8600   0.0330   0.3460   0.0390   0.0540      0
29581    1468.373000 698.532000  20.9420   0.0340   0.4970   0.0460   0.0540      0
34038    1685.796000 582.493000  21.4530   0.0390   0.8340   0.0570   0.0540      0
30736    1526.201000 785.861000  21.2960   0.0390   0.6310   0.0780   0.0540      0
33108    1640.613000 639.647000  21.5080   0.0440   0.9770   0.0720   0.0540      0
30209    1500.211000 698.977000  20.7610   0.0490   0.4790   0.0760   0.0540      0
30980    1538.157000 569.716000  21.0750   0.0510   0.6760   0.0770   0.0540      0
29829    1480.649000 694.051000  21.2060   0.0560   0.9040   0.0780   0.0540      0
31838    1579.378000 621.319000  21.1870   0.0760   0.8580   0.0870   0.0540      0
28819    1431.103000 632.810000  21.1540   0.1010   0.5730   0.1140   0.0540      0
28846    1432.164000 651.047000  22.8280   0.1130   0.8090   0.1660   0.0540      0
31971    1586.132000 664.238000  20.9290   0.0310   0.4080   0.0380   0.0530      0
33668    1667.368000 677.310000  20.4910   0.0320   0.7320   0.0470   0.0530      0
31675    1571.628000 581.799000  21.2710   0.0350   0.6180   0.0470   0.0530      0
32627    1617.055000 692.933000  21.2200   0.0350   0.7060   0.0560   0.0530      0
29526    1465.280000 615.917000  22.4270   0.0830   1.0500   0.1720   0.0530      0
34515    1710.069000 688.658000  20.7380   0.0220   0.4680   0.0270   0.0520      0
34620    1715.100000 724.317000  21.2420   0.0290   0.8930   0.0510   0.0520      0
33392    1654.184000 728.347000  21.2600   0.0340   0.6900   0.0490   0.0520      0
29886    1483.326000 577.916000  21.2460   0.0350   0.7060   0.0480   0.0520      0
34286    1698.313000 696.469000  21.8560   0.0530   0.9530   0.0850   0.0520      0
34068    1687.237000 676.446000  21.8830   0.0610   0.9660   0.0940   0.0520      0
33492    1658.762000 588.217000  22.0190   0.0690   1.1250   0.1470   0.0520      0
28807    1430.281000 630.146000  21.9840   0.0770   1.5430   0.2460   0.0520      0
29175    1447.753000 714.958000  22.3760   0.0960   1.0120   0.1660   0.0520      0
34887    1728.721000 668.871000  21.9510   0.1200   1.2950   0.1980   0.0520      0
30793    1528.506000 506.314000  20.4680   0.0170   0.8580   0.0740   0.0510      0
30911    1534.655000 753.003000  20.5860   0.0220   0.3110   0.0280   0.0510      0
30711    1524.881000 734.681000  20.7780   0.0220   0.5540   0.0290   0.0510      0
29432    1460.641000 658.796000  21.2520   0.0340   0.7290   0.0630   0.0510      0
33843    1676.761000 704.609000  19.7900   0.0410   1.7920   0.0510   0.0510      0
33052    1637.985000 608.269000  21.2190   0.0410   0.7770   0.0630   0.0510      0
32782    1624.275000 587.257000  21.3280   0.0480   0.7160   0.0660   0.0510      0
32536    1612.957000 555.780000  21.3780   0.0480   0.7220   0.0690   0.0510      0
33186    1644.040000 580.308000  21.2920   0.0560   0.7180   0.0720   0.0510      0
32978    1633.761000 637.648000  21.8800   0.0600   1.2070   0.1420   0.0510      0
29362    1456.847000 676.844000  21.1550   0.0310   0.8060   0.0470   0.0500      0
30106    1494.823000 745.192000  20.9180   0.0370   0.5980   0.0460   0.0500      0
30118    1495.303000 636.425000  21.3530   0.0380   0.7280   0.0580   0.0500      0
30046    1491.675000 714.433000  21.3430   0.0390   0.7730   0.0590   0.0500      0
33734    1671.523000 556.939000  21.4090   0.0460   0.8150   0.0690   0.0500      0
33017    1635.844000 673.646000  21.3600   0.0500   0.7620   0.0710   0.0500      0
31238    1550.772000 622.858000  21.0330   0.0670   0.5100   0.0780   0.0500      0
33592    1663.637000 735.329000  21.9560   0.0690   1.3310   0.1610   0.0500      0
31295    1553.145000 620.364000  21.0870   0.0730   0.5030   0.0910   0.0500      0
32915    1631.007000 742.333000  22.0000   0.0780   1.1880   0.1630   0.0500      0
28554    1418.550000 675.631000  20.2850   0.0170   0.9450   0.0970   0.0490      0
30893    1533.849000 570.130000  20.1510   0.0190   0.4570   0.0310   0.0490      0
33470    1657.715000 704.366000  20.8020   0.0200   0.5860   0.0300   0.0490      0
34092    1688.544000 553.337000  20.8710   0.0280   0.8090   0.0450   0.0490      0
32095    1592.161000 757.412000  20.0220   0.0330   0.5120   0.0400   0.0490      0
32001    1587.655000 747.216000  21.2410   0.0410   0.8120   0.0640   0.0490      0
32550    1613.512000 663.441000  20.6740   0.0420   1.1550   0.1070   0.0490      0
30620    1520.359000 685.393000  21.3050   0.0430   0.7740   0.0650   0.0490      0
31757    1575.431000 525.158000  20.7840   0.0480   0.6140   0.0540   0.0490      0
31903    1582.619000 525.652000  21.8480   0.0490   1.0900   0.0980   0.0490      0
33585    1663.311000 558.540000  22.2440   0.0740   0.9970   0.1400   0.0490      0
34819    1725.407000 632.223000  21.3730   0.0820   0.8370   0.1000   0.0490      0
31293    1553.029000 812.113000  22.1720   0.0830   1.5000   0.1710   0.0490      0
31395    1558.223000 608.333000  20.8270   0.0260   0.3770   0.0380   0.0480      0
30787    1528.175000 577.931000  20.8830   0.0270   0.7900   0.1190   0.0480      0
30510    1514.961000 739.223000  21.0370   0.0380   0.5030   0.0650   0.0480      0
29395    1458.453000 549.558000  21.4670   0.0440   1.0850   0.0730   0.0480      0
33916    1679.984000 560.089000  21.4610   0.0500   0.9470   0.0740   0.0480      0
30552    1516.658000 613.405000  21.2280   0.0500   1.0280   0.0810   0.0480      0
33695    1668.995000 680.350000  20.9130   0.0710   0.5280   0.0780   0.0480      0
32810    1625.431000 704.604000  21.4180   0.0460   0.8730   0.0850   0.0470      0
31737    1574.233000 593.350000  21.3370   0.0520   0.8190   0.0640   0.0470      0
31537    1565.723000 653.737000  22.0750   0.0800   1.3070   0.1870   0.0470      0
34308    1699.368000 569.495000  22.0300   0.1030   1.2590   0.1530   0.0470      0
34211    1694.648000 689.925000  21.4050   0.0330   0.8620   0.0560   0.0460      0
34190    1693.325000 614.808000  21.2560   0.0360   0.9900   0.0580   0.0460      0
32136    1594.062000 727.631000  20.8960   0.0380   0.7540   0.0470   0.0460      0
30933    1535.856000 705.393000  21.3430   0.0600   0.8460   0.0830   0.0460      0
33029    1636.429000 597.685000  22.2860   0.0820   1.4550   0.2080   0.0460      0
29930    1485.858000 701.154000  20.2730   0.0290   0.5040   0.0750   0.0450      0
30033    1491.292000 684.509000  21.1070   0.0330   0.4830   0.0420   0.0450      0
29840    1481.302000 564.832000  21.1370   0.0340   0.5590   0.0440   0.0450      0
33875    1678.181000 592.220000  20.6910   0.0360   1.1880   0.0580   0.0450      0
29943    1486.592000 752.238000  21.2890   0.0480   0.8790   0.0690   0.0450      0
33425    1655.463000 744.865000  21.1630   0.0570   1.1590   0.0760   0.0450      0
33694    1668.972000 643.989000  22.3320   0.0790   1.1180   0.1610   0.0450      0
29642    1471.686000 635.317000  22.3680   0.0990   1.1580   0.1490   0.0450      0
28563    1418.806000 670.576000  21.2830   0.0360   0.9160   0.0840   0.0440      0
29724    1475.758000 592.901000  21.2970   0.0370   0.8810   0.0570   0.0440      0
31462    1561.618000 732.302000  21.3690   0.0430   0.8740   0.0690   0.0440      0
32954    1632.814000 577.023000  20.8160   0.0450   0.6470   0.0580   0.0440      0
34902    1729.494000 640.365000  20.8030   0.0260   0.4890   0.0310   0.0430      0
29786    1478.655000 705.056000  20.8970   0.0410   1.3970   0.1120   0.0420      0
31292    1553.011000 660.476000  21.4280   0.0430   1.0330   0.0670   0.0420      0
34989    1734.252000 679.860000  20.9110   0.0520   1.2840   0.1320   0.0420      0
31890    1582.043000 790.276000  20.8910   0.0340   0.6510   0.0600   0.0410      0
29470    1462.431000 593.249000  20.1750   0.0500   0.6200   0.0570   0.0410      0
29038    1441.669000 627.562000  22.2110   0.0840   1.3040   0.1400   0.0410      0
29135    1445.781000 727.996000  22.1740   0.0620   1.2340   0.1500   0.0400      0
29299    1453.890000 740.468000  21.2240   0.0350   1.2990   0.0720   0.0390      0
32842    1627.146000 513.164000  21.3940   0.0370   1.0180   0.0670   0.0390      0
32244    1598.901000 504.697000  20.5400   0.0170   0.8540   0.0850   0.0370      0
30243    1502.162000 548.931000  20.8630   0.0220   0.7390   0.0330   0.0370      0
32195    1596.726000 736.249000  21.3630   0.0330   0.9390   0.0560   0.0370      0
33482    1658.386000 623.273000  21.3810   0.0380   1.0600   0.0640   0.0370      0
28820    1431.176000 607.120000  21.3290   0.0440   1.4700   0.0810   0.0330      0
32162    1595.334000 779.720000  18.7890   0.0090   1.7350   0.0330   0.0320      0
29552    1467.063000 634.985000  21.3060   0.0370   1.2530   0.0690   0.0310      0
30197    1499.835000 612.382000  21.3330   0.0390   1.1490   0.0650   0.0310      0
