#mag    e_mag    col1   e_col1    m_ini
20.2577    0.0715   1.7693   0.1427   4.6585
20.9994    0.1109   2.1489   0.1866   2.3668
20.3815    0.0694   1.5870   0.1401   4.7122
20.9940    0.1083   1.9299   0.1839   2.3883
20.2662    0.0703   1.6952   0.1411   4.6907
20.2821    0.0690   1.8968   0.1396   4.7229
20.2045    0.0681   2.0260   0.1385   4.7464
20.6177    0.0929   1.6450   0.1675   2.5037
20.2556    0.0689   1.5056   0.1394   4.7265
20.3574    0.0685   2.1385   0.1390   4.7350
20.2105    0.0653   1.8611   0.1350   4.8000
20.2241    0.0646   1.6833   0.1340   4.8138
20.1944    0.0653   1.9182   0.1350   4.8000
20.0347    0.0617   1.6809   0.1302   4.8690
20.0199    0.0607   1.7256   0.1289   4.9287
20.1221    0.0611   1.7269   0.1294   4.8802
20.1998    0.0624   1.6263   0.1312   4.8552
20.1547    0.0601   1.4961   0.1281   4.8947
20.6549    0.0845   1.7136   0.1581   2.5660
20.6449    0.0892   1.9392   0.1635   2.5313
20.6405    0.0816   1.6679   0.1548   2.5854
20.7597    0.0874   1.5887   0.1615   2.5451
19.8567    0.0547   1.8159   0.1208   5.0623
20.7453    0.0892   1.5507   0.1635   2.5313
19.8228    0.0505   1.5135   0.1149   5.0229
20.4415    0.0790   1.7684   0.1518   2.6034
19.7677    0.0507   1.7045   0.1151   5.1768
19.9143    0.0539   1.6258   0.1197   4.9805
19.8829    0.0566   1.5971   0.1234   4.9459
20.2079    0.0706   1.4697   0.1416   2.6566
19.8846    0.0519   1.3299   0.1169   5.0063
19.7676    0.0512   1.4280   0.1158   5.0901
19.8234    0.0525   1.6233   0.1176   5.1051
19.7564    0.0550   1.7340   0.1212   4.9667
20.1900    0.0658   1.3591   0.1356   2.6879
20.0025    0.0572   1.6294   0.1242   4.9390
20.2307    0.0696   1.3787   0.1403   2.6635
20.0060    0.0580   1.5123   0.1252   2.7417
20.0199    0.0580   1.3276   0.1252   2.7417
19.9738    0.0553   1.7403   0.1215   2.7618
19.1636    0.0350   1.5005   0.0909   5.5166
19.1923    0.0354   1.4537   0.0914   5.5136
19.7267    0.0475   1.5554   0.1105   5.0606
19.7124    0.0456   1.6723   0.1076   5.2249
19.8931    0.0514   1.4422   0.1161   2.7926
19.6631    0.0467   1.5084   0.1092   5.0706
19.3981    0.0400   1.4288   0.0990   5.3377
20.2142    0.0633   1.6645   0.1323   2.7045
19.7359    0.0475   1.6250   0.1105   5.0606
19.9184    0.0580   1.5625   0.1252   2.7417
19.7354    0.0487   1.3931   0.1123   5.0450
19.4150    0.0410   1.2766   0.1005   2.8934
19.4715    0.0403   1.1952   0.0995   5.1539
19.4506    0.0410   1.3736   0.1005   2.8934
19.5113    0.0433   1.3679   0.1041   2.8689
19.4862    0.0410   1.1574   0.1005   2.8934
19.5039    0.0423   1.3159   0.1026   2.8788
19.7315    0.0492   1.3932   0.1130   2.8114
19.7156    0.0472   1.3989   0.1100   2.8300
19.0158    0.0326   1.3869   0.0866   5.5472
19.2437    0.0353   1.4226   0.0912   5.3737
19.3791    0.0410   1.3748   0.1005   2.8934
19.5538    0.0462   1.2518   0.1086   2.8394
19.7890    0.0492   1.2631   0.1130   2.8114
19.6115    0.0462   1.3347   0.1086   2.8394
19.5208    0.0442   1.1599   0.1056   2.8590
19.5318    0.0433   1.2785   0.1041   2.8689
19.4083    0.0401   1.3509   0.0992   2.9028
18.5348    0.0243   1.2136   0.0711   5.8484
19.1383    0.0330   0.9862   0.0873   2.9909
18.7879    0.0277   1.3476   0.0777   5.6692
19.0620    0.0328   1.0811   0.0869   2.9941
18.9653    0.0305   1.3180   0.0830   5.5898
19.1300    0.0335   0.9976   0.0881   2.9845
19.0737    0.0324   1.3000   0.0862   5.2757
19.2054    0.0349   1.1105   0.0906   2.9652
18.9552    0.0306   1.2312   0.0832   5.3051
19.0882    0.0328   1.1718   0.0869   2.9941
18.7017    0.0270   1.1949   0.0764   5.7362
18.9827    0.0305   0.9369   0.0830   3.0271
18.5772    0.0244   1.1766   0.0714   5.7487
19.0327    0.0320   1.0045   0.0857   3.0043
18.6384    0.0256   1.0066   0.0736   5.5464
18.5544    0.0249   0.8188   0.0723   5.4716
18.7320    0.0276   0.8518   0.0775   3.0777
18.6705    0.0269   0.7203   0.0762   3.0904
18.4977    0.0236   0.9241   0.0698   5.8000
18.6475    0.0258   1.0682   0.0741   5.5031
18.3498    0.0214   0.7646   0.0652   5.9087
18.5223    0.0241   0.5221   0.0707   3.1643
18.5722    0.0244   0.5508   0.0712   3.1548
18.4807    0.0238   0.6715   0.0701   5.4525
18.4528    0.0234   0.5234   0.0692   5.4674
18.0859    0.0187   0.6610   0.0591   6.1180
17.8884    0.0168   0.6860   0.0545   6.2606
18.5458    0.0243   0.4111   0.0710   3.1580
18.5992    0.0244   0.9464   0.0714   5.4338
18.1361    0.0192   0.6709   0.0603   6.0728
18.5910    0.0249   0.6302   0.0723   3.1386
18.3248    0.0217   0.2138   0.0657   5.6937
17.9442    0.0175   0.5211   0.0562   6.2692
18.1666    0.0197   0.5344   0.0613   6.0288
18.4594    0.0229   0.3651   0.0683   3.2386
17.9699    0.0178   0.4087   0.0571   6.2353
18.2148    0.0202   0.4827   0.0624   5.9766
17.8597    0.0168   0.4373   0.0547   6.3064
18.4737    0.0229   0.1034   0.0683   3.2837
17.7264    0.0154   0.3118   0.0512   6.4459
18.4694    0.0229   0.2064   0.0682   3.2641
18.4767    0.0230   0.2618   0.0684   3.2331
17.7722    0.0159   0.2963   0.0524   6.5405
18.4004    0.0223   0.1224   0.0670   5.7233
18.4983    0.0234   0.2096   0.0693   3.3330
18.1092    0.0191   0.3640   0.0600   6.2079
18.6025    0.0247  -0.0612   0.0718   3.3812
17.8341    0.0163  -0.0108   0.0533   6.7490
18.4816    0.0231   0.0415   0.0687   3.3100
18.2902    0.0211   0.2227   0.0643   6.1309
18.5795    0.0244  -0.0132   0.0714   3.3742
18.5143    0.0237   0.0339   0.0699   3.3494
18.6936    0.0263   0.0246   0.0751   3.4142
18.2589    0.0208   0.2654   0.0638   6.3293
18.0477    0.0187   0.3046   0.0590   6.5939
18.2980    0.0211   0.2610   0.0643   6.2806
17.8718    0.0167   0.2026   0.0543   6.6180
17.9287    0.0172   0.0592   0.0556   6.7999
18.7171    0.0268   0.0047   0.0760   3.4216
18.9963    0.0312   0.0207   0.0842   3.5488
18.9876    0.0310   0.0310   0.0839   3.5599
18.4521    0.0226   0.3516   0.0675   6.4846
18.4404    0.0229   0.3502   0.0682   6.4375
17.9434    0.0177   0.1463   0.0567   6.7302
17.9055    0.0172   0.2354   0.0557   6.8189
18.9411    0.0308  -0.0671   0.0834   3.5021
18.1488    0.0195   0.0742   0.0610   7.2622
18.2823    0.0211   0.3689   0.0644   6.5764
18.5759    0.0243   0.0943   0.0712   6.4093
18.3386    0.0219   0.3303   0.0661   6.5315
18.1592    0.0196  -0.1672   0.0611   7.4613
17.8613    0.0170   0.1087   0.0551   6.9708
17.8991    0.0171   0.0450   0.0553   7.0401
17.9018    0.0170   0.0092   0.0551   7.0127
18.4027    0.0226   0.1447   0.0675   6.6258
18.6129    0.0250   0.0487   0.0724   6.4798
17.9151    0.0174  -0.0388   0.0560   7.0808
18.9737    0.0313  -0.1276   0.0843   3.8782
18.9490    0.0309  -0.1872   0.0837   3.8132
18.2344    0.0203   0.3129   0.0627   6.8595
18.6020    0.0249   0.3218   0.0724   6.5993
18.9543    0.0306  -0.1591   0.0831   3.9922
18.2382    0.0202  -0.1818   0.0624   7.8928
19.0058    0.0310  -0.1013   0.0838   3.9342
18.2786    0.0202  -0.2022   0.0625   7.8929
18.3177    0.0211   0.2713   0.0644   6.9010
18.9313    0.0309  -0.1959   0.0837   3.9454
18.1934    0.0200  -0.2076   0.0619   7.9517
18.1818    0.0197  -0.1155   0.0613   7.8657
18.8622    0.0297  -0.2161   0.0814   4.0838
18.8763    0.0297  -0.0750   0.0814   4.0838
18.2321    0.0199  -0.1877   0.0618   8.0153
18.1122    0.0191  -0.1288   0.0600   7.8887
18.1019    0.0192  -0.1365   0.0602   8.2535
18.1566    0.0195  -0.1864   0.0610   8.0237
18.8321    0.0288  -0.0872   0.0799   4.1697
18.8037    0.0281  -0.2147   0.0785   4.2556
18.1174    0.0192  -0.1554   0.0602   8.1182
17.8560    0.0168   0.0244   0.0545   7.4857
18.1043    0.0190   0.3106   0.0599   7.2908
17.9826    0.0176  -0.0811   0.0566   7.7748
18.0905    0.0192  -0.1204   0.0602   8.1654
17.9965    0.0181  -0.2006   0.0578   8.6402
18.1119    0.0189  -0.1855   0.0595   7.9652
18.0186    0.0184  -0.1984   0.0584   8.5328
17.8388    0.0163   0.0393   0.0534   7.7131
17.8669    0.0166   0.1472   0.0543   7.6068
18.6143    0.0258  -0.2143   0.0742   4.5349
18.6399    0.0257  -0.2718   0.0739   4.5564
18.0347    0.0184  -0.2907   0.0585   8.3888
18.6563    0.0255  -0.2854   0.0735   4.5779
18.5830    0.0251  -0.0406   0.0726   4.6423
18.6408    0.0254  -0.2131   0.0732   4.5993
18.0187    0.0177  -0.1383   0.0568   8.3769
18.6187    0.0252  -0.2355   0.0729   4.6208
17.8876    0.0169  -0.1653   0.0548   9.1772
18.5612    0.0242  -0.2527   0.0709   4.7712
18.5815    0.0246  -0.2706   0.0718   4.7067
18.5278    0.0243  -0.2575   0.0712   4.7497
17.8094    0.0160  -0.3133   0.0527   9.5853
17.9378    0.0177  -0.1887   0.0567   8.3556
18.5277    0.0239  -0.2713   0.0703   4.8141
17.7902    0.0161  -0.2318   0.0529   9.5424
18.3971    0.0229  -0.2060   0.0682   4.9860
17.9173    0.0172  -0.2244   0.0556   8.9839
18.4728    0.0233  -0.1875   0.0690   4.9215
17.6577    0.0151  -0.2250   0.0504  10.0794
18.4399    0.0227  -0.1783   0.0679   5.0075
17.6605    0.0152  -0.1676   0.0506  10.0364
17.8781    0.0167  -0.1985   0.0545   9.1575
17.8569    0.0167  -0.2486   0.0545   9.1575
18.3739    0.0220  -0.3452   0.0664   5.1364
18.3263    0.0215  -0.3264   0.0654   5.2223
18.2957    0.0214  -0.1966   0.0652   5.2438
18.3043    0.0213  -0.3107   0.0649   5.2652
17.6464    0.0149  -0.2288   0.0500  10.1653
18.2920    0.0209  -0.3176   0.0640   5.3512
18.3187    0.0210  -0.3158   0.0642   5.3297
18.2415    0.0204  -0.3652   0.0629   5.4586
17.4573    0.0138  -0.3479   0.0470  10.9171
17.7609    0.0157  -0.2512   0.0519   9.6498
17.5298    0.0140  -0.2409   0.0475  10.7668
17.6728    0.0151  -0.2386   0.0505   9.9935
17.6167    0.0147  -0.2825   0.0492  10.2942
17.7154    0.0154  -0.3789   0.0511   9.7787
17.5358    0.0142  -0.2591   0.0480  10.5949
17.6678    0.0154  -0.1828   0.0510   9.7787
17.3121    0.0127  -0.2986   0.0440  11.7549
17.4861    0.0140  -0.2143   0.0475  10.7453
17.4286    0.0134  -0.2970   0.0460  11.1534
17.3242    0.0129  -0.3320   0.0444  11.6045
18.0285    0.0180  -0.3675   0.0575   6.0386
17.3543    0.0129  -0.3163   0.0446  11.5616
17.9070    0.0174  -0.3016   0.0560   6.2104
17.9451    0.0175  -0.3298   0.0564   6.1674
17.4425    0.0136  -0.2527   0.0463  10.9816
17.2294    0.0122  -0.3294   0.0425  12.1845
17.9121    0.0171  -0.3677   0.0553   6.2963
17.2012    0.0120  -0.3419   0.0420  12.3564
17.8523    0.0165  -0.2986   0.0539   6.4757
17.3392    0.0128  -0.2748   0.0442  11.6120
17.8198    0.0161  -0.3367   0.0530   6.6045
17.8296    0.0163  -0.3622   0.0535   6.5401
17.3137    0.0128  -0.3227   0.0443  11.4831
17.7572    0.0158  -0.3788   0.0521   6.7334
17.6921    0.0154  -0.4346   0.0512   6.8623
17.6611    0.0151  -0.3442   0.0504   6.9912
17.6441    0.0149  -0.4254   0.0499   7.0637
17.5980    0.0147  -0.4328   0.0494   7.1375
16.9317    0.0107  -0.3643   0.0380  13.8251
17.5479    0.0142  -0.3965   0.0481   7.3588
17.5181    0.0141  -0.3752   0.0477   7.4326
17.4513    0.0136  -0.4061   0.0464   7.6539
17.4817    0.0139  -0.4572   0.0473   7.5063
16.9677    0.0108  -0.3819   0.0384  13.4583
16.7191    0.0097  -0.4154   0.0348  15.2454
16.5880    0.0093  -0.4507   0.0334  15.9333
16.7837    0.0101  -0.4072   0.0360  14.5446
17.3157    0.0127  -0.4385   0.0439   8.1334
17.2674    0.0125  -0.3899   0.0434   8.2408
16.7012    0.0097  -0.4708   0.0347  15.2105
17.2156    0.0120  -0.4421   0.0420   8.5630
17.1306    0.0117  -0.4834   0.0410   8.7779
17.0908    0.0115  -0.4213   0.0406   8.8853
17.0355    0.0111  -0.5186   0.0393   9.2075
16.3741    0.0085  -0.4215   0.0306  17.5557
16.8971    0.0105  -0.5357   0.0373   9.7445
16.1292    0.0078  -0.4789   0.0279  19.4890
16.1770    0.0080  -0.5733   0.0285  18.9520
16.0424    0.0076  -0.4977   0.0270  20.1334
16.6062    0.0094  -0.5035   0.0336  10.9260
16.0679    0.0076  -0.5181   0.0271  19.8526
