#ID x y mag e_mag col1 e_col1 memb_prob sel
82116    5670.707000 1140.700000  19.1300   0.0110   1.2650   0.0160   0.8400      1
80933    5588.151000 1377.331000  19.2130   0.0090   1.3080   0.0130   0.8250      1
82249    5679.406000 1330.589000  19.1250   0.0110   1.3490   0.0170   0.8090      1
81089    5598.967000 1317.747000  20.0840   0.0110   0.6140   0.0160   0.7820      1
80900    5585.288000 1371.325000  20.0840   0.0130   0.6820   0.0180   0.7520      1
82568    5700.527000 1294.805000  18.4610   0.0250   1.2620   0.0260   0.7480      1
81430    5621.107000 1325.992000  20.0030   0.0100   0.5520   0.0150   0.7440      1
80386    5548.723000 1251.769000  19.0550   0.0370   1.3290   0.0450   0.7420      1
82580    5701.072000 1261.661000  20.0570   0.0190   0.5910   0.0240   0.7400      1
80288    5541.531000 1329.791000  20.0710   0.0110   0.5470   0.0240   0.7380      1
81341    5615.559000 1394.436000  18.9450   0.0070   1.6470   0.0140   0.7350      1
83607    5774.634000 1308.095000  19.9830   0.0140   0.5680   0.0170   0.7320      1
81187    5605.426000 1362.424000  19.0410   0.0070   1.2190   0.0110   0.7310      1
82614    5703.354000 1212.999000  20.0680   0.0250  -0.1580   0.0290   0.7260      1
84224    5821.080000 1341.152000  19.9650   0.0120  -0.1230   0.0140   0.7190      1
83140    5741.704000 1316.237000  18.5240   0.0160   1.2450   0.0260   0.7190      1
83075    5736.275000 1248.774000  18.6760   0.0070   1.6010   0.0110   0.7080      1
82505    5696.425000 1420.755000  19.7740   0.0120   0.6370   0.0240   0.7030      1
81495    5625.102000 1104.241000  19.7690   0.0170   0.6110   0.0200   0.7020      1
81401    5619.532000 1384.083000  18.9150   0.0060   1.9540   0.0130   0.6930      1
82682    5708.665000 1298.308000  19.1850   0.0270   1.3950   0.0320   0.6910      1
82937    5727.271000 1301.299000  19.9950   0.0130   0.5010   0.0170   0.6850      1
82206    5676.372000 1309.261000  18.9350   0.0160   1.6770   0.0200   0.6840      1
80735    5574.020000 1262.096000  20.0080   0.0300  -0.0890   0.0320   0.6770      1
82559    5700.247000 1396.721000  20.2240   0.0150   1.0030   0.0230   0.6760      1
85036    5880.870000 1282.511000  20.0140   0.0170   0.5980   0.0210   0.6710      1
80601    5565.053000 1309.017000  18.6890   0.0070   1.6650   0.0120   0.6680      1
84270    5823.588000 1334.835000  19.6590   0.0090   1.0660   0.0130   0.6630      1
82090    5668.690000 1409.714000  20.1360   0.0110   0.2410   0.0150   0.6620      1
82496    5695.972000 1264.316000  19.5390   0.0110   0.4530   0.0140   0.6550      1
82189    5675.319000 1327.243000  20.1230   0.0100   0.6380   0.0160   0.6540      1
82733    5711.632000 1278.019000  20.2080   0.0240   0.9550   0.0330   0.6500      1
83244    5748.916000 1182.739000  18.5120   0.0070   1.3840   0.0120   0.6490      1
83276    5751.036000 1240.442000  18.4010   0.0180   1.2630   0.0230   0.6420      1
83571    5771.659000 1204.004000  18.6920   0.0180   1.6330   0.0200   0.6360      1
82403    5689.271000 1257.598000  19.6890   0.0110   1.0890   0.0150   0.6310      1
82318    5683.823000 1089.709000  18.9010   0.0070   1.6230   0.0110   0.6270      1
82040    5665.131000 1237.133000  18.8970   0.0220   1.6780   0.0240   0.6260      1
83036    5733.797000 1145.449000  20.0070   0.0110   0.4820   0.0150   0.6190      1
83105    5738.940000 1106.278000  19.7010   0.0090   0.9110   0.0130   0.6060      1
83396    5759.472000 1247.971000  19.9480   0.0120   0.5210   0.0160   0.6060      1
82544    5699.207000 1370.336000  20.8280   0.0150   0.4790   0.0230   0.6050      1
82774    5715.564000 1280.245000  20.1860   0.0140   0.4910   0.0200   0.6030      1
82099    5669.593000 1451.920000  20.8270   0.0160   0.4830   0.0240   0.6030      1
83416    5760.738000 1373.181000  20.1690   0.0110   0.0260   0.0140   0.6020      1
83161    5743.174000 1298.228000  20.1960   0.0130   0.4880   0.0180   0.6010      1
81909    5655.401000 1148.246000  19.5290   0.0090   1.6180   0.0170   0.5970      1
83746    5783.981000 1250.570000  18.7760   0.0070   1.6550   0.0130   0.5920      1
83171    5743.795000 1312.844000  18.6910   0.0110   1.5800   0.0310   0.5920      1
84658    5853.275000 1246.086000  20.2580   0.0130   0.7270   0.0180   0.5910      1
82337    5684.748000 1300.496000  19.8140   0.0160   0.5390   0.0200   0.5910      1
82579    5701.036000 1244.962000  20.8210   0.0160   0.4670   0.0280   0.5910      1
81171    5604.414000 1312.077000  20.8040   0.0160   0.4600   0.0210   0.5900      1
82827    5719.505000 1254.725000  19.7190   0.0110  -0.1200   0.0130   0.5870      1
82791    5716.861000 1419.336000  18.6670   0.0100   1.6610   0.0280   0.5850      1
81244    5609.905000 1388.425000  20.1990   0.0150   0.5770   0.0210   0.5840      1
81798    5646.780000 1370.272000  17.6080   0.0060   1.8640   0.0080   0.5820      1
82340    5684.884000 1372.000000  18.7940   0.0080   1.3320   0.0190   0.5820      1
84331    5828.486000 1292.520000  20.8100   0.0180   0.4580   0.0250   0.5810      1
82631    5704.466000 1455.001000  20.1540   0.0120   0.2370   0.0180   0.5800      1
82282    5681.545000 1369.668000  20.1390   0.0200   0.6410   0.0280   0.5800      1
83150    5742.158000 1287.686000  18.7110   0.0090   1.6870   0.0170   0.5780      1
83990    5803.650000 1259.666000  18.8980   0.0190   1.6180   0.0220   0.5760      1
82326    5684.162000 1236.917000  20.8060   0.0260   0.4990   0.0320   0.5760      1
83054    5734.872000 1374.596000  18.5840   0.0070   1.3890   0.0110   0.5730      1
84453    5837.817000 1208.429000  19.7250   0.0110   0.3110   0.0140   0.5730      1
81842    5650.171000 1183.513000  19.5320   0.0090   1.6580   0.0190   0.5680      1
82545    5699.291000 1436.523000  19.7710   0.0140   0.5000   0.0180   0.5660      1
83692    5780.669000 1130.786000  19.7110   0.0170  -0.1250   0.0190   0.5660      1
83762    5785.080000 1320.642000  18.5370   0.0080  -0.0110   0.0110   0.5640      1
80710    5572.084000 1275.953000  18.6490   0.0100   1.6210   0.0140   0.5630      1
84698    5856.587000 1285.378000  20.0750   0.0150   0.4750   0.0210   0.5630      1
80252    5539.046000 1286.159000  20.7990   0.0260   0.4660   0.0310   0.5610      1
81679    5638.013000 1194.163000  20.7810   0.0180   0.5290   0.0280   0.5600      1
83102    5738.607000 1208.107000  20.0510   0.0560  -0.0990   0.0570   0.5600      1
81778    5645.174000 1274.852000  20.8370   0.0230   0.4900   0.0290   0.5590      1
82398    5689.096000 1303.626000  19.7450   0.0130   0.5130   0.0150   0.5580      1
83015    5732.040000 1291.917000  18.8480   0.0070   1.3760   0.0110   0.5570      1
82666    5707.525000 1218.162000  18.9880   0.0170   1.4610   0.0230   0.5570      1
82652    5706.185000 1278.845000  17.6440   0.0090   1.8910   0.0250   0.5550      1
84260    5823.005000 1145.751000  19.7810   0.0120  -0.0260   0.0130   0.5550      1
82755    5713.594000 1334.397000  20.7870   0.0220   0.5360   0.0320   0.5550      1
84104    5811.339000 1414.340000  18.7210   0.0080   1.7160   0.0120   0.5540      1
83333    5754.750000 1235.514000  20.7830   0.0270   0.4940   0.0360   0.5510      1
80573    5563.416000 1253.585000  20.1810   0.0190  -0.0630   0.0210   0.5500      1
81030    5595.095000 1333.674000  17.8540   0.0060   1.9880   0.0080   0.5490      1
82888    5724.145000 1275.067000  20.0320   0.0170   0.2310   0.0210   0.5470      1
82489    5695.740000 1237.756000  20.7770   0.0160   0.5560   0.0250   0.5440      1
82447    5692.564000 1274.130000  20.1520   0.0160   0.5530   0.0220   0.5420      1
84196    5818.821000 1300.567000  20.2320   0.0170   0.5550   0.0220   0.5390      1
83205    5745.594000 1290.065000  19.6430   0.0120  -0.0850   0.0140   0.5380      1
82618    5703.617000 1308.926000  19.5690   0.0100  -0.2180   0.0120   0.5340      1
82677    5708.187000 1271.230000  19.8670   0.0100   0.4290   0.0290   0.5330      1
81816    5648.259000 1199.594000  19.7620   0.0130   0.0770   0.0270   0.5320      1
81958    5658.474000 1406.966000  20.1960   0.0270   0.0430   0.0280   0.5280      1
81649    5635.787000 1441.105000  20.1750   0.0150   0.4460   0.0210   0.5270      1
82915    5726.224000 1359.509000  20.0880   0.0680  -0.5980   0.0690   0.5260      1
84889    5869.754000 1230.723000  20.2200   0.0150   0.7280   0.0220   0.5240      1
82829    5719.587000 1317.946000  20.2120   0.0240   0.5970   0.0280   0.5240      1
83689    5780.290000 1246.386000  20.8190   0.0320   0.5380   0.0360   0.5240      1
82546    5699.293000 1285.291000  19.0860   0.0620   1.0670   0.0700   0.5230      1
83556    5770.470000 1172.710000  20.7690   0.0230   0.4600   0.0280   0.5220      1
82806    5717.734000 1261.424000  20.2300   0.0230   0.4960   0.0330   0.5220      1
83835    5791.306000 1238.298000  20.9050   0.0190   0.1930   0.0250   0.5210      1
80069    5524.659000 1224.293000  16.8070   0.0070   2.8740   0.0090   0.5200      1
83555    5770.420000 1247.181000  20.1380   0.0130   0.5550   0.0190   0.5170      1
83099    5738.430000 1419.772000  18.6960   0.0070   1.7180   0.0130   0.5150      1
83829    5790.570000 1318.533000  20.1970   0.0450   0.7740   0.1010   0.5130      1
81833    5649.540000 1328.187000  18.3200   0.0070   1.6140   0.0090   0.5120      1
81929    5656.612000 1238.515000  20.7550   0.0160   0.5210   0.0260   0.5100      1
83517    5768.069000 1258.953000  16.8590   0.0070   2.8090   0.0100   0.5080      1
81339    5615.510000 1242.777000  20.0390   0.0370   0.4520   0.0390   0.5080      1
83612    5774.966000 1348.525000  21.1780   0.0330   1.1090   0.0460   0.5020      1
82835    5720.025000 1229.142000  18.3040   0.0130   1.4740   0.0140   0.4990      1
83331    5754.668000 1248.828000  21.1770   0.0280   1.0740   0.0560   0.4980      1
82766    5714.419000 1249.822000  20.6460   0.0180   0.5850   0.0280   0.4970      1
84972    5876.541000 1270.094000  20.6550   0.0200   0.5730   0.0240   0.4970      1
84242    5821.814000 1378.743000  20.0140   0.0120   1.8160   0.0450   0.4940      1
82122    5671.219000 1273.990000  20.6630   0.0170   0.5880   0.0270   0.4940      1
80214    5535.876000 1342.829000  20.7500   0.0190   0.4890   0.0250   0.4920      1
82945    5727.843000 1142.490000  20.8880   0.0210   0.1770   0.0270   0.4920      1
82898    5725.190000 1150.793000  20.8260   0.0250   0.5540   0.0340   0.4900      1
81871    5653.191000 1162.071000  19.6290   0.0080   2.8240   0.0390   0.4890      1
84820    5864.635000 1326.909000  20.7330   0.0150   0.4490   0.0240   0.4870      1
82506    5696.426000 1313.193000  20.1320   0.0210   1.8890   0.0770   0.4870      1
81211    5607.304000 1348.655000  20.8260   0.0520   0.4800   0.0560   0.4870      1
84948    5874.481000 1195.117000  20.7860   0.0160   0.5800   0.0270   0.4860      1
84473    5839.493000 1147.829000  20.5840   0.0140   1.7440   0.0490   0.4830      1
83100    5738.444000 1288.431000  18.8340   0.0090   2.2960   0.0280   0.4820      1
83495    5766.572000 1284.634000  20.7830   0.0270   0.5710   0.0320   0.4820      1
81029    5595.018000 1299.420000  20.0480   0.0440  -0.0610   0.0450   0.4820      1
81397    5619.448000 1426.197000  20.7750   0.0180   0.4320   0.0250   0.4790      1
85112    5886.649000 1288.655000  20.2920   0.0240   0.6340   0.0340   0.4790      1
82402    5689.187000 1231.894000  20.9940   0.0190   0.5360   0.0280   0.4770      1
85066    5883.125000 1244.097000  20.2630   0.0120   0.5030   0.0160   0.4760      1
82088    5668.483000 1295.795000  21.0290   0.1120   2.0380   0.1650   0.4760      1
81930    5656.646000 1315.964000  20.1570   0.0150   0.4570   0.0190   0.4740      1
82144    5672.537000 1250.684000  20.1740   0.0320   0.4050   0.0350   0.4740      1
81276    5611.586000 1263.655000  21.1820   0.0320   1.0650   0.0640   0.4730      1
82372    5687.000000 1345.114000  20.6180   0.0190   0.4020   0.0280   0.4720      1
82762    5714.306000 1344.763000  18.2930   0.0290   1.5350   0.0330   0.4710      1
81560    5629.542000 1233.038000  20.9780   0.0200   0.5300   0.0300   0.4700      1
82030    5664.605000 1288.913000  20.5280   0.0180   0.3830   0.0220   0.4680      1
83296    5753.011000 1417.519000  20.4970   0.0190   0.4280   0.0220   0.4660      1
84750    5860.012000 1380.936000  20.1950   0.0400   0.4010   0.0740   0.4660      1
83924    5798.175000 1342.159000  20.5540   0.0160   0.6750   0.0260   0.4630      1
83785    5787.325000 1397.904000  21.0140   0.0350   1.5830   0.0620   0.4630      1
80062    5523.953000 1241.176000  17.9190   0.0130   1.2820   0.0140   0.4610      1
81866    5652.648000 1450.551000  20.8770   0.0250   0.2330   0.0360   0.4590      1
82079    5667.843000 1437.884000  20.1690   0.0180   0.3850   0.0210   0.4580      1
82642    5705.637000 1285.703000  20.8880   0.0340   0.2020   0.0370   0.4570      1
81974    5660.089000 1355.389000  20.3330   0.0190   0.5680   0.0230   0.4560      1
84833    5865.621000 1384.275000  20.9800   0.0240   0.5540   0.0310   0.4550      1
80604    5565.208000 1372.297000  20.6000   0.0150   0.6660   0.0230   0.4530      1
80977    5591.445000 1184.751000  20.9100   0.0510   1.5520   0.0710   0.4530      1
81084    5598.788000 1421.935000  20.9680   0.0220   0.5250   0.0330   0.4520      1
82510    5697.104000 1259.843000  20.6700   0.0240   0.5880   0.0350   0.4510      1
83165    5743.375000 1271.277000  18.1030   0.0170   1.4100   0.0180   0.4480      1
80474    5555.679000 1187.465000  20.5980   0.0150   0.6970   0.0240   0.4470      1
81037    5595.495000 1311.466000  20.6140   0.0180   0.4600   0.0260   0.4470      1
83438    5762.390000 1175.565000  20.7710   0.0230   0.5750   0.0470   0.4470      1
81693    5638.872000 1163.505000  20.6740   0.0200   0.3860   0.0280   0.4460      1
83809    5788.997000 1266.531000  20.2290   0.0150   0.3910   0.0190   0.4430      1
82939    5727.278000 1156.420000  20.8690   0.0300   0.2190   0.0380   0.4430      1
81665    5637.077000 1431.570000  20.5280   0.0130   0.6840   0.0400   0.4420      1
84118    5812.394000 1353.645000  20.5000   0.0140   0.4650   0.0210   0.4420      1
81813    5648.132000 1347.505000  20.5460   0.0140   0.7310   0.0210   0.4410      1
82173    5674.213000 1220.235000  20.1010   0.0190   0.4240   0.0230   0.4400      1
81925    5656.347000 1352.505000  20.4680   0.0170   1.0140   0.0260   0.4370      1
82944    5727.825000 1195.791000  20.9390   0.0190   0.5110   0.0260   0.4350      1
80801    5579.039000 1319.576000  20.5900   0.0150   0.4390   0.0210   0.4340      1
82279    5681.397000 1240.246000  20.8590   0.0310   0.5390   0.0390   0.4270      1
83676    5779.548000 1164.606000  20.7530   0.0180   0.5780   0.0270   0.4230      1
81223    5607.823000 1264.751000  21.0170   0.0250   0.5540   0.0390   0.4210      1
83395    5759.463000 1097.601000  20.9020   0.0200   0.4950   0.0300   0.4190      1
84778    5861.627000 1217.531000  20.9920   0.0270   0.6210   0.0370   0.4170      1
85093    5884.601000 1274.505000  20.9350   0.0250   0.4920   0.0330   0.4140      1
80947    5589.124000 1285.084000  20.9750   0.0250   1.4800   0.0560   0.4120      1
82991    5730.654000 1236.275000  21.0000   0.0230   0.6450   0.0330   0.4110      1
83943    5799.974000 1108.688000  20.7400   0.0230   0.4010   0.0290   0.4090      1
82593    5702.047000 1279.561000  21.6900   0.0800   0.1650   0.1020   0.4090      1
83620    5775.699000 1387.125000  20.9760   0.0230   0.6390   0.0350   0.4070      1
83085    5736.728000 1378.479000  20.6850   0.0350   0.3810   0.0470   0.4070      1
84500    5841.318000 1275.736000  17.9190   0.0140  -0.2750   0.0150   0.4060      1
83989    5803.366000 1105.167000  21.8950   0.0510   0.1410   0.0800   0.4060      1
82801    5717.441000 1244.405000  21.0240   0.0270   0.5780   0.0340   0.4040      1
82224    5677.949000 1349.182000  21.1240   0.0450   1.0360   0.0620   0.4040      1
82268    5680.670000 1286.418000  21.0150   0.0630   1.6570   0.1290   0.4040      1
84726    5858.337000 1298.521000  20.9100   0.0260   0.4850   0.0400   0.4000      1
82772    5715.246000 1100.405000  21.5170   0.0260   1.5920   0.0850   0.4000      1
81461    5623.284000 1197.109000  21.6410   0.0920   0.1670   0.1030   0.4000      1
83307    5753.512000 1180.499000  21.0270   0.0230   0.5950   0.0390   0.3980      1
82712    5710.157000 1263.903000  20.6850   0.0410   0.3720   0.0550   0.3960      1
82750    5713.260000 1291.959000  20.8780   0.0450   0.4590   0.0710   0.3960      1
82390    5688.567000 1155.620000  21.0930   0.0230   0.4780   0.0300   0.3940      1
84321    5827.568000 1119.879000  20.9680   0.0230   0.6490   0.0360   0.3940      1
82928    5726.803000 1283.791000  20.5770   0.0190   0.3690   0.0260   0.3930      1
82966    5729.023000 1354.614000  20.4910   0.0290   0.4110   0.0360   0.3930      1
83846    5792.089000 1336.542000  21.0090   0.0230   0.4970   0.0330   0.3920      1
83053    5734.746000 1135.439000  21.0100   0.0300   0.6470   0.0390   0.3920      1
83397    5759.473000 1128.589000  20.8860   0.0860   0.4890   0.0890   0.3910      1
84987    5877.514000 1183.098000  21.0010   0.0230   0.4930   0.0350   0.3880      1
83973    5802.398000 1285.915000  20.8970   0.0290   1.4740   0.0680   0.3880      1
83344    5755.479000 1278.979000  20.9060   0.0230   0.5160   0.0420   0.3850      1
81133    5602.251000 1288.921000  21.4680   0.0310   1.0800   0.0630   0.3810      1
84119    5812.562000 1318.487000  21.2780   0.0270   0.5430   0.0400   0.3800      1
83202    5745.457000 1351.570000  21.0260   0.0230   0.6670   0.0330   0.3750      1
83466    5764.493000 1240.670000  21.1270   0.0300   0.9350   0.0510   0.3740      1
82314    5683.438000 1229.490000  21.1000   0.0310   0.4620   0.0380   0.3730      1
80898    5585.098000 1291.325000  21.2580   0.0250   0.5400   0.0450   0.3710      1
84499    5841.223000 1343.068000  21.2580   0.0260   0.5490   0.0440   0.3710      1
83226    5747.221000 1220.868000  21.1170   0.0220   0.4960   0.0350   0.3700      1
82178    5674.358000 1362.200000  20.9280   0.0220   0.8330   0.0380   0.3700      1
83704    5781.413000 1264.946000  21.2710   0.0330   0.5550   0.0400   0.3700      1
83504    5767.128000 1376.484000  21.2720   0.0240   1.4080   0.1130   0.3680      1
82675    5708.117000 1309.431000  20.8360   0.0260   1.4660   0.0640   0.3680      1
84884    5869.286000 1345.121000  21.2620   0.0300   0.5210   0.0360   0.3680      1
81473    5623.761000 1331.472000  21.2940   0.0260   0.5550   0.0410   0.3670      1
80808    5579.589000 1159.958000  21.4060   0.0270   0.5220   0.0360   0.3660      1
80836    5581.140000 1266.112000  21.1090   0.0320   0.4470   0.0410   0.3660      1
84591    5848.708000 1355.246000  21.0350   0.0220   0.5110   0.0330   0.3650      1
82987    5730.409000 1465.182000  21.0850   0.0240   0.7910   0.0390   0.3650      1
81631    5634.799000 1313.883000  21.4310   0.0300   0.4880   0.0430   0.3650      1
83250    5749.117000 1173.743000  21.1320   0.0230   0.8540   0.0420   0.3620      1
83521    5768.510000 1446.107000  21.3810   0.0280   0.4740   0.0360   0.3620      1
80364    5547.119000 1359.236000  21.4400   0.0270   0.4490   0.0410   0.3610      1
83126    5740.371000 1428.849000  21.3080   0.0290   0.5250   0.0410   0.3590      1
82804    5717.588000 1330.184000  21.0200   0.0410   0.4950   0.0520   0.3580      1
82104    5669.772000 1094.460000  21.3920   0.0260   0.5250   0.0410   0.3570      1
83323    5754.390000 1447.779000  21.2610   0.0250   0.5980   0.0390   0.3560      1
81959    5658.480000 1285.822000  21.0480   0.0290   0.5880   0.0360   0.3550      1
84633    5851.751000 1278.873000  21.0330   0.0230   0.7240   0.0340   0.3540      1
81060    5597.020000 1409.558000  21.0620   0.0270   0.8190   0.0510   0.3530      1
81752    5643.305000 1226.600000  21.4350   0.0290   0.4140   0.0400   0.3530      1
83433    5762.019000 1419.040000  21.3460   0.0300   0.4990   0.0400   0.3520      1
83324    5754.398000 1208.110000  20.9470   0.0190   0.5990   0.0310   0.3510      1
82904    5725.690000 1271.340000  21.1060   0.0300   0.5180   0.0440   0.3510      1
84618    5850.541000 1223.405000  21.4510   0.0340   0.4890   0.0430   0.3500      1
80842    5581.496000 1397.200000  21.4260   0.0300   0.5430   0.0430   0.3490      1
84236    5821.611000 1202.126000  21.4770   0.0330   0.9490   0.0610   0.3490      1
82526    5698.375000 1221.509000  21.1180   0.0240   0.5250   0.0410   0.3480      1
83645    5777.404000 1424.077000  21.0810   0.0270   0.7850   0.0510   0.3480      1
83077    5736.390000 1452.209000  21.4530   0.0310   0.5040   0.0450   0.3480      1
82162    5673.509000 1173.144000  21.3860   0.0300   0.5370   0.0390   0.3470      1
83232    5747.931000 1205.681000  21.1390   0.0270   0.8490   0.0380   0.3460      1
84917    5872.436000 1381.291000  21.4590   0.0460   1.0490   0.0960   0.3460      1
83370    5757.742000 1116.096000  21.0450   0.0200   0.6810   0.0330   0.3440      1
81686    5638.345000 1250.950000  20.8920   0.0200   0.4160   0.0290   0.3420      1
82584    5701.236000 1418.597000  21.2430   0.0370   0.5680   0.0480   0.3420      1
82780    5715.872000 1451.375000  21.0780   0.0250   0.8440   0.0760   0.3410      1
80982    5591.690000 1176.011000  21.2710   0.0340   0.4990   0.0430   0.3410      1
82163    5673.615000 1245.026000  21.4110   0.0310   1.0040   0.0550   0.3400      1
84278    5824.151000 1167.734000  21.3960   0.0490   0.4070   0.0730   0.3400      1
83522    5768.534000 1269.802000  20.9460   0.0540   0.6530   0.0640   0.3380      1
82863    5721.656000 1152.439000  21.4500   0.0440   0.9570   0.0690   0.3370      1
84386    5832.607000 1409.367000  21.2230   0.0250   0.9950   0.0440   0.3360      1
84416    5834.672000 1231.222000  21.2340   0.0360   0.5810   0.0460   0.3340      1
81646    5635.647000 1145.830000  21.3560   0.0390   0.4730   0.0670   0.3340      1
84552    5845.677000 1209.138000  20.8960   0.0190   0.3770   0.0420   0.3330      1
85224    5896.103000 1241.024000  21.4430   0.0310   0.5540   0.0480   0.3320      1
81078    5598.440000 1301.681000  20.9570   0.0330   0.7270   0.0520   0.3300      1
85168    5891.798000 1318.106000  21.0720   0.0250   0.5440   0.0630   0.3290      1
81888    5653.999000 1384.123000  21.2450   0.0260   0.4960   0.0340   0.3280      1
84613    5850.117000 1317.178000  21.3460   0.0250   0.5460   0.0400   0.3270      1
82395    5688.946000 1281.430000  21.4410   0.0340   0.5590   0.0480   0.3270      1
84962    5875.781000 1280.199000  21.0520   0.0290   0.7080   0.0390   0.3260      1
83153    5742.400000 1187.595000  21.5890   0.0340   0.6990   0.0580   0.3260      1
83208    5745.663000 1283.971000  21.3000   0.0490   0.5420   0.0700   0.3260      1
83933    5799.040000 1245.315000  20.9270   0.0200   0.6590   0.0300   0.3250      1
80487    5556.446000 1309.783000  21.5930   0.0330   0.6460   0.0540   0.3250      1
84456    5838.114000 1235.176000  21.6110   0.0360   0.6970   0.0520   0.3250      1
84629    5851.248000 1399.078000  20.7440   0.0190   0.6120   0.0260   0.3240      1
82387    5688.296000 1326.344000  21.2390   0.0310   0.6230   0.0470   0.3240      1
84720    5858.045000 1379.320000  20.9670   0.0700   0.4310   0.1510   0.3230      1
81768    5644.420000 1305.614000  21.3790   0.0750   0.4540   0.0820   0.3210      1
84044    5807.835000 1142.016000  21.5910   0.0350   0.6490   0.0590   0.3200      1
81905    5655.043000 1111.121000  21.2400   0.0460   0.6080   0.0540   0.3200      1
82708    5709.998000 1286.012000  21.6010   0.0420   0.6880   0.0590   0.3190      1
81352    5616.582000 1327.212000  21.5020   0.0430   0.9300   0.0680   0.3180      1
82866    5721.844000 1133.212000  21.0800   0.0680   1.0700   0.0800   0.3180      1
82275    5681.210000 1265.460000  21.1410   0.0410   0.3880   0.0480   0.3170      1
83263    5750.185000 1091.139000  22.0700   0.0450   0.8840   0.0810   0.3150      1
82068    5667.144000 1167.021000  21.4370   0.0440   0.9510   0.0920   0.3140      1
81868    5652.880000 1407.452000  21.4960   0.0250   0.8900   0.0560   0.3120      1
82765    5714.370000 1181.270000  21.4430   0.0290   0.8890   0.0490   0.3100      1
84881    5868.976000 1254.489000  21.0800   0.0330   1.0900   0.0670   0.3080      1
82439    5691.979000 1339.767000  22.2110   0.0540   1.6050   0.1550   0.2970      1
80782    5577.291000 1399.967000  22.3810   0.0630   1.2030   0.1310   0.2880      1
84844    5866.557000 1307.487000  22.3360   0.0680   1.2750   0.1380   0.2880      1
82080    5667.908000 1402.614000  22.1260   0.0700   0.8700   0.1150   0.2880      1
81638    5635.189000 1364.908000  22.3240   0.0630   1.1840   0.1390   0.2870      1
81295    5612.262000 1158.027000  22.1360   0.0580   0.7310   0.0920   0.2860      1
83261    5750.108000 1268.481000  22.1410   0.0500   0.8460   0.0940   0.2850      1
84662    5853.583000 1184.331000  22.1370   0.0410   0.6810   0.0780   0.2840      1
81255    5610.467000 1116.022000  22.4560   0.0650   1.0680   0.1320   0.2840      1
81731    5642.293000 1182.019000  22.2530   0.0550   1.1650   0.1220   0.2830      1
81805    5647.685000 1292.462000  22.4640   0.0640   0.9690   0.1250   0.2830      1
80931    5588.084000 1420.142000  22.3690   0.0720   1.2650   0.1850   0.2830      1
80946    5589.037000 1294.370000  22.3910   0.0770   1.1450   0.1600   0.2830      1
80939    5588.652000 1214.681000  22.4510   0.0670   1.0600   0.1730   0.2820      1
84314    5826.799000 1388.319000  22.3750   0.0690   1.0540   0.1320   0.2810      1
83803    5788.612000 1245.652000  22.4480   0.0720   0.9710   0.1300   0.2810      1
83783    5787.228000 1274.985000  22.3670   0.0770   1.0470   0.1370   0.2800      1
80424    5551.093000 1235.981000  22.5010   0.0740   0.1990   0.0950   0.2740      1
83249    5749.003000 1439.519000  22.5140   0.0760   0.8450   0.1280   0.2740      1
81763    5643.853000 1250.797000  22.4820   0.0810   0.8430   0.1390   0.2740      1
81746    5642.892000 1288.198000  22.1650   0.0490   0.7980   0.0910   0.2720      1
83745    5783.796000 1147.558000  22.4600   0.0780   0.8070   0.1190   0.2720      1
80151    5531.610000 1258.894000  22.1750   0.1590   0.1470   0.1640   0.2630      1
81914    5655.820000 1181.521000  22.5990   0.0790   0.4370   0.1200   0.2470      1
83189    5744.832000 1416.333000  22.6370   0.1040   0.8010   0.1600   0.2470      1
82440    5692.034000 1131.330000  22.7920   0.0940   0.3700   0.1430   0.2180      1
84781    5861.795000 1282.130000  21.2190   0.0250  -0.0810   0.0310   0.6170      0
80228    5537.268000 1189.484000  20.5880   0.0150   1.5580   0.0360   0.5710      0
84083    5809.968000 1213.157000  20.5820   0.0170   1.5410   0.0390   0.5650      0
82298    5682.580000 1341.600000  20.5790   0.0140   1.4990   0.0400   0.5510      0
82870    5722.538000 1363.227000  21.2220   0.0310  -0.0100   0.0540   0.5460      0
83364    5757.329000 1285.958000  19.6120   0.0070   0.3280   0.0100   0.5430      0
83299    5753.181000 1272.136000  19.8790   0.0110   0.5350   0.0160   0.5420      0
85171    5892.087000 1251.436000  20.1050   0.0190   0.2310   0.0210   0.5400      0
84702    5856.928000 1230.654000  18.8020   0.0180   1.9870   0.0200   0.5360      0
83041    5734.061000 1330.601000  19.6860   0.0540   0.5980   0.0590   0.5250      0
81343    5615.817000 1231.736000  19.7010   0.0160   0.3880   0.0180   0.5220      0
81975    5660.172000 1444.017000  19.7680   0.0080   0.1370   0.0110   0.5200      0
81818    5648.421000 1281.706000  19.8170   0.0110  -0.0090   0.0130   0.5190      0
83421    5760.885000 1231.514000  19.8820   0.0190   0.5130   0.0220   0.5190      0
84459    5838.241000 1185.848000  18.5240   0.0100  -0.0310   0.0120   0.5170      0
82899    5725.198000 1320.800000  19.8450   0.0180   0.4590   0.0230   0.5140      0
83641    5777.058000 1273.117000  20.6460   0.0180   0.3550   0.0220   0.5110      0
83117    5739.660000 1386.823000  18.9410   0.0120   1.9000   0.0710   0.5050      0
83215    5746.499000 1140.456000  19.6100   0.0410  -0.1460   0.0420   0.5050      0
83780    5786.908000 1379.362000  20.0020   0.0110   0.2790   0.0140   0.5030      0
84167    5816.578000 1277.330000  20.0950   0.0110   1.5780   0.0250   0.5030      0
84032    5806.957000 1118.369000  18.7990   0.0090   1.6610   0.0110   0.5010      0
82831    5719.792000 1418.174000  18.7080   0.0090   1.9950   0.0370   0.4960      0
85295    5901.517000 1285.708000  17.8690   0.0140   2.0330   0.0160   0.4940      0
82168    5673.919000 1260.486000  18.5460   0.0070   1.6670   0.0100   0.4920      0
82610    5703.117000 1250.006000  18.7740   0.0070   1.5210   0.0170   0.4920      0
84406    5834.164000 1347.371000  20.5600   0.0310   1.5180   0.0490   0.4920      0
82259    5679.962000 1454.013000  15.9260   0.0100   1.4650   0.0110   0.4890      0
81386    5618.658000 1201.466000  17.1840   0.0120   1.9240   0.0130   0.4890      0
84753    5860.092000 1205.833000  20.0990   0.0150   0.2770   0.0170   0.4870      0
84315    5826.901000 1316.473000  19.1220   0.0070   1.6170   0.0120   0.4860      0
83623    5776.010000 1229.919000  20.0830   0.0250   0.2680   0.0270   0.4860      0
83838    5791.662000 1160.271000  19.4190   0.0090   1.0110   0.0130   0.4830      0
83786    5787.608000 1255.634000  18.9790   0.0090   1.7540   0.0170   0.4820      0
82417    5690.390000 1332.830000  19.7120   0.0090   0.4510   0.0130   0.4790      0
85223    5896.097000 1266.776000  19.2040   0.0080   1.5680   0.0140   0.4780      0
82421    5690.714000 1093.380000  19.4110   0.0080   1.6450   0.0200   0.4760      0
81192    5605.607000 1393.866000  19.8790   0.0210   0.5850   0.0250   0.4730      0
81831    5649.269000 1306.712000  19.7250   0.0260   0.3240   0.0520   0.4730      0
82157    5672.985000 1395.172000  17.2650   0.0150  -0.2390   0.0160   0.4720      0
82401    5689.164000 1241.254000  16.5010   0.0070   2.7430   0.0100   0.4710      0
80291    5541.745000 1256.709000  20.6010   0.0160   0.3280   0.0200   0.4710      0
80805    5579.306000 1384.382000  15.8860   0.0070   3.8000   0.0120   0.4700      0
82062    5666.813000 1256.976000  18.6510   0.0120   1.6850   0.0220   0.4700      0
84653    5853.062000 1300.165000  17.1570   0.0050   2.3900   0.0100   0.4680      0
81935    5656.972000 1393.687000  17.1860   0.0100   2.7110   0.0120   0.4680      0
83062    5735.248000 1343.634000  19.7720   0.0170   0.1370   0.0190   0.4680      0
81677    5637.723000 1156.580000  18.9980   0.0480   1.4070   0.0600   0.4650      0
80885    5584.449000 1242.759000  18.6530   0.0080   1.6950   0.0140   0.4620      0
83092    5737.902000 1265.159000  18.9550   0.0110   1.8270   0.0360   0.4620      0
80733    5573.997000 1353.415000  18.7580   0.0220   1.6450   0.0240   0.4620      0
83927    5798.514000 1200.140000  20.1470   0.0140   0.2000   0.0170   0.4610      0
80469    5555.447000 1240.661000  20.3650   0.0120   0.2200   0.0170   0.4600      0
81879    5653.727000 1172.145000  20.2640   0.0130  -0.0150   0.0160   0.4600      0
84985    5877.486000 1330.341000  19.2550   0.0070   2.1090   0.0170   0.4590      0
83336    5755.115000 1243.288000  19.8490   0.0120   0.1910   0.0150   0.4580      0
82575    5700.832000 1302.081000  18.6700   0.0210   1.5100   0.0540   0.4580      0
82768    5714.871000 1326.268000  19.6570   0.0450   0.3730   0.0460   0.4570      0
84418    5834.769000 1151.500000  20.0840   0.0090   0.1090   0.0130   0.4500      0
83138    5741.621000 1117.549000  20.3600   0.0160   0.1920   0.0190   0.4470      0
84207    5819.874000 1182.781000  18.8460   0.0090   1.6850   0.0130   0.4460      0
81437    5621.580000 1181.947000  18.5670   0.0080   1.6730   0.0120   0.4430      0
81531    5627.834000 1293.429000  17.9900   0.0060   1.6130   0.0080   0.4420      0
85099    5885.560000 1268.944000  19.4310   0.0450   1.4920   0.0480   0.4420      0
81653    5636.171000 1403.685000  19.5570   0.0080   0.0610   0.0110   0.4410      0
83390    5759.267000 1319.706000  17.4160   0.0140   2.1680   0.0150   0.4410      0
81636    5635.094000 1135.247000  19.5730   0.0110   1.7370   0.0210   0.4390      0
84131    5813.594000 1194.784000  19.1770   0.0260   1.5860   0.0290   0.4390      0
82590    5701.786000 1272.886000  20.1910   0.0650  -0.0640   0.0810   0.4390      0
80329    5544.915000 1188.246000  18.7470   0.0070   1.7190   0.0110   0.4370      0
85167    5891.773000 1227.847000  18.4630   0.0120   0.1440   0.0130   0.4360      0
80662    5568.611000 1189.449000  20.2320   0.0120   0.2810   0.0160   0.4360      0
80832    5581.000000 1310.966000  20.5410   0.0110   0.5350   0.0190   0.4340      0
85277    5900.449000 1293.375000  19.9210   0.0140   0.2610   0.0170   0.4340      0
81583    5630.940000 1221.503000  20.5020   0.0140   0.4470   0.0600   0.4340      0
83930    5798.752000 1292.734000  20.0520   0.0240   0.1070   0.0260   0.4320      0
83440    5762.737000 1147.251000  18.6910   0.0070   1.8920   0.0130   0.4310      0
81621    5634.096000 1449.182000  18.5580   0.0080   0.0750   0.0100   0.4290      0
81454    5622.709000 1311.192000  20.5060   0.0150   0.6640   0.0220   0.4290      0
82128    5671.531000 1316.961000  19.5100   0.0340   0.4120   0.0350   0.4290      0
81273    5611.451000 1397.223000  20.6430   0.0230   0.3180   0.0270   0.4280      0
82744    5712.670000 1266.569000  20.2820   0.0600   0.6170   0.0680   0.4280      0
84907    5871.040000 1333.916000  20.5120   0.0130   0.2530   0.0180   0.4260      0
83330    5754.658000 1122.917000  20.5220   0.0200   0.6960   0.0260   0.4250      0
80675    5569.499000 1165.322000  19.5370   0.0320   1.8370   0.0420   0.4240      0
83476    5765.168000 1098.968000  20.1850   0.0100   0.3160   0.0140   0.4220      0
82237    5678.465000 1298.392000  19.7570   0.0090   0.4160   0.0130   0.4210      0
82312    5683.381000 1347.945000  20.0190   0.0160   0.1030   0.0210   0.4180      0
83368    5757.607000 1358.305000  19.8080   0.0390   0.0380   0.0400   0.4180      0
80503    5557.761000 1263.198000  20.1940   0.0510   0.0340   0.0520   0.4180      0
84811    5863.823000 1198.777000  20.3690   0.0190   0.7710   0.0240   0.4170      0
82019    5663.622000 1264.355000  17.8730   0.0070   1.6060   0.0090   0.4140      0
81347    5616.045000 1238.229000  18.0190   0.0070   1.7180   0.0100   0.4140      0
83993    5803.907000 1129.539000  19.2100   0.0190  -0.2160   0.0210   0.4140      0
81936    5657.029000 1252.008000  19.8170   0.0420   0.8720   0.0540   0.4130      0
80917    5587.320000 1125.283000  19.1530   0.0090   1.7230   0.0150   0.4120      0
83356    5756.701000 1399.194000  19.9980   0.0360  -0.0320   0.0370   0.4120      0
82150    5672.709000 1448.126000  20.7380   0.0270   0.5640   0.0400   0.4100      0
83488    5765.871000 1349.069000  20.3990   0.0250   0.7840   0.0310   0.4090      0
83792    5788.068000 1433.760000  19.8640   0.0140   0.1530   0.0160   0.4080      0
83747    5784.000000 1346.057000  20.6050   0.0180   0.6970   0.0280   0.4080      0
83755    5784.426000 1362.166000  20.2370   0.0210   0.3320   0.0250   0.4080      0
82054    5666.246000 1305.315000  19.2650   0.0090   1.5990   0.0150   0.4050      0
83961    5801.301000 1282.190000  19.8530   0.0150   0.0090   0.0170   0.4050      0
80689    5570.426000 1334.903000  19.5270   0.0090  -0.0300   0.0110   0.4040      0
83918    5797.741000 1409.400000  20.2650   0.0120   0.4610   0.0160   0.4040      0
83520    5768.481000 1159.437000  20.6760   0.0270   0.3230   0.0320   0.4040      0
83708    5781.659000 1332.491000  20.3290   0.0270   0.6000   0.0530   0.4030      0
80775    5576.629000 1274.216000  18.0240   0.0060   1.9260   0.0100   0.4000      0
84245    5821.941000 1129.006000  19.0500   0.0160   1.5590   0.0210   0.3990      0
82131    5671.648000 1352.828000  20.3920   0.0190   0.5590   0.0240   0.3990      0
81742    5642.721000 1239.942000  20.4220   0.0160   0.5300   0.0230   0.3980      0
84756    5860.209000 1386.642000  20.5970   0.0160   0.6160   0.0220   0.3970      0
82366    5686.657000 1274.554000  20.6290   0.0210   0.4760   0.0270   0.3960      0
82470    5694.195000 1414.687000  20.3150   0.0190   0.5040   0.0340   0.3940      0
82924    5726.663000 1225.564000  20.6050   0.0150   0.5970   0.0210   0.3930      0
81872    5653.229000 1416.579000  18.3340   0.0160  -0.3800   0.0170   0.3900      0
81300    5612.860000 1363.404000  18.7740   0.0270   1.6270   0.0520   0.3900      0
83091    5737.849000 1268.445000  20.3500   0.0630   0.9850   0.0710   0.3890      0
80672    5569.188000 1365.259000  20.6170   0.0660   0.4110   0.0680   0.3890      0
84327    5828.366000 1248.680000  19.9110   0.0100   0.0150   0.0130   0.3880      0
82416    5690.366000 1097.726000  19.8800   0.0140   1.6720   0.0350   0.3880      0
82994    5730.715000 1315.150000  17.8610   0.0170   1.7910   0.0190   0.3850      0
81415    5620.332000 1210.062000  20.4510   0.0210   0.5030   0.0270   0.3850      0
82823    5719.113000 1423.109000  20.6850   0.0360   0.6110   0.0460   0.3850      0
82879    5723.243000 1384.313000  21.5010   0.0380   0.2870   0.0540   0.3840      0
83411    5760.548000 1409.839000  20.6010   0.0660   0.3900   0.0680   0.3840      0
83718    5782.236000 1304.836000  20.5090   0.0160   0.0430   0.0220   0.3830      0
84570    5847.466000 1195.081000  20.2020   0.0130   1.7510   0.0270   0.3800      0
82979    5729.972000 1448.816000  20.0240   0.0250   1.6320   0.0310   0.3800      0
83259    5749.791000 1298.244000  20.4270   0.0270   0.5270   0.0300   0.3800      0
82059    5666.611000 1253.470000  20.7310   0.0720   0.5920   0.0780   0.3780      0
82213    5677.165000 1402.146000  20.5180   0.0210   0.5710   0.0370   0.3750      0
83752    5784.275000 1368.130000  20.5470   0.0460   0.3850   0.0490   0.3750      0
81435    5621.458000 1364.076000  18.8290   0.0070   1.7950   0.0130   0.3740      0
81315    5613.761000 1208.275000  18.5270   0.0210   1.5880   0.0220   0.3740      0
83151    5742.226000 1419.244000  20.4800   0.0240   0.4900   0.0320   0.3740      0
83272    5750.812000 1339.504000  20.5170   0.0170   0.5760   0.0240   0.3730      0
83399    5759.661000 1173.090000  21.5730   0.0380   0.2830   0.0700   0.3720      0
84830    5865.458000 1259.913000  20.7220   0.0210   0.0660   0.0290   0.3690      0
84535    5844.673000 1169.221000  19.8420   0.0270   1.5250   0.0350   0.3690      0
82785    5716.340000 1444.367000  20.6540   0.0140   0.6460   0.0230   0.3680      0
82427    5691.297000 1173.632000  18.8900   0.0090  -0.2290   0.0100   0.3670      0
83369    5757.732000 1396.929000  20.4380   0.0210   0.7910   0.0830   0.3640      0
85219    5895.872000 1228.503000  20.1390   0.0230   1.2500   0.0410   0.3640      0
82897    5725.142000 1130.038000  20.0850   0.0650   0.2020   0.0660   0.3620      0
83906    5797.282000 1294.759000  20.9530   0.1040   1.5830   0.1660   0.3620      0
82650    5706.082000 1340.054000  18.8980   0.0160   0.0600   0.0170   0.3610      0
82798    5717.342000 1088.806000  18.9410   0.0370   1.5400   0.0450   0.3600      0
84693    5856.352000 1279.907000  20.5760   0.0530   0.3230   0.0550   0.3580      0
80539    5560.651000 1244.115000  18.5820   0.0070  -0.2070   0.0090   0.3550      0
81010    5594.059000 1294.830000  20.7720   0.0210   1.4500   0.0550   0.3550      0
81873    5653.345000 1298.893000  20.6840   0.0300   0.9450   0.0390   0.3540      0
82476    5694.566000 1351.283000  20.4420   0.0270   0.8160   0.0650   0.3510      0
82549    5699.604000 1432.983000  20.5440   0.0320   0.5190   0.0510   0.3510      0
83181    5744.663000 1252.205000  20.6810   0.0330   0.9540   0.0440   0.3510      0
80379    5548.371000 1245.399000  21.3940   0.0410   0.3400   0.0480   0.3510      0
81919    5655.991000 1243.331000  20.3380   0.0120   0.4530   0.0180   0.3500      0
84204    5819.731000 1153.558000  19.9960   0.0140   0.4160   0.0170   0.3500      0
82810    5718.100000 1121.286000  21.1600   0.0250   1.2220   0.0430   0.3500      0
80983    5591.749000 1392.515000  20.5340   0.0250   0.2590   0.0290   0.3490      0
82868    5722.162000 1262.909000  21.4250   0.0440   1.0920   0.0710   0.3490      0
82748    5713.114000 1398.341000  19.1570   0.0080   0.1980   0.0090   0.3470      0
80603    5565.165000 1258.924000  19.0730   0.0100  -0.1200   0.0110   0.3430      0
85082    5884.259000 1286.266000  19.4990   0.0120   0.1510   0.0180   0.3410      0
83812    5789.097000 1346.483000  20.6470   0.0140   1.4890   0.0410   0.3390      0
82083    5668.087000 1315.438000  17.6470   0.0280   2.1730   0.0300   0.3380      0
80217    5536.058000 1198.889000  20.8500   0.0210   1.1670   0.0360   0.3360      0
80751    5574.871000 1229.766000  21.2570   0.0410   1.1900   0.0590   0.3340      0
80528    5560.080000 1201.036000  21.6720   0.1020   0.2620   0.1090   0.3340      0
80660    5568.475000 1380.779000  21.4210   0.0320   1.1510   0.0550   0.3320      0
81602    5632.377000 1147.662000  20.5440   0.0170   0.1690   0.0220   0.3290      0
83386    5759.102000 1219.524000  21.4870   0.0360   1.4450   0.0730   0.3290      0
83293    5752.509000 1431.457000  20.2770   0.0180   0.2550   0.0200   0.3270      0
83825    5790.312000 1220.181000  21.8260   0.0620   0.3380   0.0710   0.3260      0
82108    5670.085000 1293.226000  18.4700   0.0120   1.7130   0.0180   0.3250      0
84295    5825.325000 1380.496000  20.1470   0.0120   1.5670   0.0370   0.3230      0
83831    5790.747000 1108.834000  20.6930   0.0390   0.0270   0.0410   0.3230      0
82486    5695.583000 1135.845000  20.4620   0.0620   0.5970   0.0640   0.3230      0
84274    5823.965000 1425.797000  21.0480   0.0220   1.2960   0.0570   0.3200      0
82058    5666.604000 1193.075000  21.8520   0.0580   0.3650   0.0740   0.3190      0
82325    5684.112000 1142.852000  20.7160   0.0190   0.6310   0.0280   0.3180      0
84373    5831.632000 1125.100000  21.1210   0.0230   0.7660   0.1830   0.3170      0
83840    5791.765000 1375.722000  22.0700   0.0460   0.8150   0.0800   0.3170      0
82782    5716.240000 1381.724000  21.1600   0.0470   0.4540   0.0560   0.3170      0
83455    5763.807000 1346.285000  20.4730   0.0490   0.7580   0.0640   0.3170      0
82499    5696.057000 1156.083000  21.3760   0.0680   0.4110   0.0730   0.3170      0
84527    5844.018000 1353.770000  21.1830   0.0210   0.4460   0.0320   0.3160      0
84766    5861.080000 1395.109000  21.5790   0.0380   0.7090   0.0570   0.3160      0
82921    5726.455000 1370.925000  21.2830   0.0220   0.6290   0.0360   0.3150      0
80237    5537.605000 1213.806000  21.5700   0.0340   0.6540   0.0490   0.3150      0
84585    5848.042000 1237.740000  22.0770   0.0470   0.8380   0.0880   0.3150      0
81882    5653.774000 1397.290000  21.5520   0.1310   0.2640   0.1350   0.3150      0
81458    5623.014000 1171.293000  22.0340   0.0420   0.8600   0.0760   0.3130      0
80555    5561.803000 1325.920000  22.0360   0.0420   0.8550   0.0820   0.3130      0
82426    5691.167000 1438.081000  21.5750   0.0390   0.6590   0.0560   0.3120      0
83352    5755.880000 1342.001000  22.0520   0.0520   0.8420   0.0790   0.3120      0
81585    5631.053000 1252.060000  22.0650   0.0530   0.8160   0.0850   0.3110      0
81658    5636.640000 1372.019000  22.0080   0.1160   0.1910   0.1260   0.3110      0
82297    5682.504000 1272.750000  20.9220   0.0210   0.3690   0.0350   0.3100      0
84858    5867.432000 1273.984000  21.0940   0.0260   0.5930   0.0330   0.3100      0
80511    5558.316000 1194.559000  21.1350   0.0430   0.5430   0.0520   0.3100      0
82965    5729.005000 1263.328000  22.0820   0.0520   0.8340   0.0930   0.3100      0
80972    5591.047000 1165.752000  22.0780   0.0550   0.7990   0.0810   0.3100      0
81947    5657.802000 1334.298000  22.0590   0.0550   0.8510   0.0870   0.3100      0
82303    5682.908000 1252.146000  21.1100   0.0980   0.4520   0.1010   0.3100      0
80491    5556.712000 1301.981000  21.1270   0.0280   0.3700   0.0340   0.3090      0
82159    5673.124000 1254.027000  21.4980   0.0520   1.1100   0.0970   0.3090      0
83756    5784.532000 1333.888000  19.3910   0.0140   0.1400   0.0200   0.3080      0
82538    5698.946000 1287.820000  18.4470   0.0400   2.2580   0.0420   0.3080      0
82274    5681.195000 1397.534000  21.5260   0.0400   0.9610   0.0810   0.3080      0
80741    5574.407000 1347.950000  21.4490   0.1220   0.2610   0.1260   0.3080      0
83167    5743.475000 1241.396000  20.9250   0.0250   0.7580   0.0360   0.3070      0
82775    5715.593000 1202.770000  21.1880   0.0290   0.4160   0.0340   0.3070      0
81715    5640.980000 1325.009000  21.0520   0.0290   0.8780   0.0630   0.3070      0
82625    5703.992000 1241.111000  21.2350   0.0260   0.6590   0.0370   0.3060      0
83298    5753.113000 1329.483000  21.6000   0.0360   0.7390   0.0670   0.3060      0
83768    5785.878000 1425.888000  22.0380   0.0490   0.9140   0.0900   0.3060      0
81791    5646.445000 1201.070000  21.0080   0.0790   0.8320   0.1620   0.3060      0
84595    5848.956000 1364.204000  21.5460   0.0340   0.9680   0.0520   0.3050      0
84189    5818.437000 1322.626000  22.0260   0.0460   0.8670   0.0890   0.3050      0
81012    5594.250000 1122.391000  22.0290   0.0480   0.8170   0.0780   0.3050      0
84095    5810.831000 1395.809000  22.0720   0.0580   0.8500   0.1060   0.3050      0
81869    5652.997000 1434.411000  22.0150   0.0430   0.8650   0.0670   0.3040      0
80678    5569.650000 1226.780000  22.0590   0.0610   0.8160   0.0970   0.3040      0
80589    5564.412000 1217.113000  20.2880   0.0170   0.0980   0.0200   0.3030      0
81161    5603.860000 1280.146000  21.1780   0.0240   0.4680   0.0380   0.3030      0
82215    5677.392000 1091.151000  21.5730   0.0320   0.7570   0.0540   0.3030      0
82125    5671.431000 1209.210000  22.1100   0.0510   0.8280   0.0900   0.3030      0
81744    5642.817000 1401.045000  22.0970   0.0560   0.7580   0.0910   0.3030      0
82310    5683.301000 1174.566000  21.4730   0.1050   0.3970   0.1090   0.3030      0
80513    5558.448000 1316.269000  22.1020   0.0470   0.7010   0.0770   0.3020      0
83434    5762.116000 1091.726000  22.0810   0.0510   0.6960   0.0870   0.3020      0
82777    5715.768000 1294.130000  20.9190   0.0810   0.3400   0.0960   0.3020      0
82694    5709.518000 1104.950000  21.1990   0.0230   0.6010   0.0340   0.3010      0
83382    5758.821000 1295.392000  21.2030   0.0240   0.2140   0.0320   0.3010      0
83790    5787.895000 1194.921000  22.0180   0.0420   0.9530   0.0770   0.3010      0
81656    5636.395000 1336.010000  21.1940   0.0270   0.6190   0.0410   0.3000      0
83248    5748.988000 1116.462000  21.1510   0.0290   0.5310   0.0790   0.3000      0
85107    5886.300000 1248.975000  21.5680   0.0390   0.7040   0.0800   0.3000      0
83771    5786.209000 1328.088000  21.5370   0.0400   0.9570   0.0790   0.3000      0
82793    5716.879000 1092.420000  21.4940   0.1140   0.3720   0.1270   0.3000      0
82662    5707.330000 1085.803000  21.3010   0.0250   0.7710   0.0390   0.2990      0
81144    5602.957000 1259.958000  21.2960   0.0310   0.6260   0.0440   0.2990      0
81582    5630.869000 1326.603000  21.6000   0.0490   0.7360   0.0640   0.2990      0
80713    5572.390000 1323.906000  22.1040   0.0620   0.8460   0.0970   0.2990      0
83729    5782.846000 1138.327000  22.0570   0.0620   0.9280   0.1130   0.2990      0
84286    5824.560000 1306.559000  22.0780   0.0660   0.7640   0.1140   0.2990      0
82850    5721.099000 1239.689000  21.1880   0.0280   0.6530   0.0430   0.2980      0
80682    5570.039000 1184.239000  21.1690   0.0310   0.8850   0.0490   0.2980      0
84000    5804.748000 1410.788000  21.4160   0.0360   0.9180   0.0550   0.2980      0
81480    5623.974000 1238.794000  22.0290   0.0540   0.9670   0.0960   0.2970      0
82564    5700.454000 1096.515000  22.0440   0.0580   0.9710   0.0920   0.2960      0
82348    5685.542000 1118.933000  22.1170   0.0580   0.8470   0.0960   0.2960      0
80169    5533.125000 1272.141000  21.2820   0.1110   0.5770   0.1160   0.2960      0
84472    5839.483000 1264.777000  21.6540   0.1520   0.2480   0.1960   0.2960      0
81176    5604.864000 1183.269000  20.6450   0.0140   0.2370   0.0270   0.2950      0
84467    5838.560000 1359.946000  18.2140   0.0180   1.7760   0.0190   0.2950      0
83635    5776.587000 1337.431000  21.1840   0.0250   0.6680   0.0410   0.2950      0
83523    5768.576000 1152.333000  21.4640   0.0300   0.5810   0.0450   0.2950      0
83235    5748.038000 1186.880000  20.4200   0.0320   0.7050   0.0440   0.2950      0
81880    5653.742000 1345.533000  21.6060   0.0340   0.6000   0.0530   0.2950      0
84848    5866.948000 1263.781000  21.5590   0.0390   0.7240   0.0670   0.2950      0
82729    5711.279000 1302.184000  20.4380   0.0290   0.6630   0.0680   0.2940      0
81595    5631.715000 1114.658000  21.1900   0.0580   0.6390   0.0630   0.2940      0
83089    5737.441000 1392.520000  21.3380   0.0300   1.4480   0.0670   0.2930      0
83311    5753.698000 1220.673000  21.4960   0.0320   0.4910   0.0460   0.2930      0
82959    5728.744000 1257.344000  22.0080   0.0410   0.9970   0.0810   0.2930      0
81216    5607.532000 1293.632000  22.0160   0.0480   0.7780   0.0840   0.2930      0
80371    5547.471000 1231.163000  21.6060   0.0500   0.7380   0.0800   0.2930      0
82525    5698.298000 1196.212000  21.4350   0.0260   1.3400   0.0580   0.2920      0
81870    5653.182000 1177.741000  22.0840   0.0570   0.9780   0.1070   0.2920      0
84417    5834.727000 1342.206000  21.1170   0.0620   0.6530   0.0690   0.2920      0
84253    5822.411000 1411.483000  20.9680   0.0160   1.2810   0.0400   0.2910      0
84241    5821.809000 1165.050000  20.8960   0.0300   0.8380   0.0570   0.2910      0
82598    5702.199000 1104.442000  22.0830   0.0540   0.6320   0.0770   0.2910      0
84859    5867.458000 1374.284000  22.0780   0.0610   1.3900   0.1310   0.2910      0
83643    5777.090000 1240.194000  21.9710   0.0740   0.4190   0.0970   0.2910      0
83253    5749.336000 1252.269000  21.0210   0.0770   0.3960   0.0810   0.2910      0
82176    5674.326000 1302.460000  21.1910   0.0250   0.3820   0.0330   0.2900      0
80985    5592.034000 1421.863000  19.9410   0.0530   0.1830   0.0560   0.2900      0
81263    5610.940000 1289.711000  22.0510   0.0540   0.4180   0.0740   0.2900      0
82975    5729.660000 1335.529000  22.1190   0.0640   0.8840   0.1200   0.2900      0
82218    5677.431000 1357.510000  21.9070   0.0840   0.4220   0.1000   0.2900      0
82613    5703.210000 1332.434000  20.7880   0.0180   0.7690   0.0330   0.2890      0
83507    5767.291000 1308.030000  22.1220   0.0570   0.9140   0.0990   0.2890      0
81713    5640.889000 1201.787000  21.0730   0.0240   0.3690   0.0330   0.2880      0
85035    5880.859000 1366.448000  20.9100   0.0310   0.6770   0.0390   0.2880      0
84737    5859.084000 1325.672000  21.1110   0.0310   0.6130   0.0420   0.2880      0
81411    5620.291000 1297.282000  21.5540   0.0410   0.9440   0.0720   0.2880      0
82392    5688.802000 1451.303000  21.5650   0.0450   0.6260   0.0640   0.2880      0
82342    5685.027000 1296.042000  22.0840   0.0610   0.6200   0.0980   0.2880      0
85161    5891.417000 1331.862000  21.3940   0.0850   0.5880   0.0930   0.2880      0
80499    5557.361000 1323.746000  20.2110   0.0130   1.4210   0.0310   0.2870      0
81699    5639.497000 1121.036000  19.3560   0.0300  -0.2160   0.0310   0.2870      0
81625    5634.279000 1190.838000  21.6620   0.0430   0.7180   0.0660   0.2870      0
80906    5586.599000 1416.848000  22.0330   0.0760   0.7140   0.1460   0.2870      0
85209    5895.224000 1258.522000  21.1970   0.0930   0.9070   0.1180   0.2870      0
83468    5764.649000 1323.369000  21.2380   0.0310   0.6950   0.0480   0.2860      0
80964    5590.060000 1129.421000  21.5480   0.0460   0.9120   0.0660   0.2860      0
84574    5847.669000 1212.347000  21.6210   0.0530   0.7190   0.1050   0.2860      0
84066    5809.212000 1421.100000  22.1140   0.0540   0.9570   0.0940   0.2860      0
81131    5601.974000 1344.052000  21.9890   0.0550   0.4740   0.0700   0.2860      0
81110    5600.147000 1219.553000  21.9840   0.0550   0.9110   0.0870   0.2860      0
84663    5853.642000 1379.845000  22.0270   0.0560   0.6840   0.0900   0.2860      0
84822    5864.791000 1191.880000  21.2350   0.0250   0.6960   0.0410   0.2850      0
80113    5528.062000 1243.199000  20.8120   0.0290   1.2870   0.0680   0.2850      0
82941    5727.567000 1288.730000  21.1040   0.0440   0.6440   0.0560   0.2850      0
80161    5532.594000 1329.641000  21.9200   0.0450   1.1920   0.1040   0.2850      0
84069    5809.379000 1300.756000  21.4380   0.0710   1.0370   0.1800   0.2850      0
82563    5700.452000 1231.608000  20.8930   0.0970   0.2130   0.0990   0.2850      0
81784    5645.774000 1245.114000  21.5870   0.0320   0.5810   0.0560   0.2840      0
82516    5697.620000 1327.462000  21.4230   0.0360   0.6180   0.0590   0.2840      0
82320    5683.970000 1351.385000  20.9460   0.0430   0.8480   0.0750   0.2840      0
82035    5664.989000 1384.252000  22.0240   0.0450   0.6690   0.0820   0.2840      0
81620    5633.953000 1226.021000  21.2350   0.1030   0.3850   0.1380   0.2840      0
82860    5721.512000 1308.159000  18.5810   0.0140   1.5360   0.0460   0.2830      0
81617    5633.596000 1433.096000  21.3120   0.0330   0.8090   0.0530   0.2830      0
81469    5623.492000 1214.538000  21.3100   0.0340   0.8130   0.0530   0.2830      0
84420    5834.906000 1221.260000  21.6500   0.0360   0.7520   0.0530   0.2830      0
84127    5812.958000 1202.764000  21.8830   0.0450   0.5350   0.0670   0.2830      0
82481    5695.176000 1310.124000  21.0720   0.0460   0.3670   0.0650   0.2830      0
84185    5818.186000 1309.528000  21.9240   0.0480   1.1400   0.1010   0.2830      0
82217    5677.425000 1191.112000  22.1110   0.0590   0.6230   0.0800   0.2830      0
81522    5627.419000 1342.055000  20.8860   0.0200   0.5970   0.0350   0.2820      0
81755    5643.425000 1213.406000  21.6930   0.0340   0.6810   0.0580   0.2820      0
83848    5792.250000 1389.941000  21.9670   0.0510   1.1070   0.0940   0.2820      0
84359    5830.478000 1417.444000  21.9470   0.0520   1.0590   0.0850   0.2820      0
82569    5700.530000 1117.526000  22.0540   0.0550   0.5360   0.0740   0.2820      0
81513    5626.527000 1382.806000  22.0170   0.0620   0.6900   0.0910   0.2820      0
81453    5622.650000 1207.925000  21.3610   0.0640   0.6150   0.1150   0.2820      0
82961    5728.941000 1278.470000  22.2800   0.0670   1.1580   0.1400   0.2820      0
82293    5682.159000 1435.108000  21.6830   0.0340   0.6260   0.0550   0.2810      0
84351    5829.915000 1152.963000  21.9020   0.0460   0.5490   0.0710   0.2810      0
81898    5654.630000 1097.248000  22.3080   0.0660   1.1510   0.1660   0.2810      0
82956    5728.305000 1411.010000  21.9810   0.0670   1.1060   0.1250   0.2810      0
81851    5650.893000 1258.836000  22.0400   0.0690   1.3030   0.1260   0.2810      0
80445    5553.290000 1291.844000  22.3560   0.0940   1.3150   0.1790   0.2810      0
82670    5707.755000 1354.426000  19.8580   0.0210   0.1070   0.0220   0.2800      0
82322    5684.037000 1223.003000  22.2380   0.0510   1.1550   0.1190   0.2800      0
80463    5555.126000 1160.901000  22.0870   0.0520   0.5220   0.0790   0.2800      0
83345    5755.529000 1192.289000  22.2800   0.0550   1.1010   0.1260   0.2800      0
83316    5754.232000 1184.903000  22.0660   0.0610   1.3060   0.1460   0.2800      0
82648    5705.854000 1322.615000  22.0000   0.0620   0.7420   0.0860   0.2800      0
80441    5552.795000 1305.343000  22.2220   0.0650   1.2320   0.1250   0.2800      0
84926    5872.702000 1264.664000  22.4850   0.0650   1.1420   0.1440   0.2800      0
84928    5872.816000 1258.692000  22.2200   0.0710   1.4090   0.2110   0.2800      0
84407    5834.170000 1388.582000  22.4380   0.0790   1.2330   0.1710   0.2800      0
80189    5534.506000 1222.117000  21.9930   0.0820   0.8150   0.1820   0.2800      0
81682    5638.202000 1230.713000  22.3480   0.0820   1.1460   0.1910   0.2800      0
83498    5766.952000 1333.609000  21.1240   0.0200   0.6310   0.0300   0.2790      0
80886    5584.516000 1356.605000  21.2120   0.0230   0.4460   0.0330   0.2790      0
80423    5550.979000 1332.399000  21.2700   0.0430   0.6920   0.0590   0.2790      0
84487    5840.161000 1244.472000  21.6890   0.0430   0.7090   0.0620   0.2790      0
85212    5895.527000 1245.899000  22.0420   0.0510   1.2890   0.1270   0.2790      0
82149    5672.625000 1343.603000  20.8890   0.0520   0.6990   0.0890   0.2790      0
81719    5641.333000 1379.340000  22.0080   0.0590   0.6990   0.0840   0.2790      0
80830    5580.775000 1364.214000  22.4240   0.0590   0.9280   0.1280   0.2790      0
83761    5785.022000 1268.904000  22.1400   0.0630   0.9430   0.1050   0.2790      0
80940    5588.677000 1353.158000  22.4500   0.0770   0.9540   0.1450   0.2790      0
80488    5556.483000 1295.823000  20.7050   0.0240   0.2730   0.0280   0.2780      0
84515    5842.862000 1235.943000  21.5090   0.0440   0.5180   0.0590   0.2780      0
84978    5877.256000 1367.092000  21.9350   0.0620   1.0780   0.1110   0.2780      0
81178    5604.876000 1382.958000  22.3680   0.0620   1.0130   0.1220   0.2780      0
83559    5770.767000 1403.623000  22.2990   0.0630   1.0830   0.1370   0.2780      0
80357    5546.900000 1365.591000  22.5110   0.0690   0.9990   0.1260   0.2780      0
84845    5866.591000 1159.362000  22.5120   0.0690   0.9750   0.1380   0.2780      0
82155    5672.898000 1223.537000  22.0070   0.1040   1.1820   0.1510   0.2780      0
82394    5688.842000 1360.124000  21.1650   0.0210   0.5270   0.0320   0.2770      0
82154    5672.882000 1376.774000  21.3140   0.0280   0.6240   0.0430   0.2770      0
82647    5705.809000 1459.311000  21.1850   0.0330   0.7270   0.0550   0.2770      0
84804    5863.352000 1256.858000  21.1840   0.0350   0.8690   0.0810   0.2770      0
84216    5820.510000 1196.417000  21.7000   0.0360   0.6530   0.0600   0.2770      0
80144    5531.318000 1276.283000  21.6650   0.0390   0.6030   0.0670   0.2770      0
82464    5693.770000 1462.243000  21.5470   0.0450   0.8030   0.0810   0.2770      0
81049    5596.356000 1131.305000  21.9910   0.0610   0.7470   0.0890   0.2770      0
83088    5737.250000 1360.053000  22.4480   0.0720   0.8670   0.1190   0.2770      0
81067    5597.867000 1211.253000  22.4860   0.0730   1.1780   0.1560   0.2770      0
83217    5746.521000 1380.094000  21.6510   0.0770   0.6280   0.0880   0.2770      0
81593    5631.667000 1299.862000  18.5240   0.0100   1.9320   0.0150   0.2760      0
83628    5776.291000 1356.522000  20.4570   0.0150   0.3750   0.0210   0.2760      0
82509    5697.050000 1353.085000  21.5020   0.0390   0.8520   0.1640   0.2760      0
83319    5754.337000 1436.303000  21.9460   0.0480   0.9570   0.0790   0.2760      0
82721    5710.761000 1374.250000  21.9020   0.0500   1.0650   0.0880   0.2760      0
83627    5776.271000 1113.439000  21.9610   0.0540   0.8990   0.0900   0.2760      0
82814    5718.442000 1235.528000  21.8510   0.0600   0.4800   0.0790   0.2760      0
81367    5617.852000 1167.307000  22.5100   0.0790   0.9310   0.1310   0.2760      0
80150    5531.558000 1223.457000  22.4270   0.1340   1.1660   0.1770   0.2760      0
83694    5780.808000 1434.892000  21.2850   0.0240   1.0230   0.1930   0.2750      0
83589    5773.415000 1284.813000  21.5570   0.0280   0.8850   0.0470   0.2750      0
83817    5789.471000 1446.195000  21.3650   0.0310   0.5920   0.0470   0.2750      0
82656    5706.363000 1247.859000  21.2770   0.0440   0.7120   0.0700   0.2750      0
82267    5680.590000 1208.818000  22.0980   0.0460   1.0880   0.1160   0.2750      0
84397    5833.488000 1143.454000  21.9550   0.0500   0.9310   0.0960   0.2750      0
85235    5897.849000 1256.484000  22.0780   0.1470   0.8320   0.2160   0.2750      0
84112    5811.651000 1406.107000  20.8310   0.0150   0.6930   0.0270   0.2740      0
83584    5773.126000 1277.067000  21.2140   0.0260   1.5290   0.0670   0.2740      0
80984    5591.763000 1424.404000  19.6940   0.0390   0.1860   0.0560   0.2740      0
83711    5781.739000 1426.154000  21.9740   0.0660   0.7810   0.1050   0.2740      0
84856    5867.389000 1224.424000  22.2650   0.0670   1.0580   0.1160   0.2740      0
82913    5726.180000 1240.058000  22.3880   0.0690   0.9310   0.1370   0.2740      0
83573    5771.920000 1212.852000  22.3670   0.0780   0.9730   0.1240   0.2740      0
84528    5844.149000 1295.854000  21.2600   0.0960   0.9360   0.1020   0.2740      0
79993    5519.257000 1274.403000  21.9940   0.0970   0.6130   0.1140   0.2740      0
85136    5889.377000 1322.391000  21.1370   0.0270   0.7380   0.0430   0.2730      0
82759    5714.064000 1261.466000  21.2280   0.0400   0.7430   0.0630   0.2730      0
80120    5528.454000 1315.035000  21.9960   0.0530   0.6810   0.0820   0.2730      0
81011    5594.074000 1407.164000  21.9350   0.0540   0.9670   0.1090   0.2730      0
84899    5870.616000 1297.958000  22.3300   0.0660   1.0030   0.1340   0.2730      0
81357    5616.815000 1263.595000  22.1520   0.0670   1.0060   0.1230   0.2730      0
81280    5611.730000 1382.718000  22.0480   0.1200   0.4810   0.1330   0.2730      0
81485    5624.423000 1407.633000  20.3890   0.0130   1.2620   0.0250   0.2720      0
82686    5708.753000 1238.667000  21.4410   0.0260   0.6380   0.0440   0.2720      0
82453    5693.147000 1391.838000  21.4580   0.0450   0.8470   0.0620   0.2720      0
82907    5725.946000 1185.167000  21.9500   0.0450   0.5540   0.0640   0.2720      0
83169    5743.484000 1364.488000  22.0840   0.0450   1.0830   0.0900   0.2720      0
83118    5739.682000 1349.324000  21.9380   0.0490   0.9380   0.0870   0.2720      0
81403    5619.603000 1355.521000  21.9650   0.0550   0.8360   0.0910   0.2720      0
81783    5645.739000 1316.027000  22.2230   0.0550   1.0840   0.1090   0.2720      0
81141    5602.713000 1179.686000  21.9660   0.0560   0.8130   0.1330   0.2720      0
82187    5675.173000 1416.385000  22.2030   0.0620   1.1250   0.1220   0.2720      0
81711    5640.786000 1386.261000  22.2310   0.0840   1.0550   0.1220   0.2720      0
82448    5692.798000 1229.052000  20.8470   0.0230   0.6490   0.0310   0.2710      0
81324    5614.615000 1267.473000  21.8760   0.0430   0.6310   0.0590   0.2710      0
80516    5558.654000 1289.519000  22.1710   0.0550   0.7930   0.0820   0.2710      0
84318    5827.160000 1271.681000  22.5460   0.0670   0.9730   0.1330   0.2710      0
82865    5721.843000 1283.282000  22.4310   0.0690   0.8170   0.1320   0.2710      0
83683    5779.992000 1194.553000  22.4530   0.0830   0.8190   0.1220   0.2710      0
82685    5708.752000 1336.022000  21.6530   0.0980   0.3860   0.1110   0.2710      0
82743    5712.668000 1358.219000  22.0720   0.1600   0.6300   0.1800   0.2710      0
81838    5649.893000 1118.525000  21.5820   0.0320   0.8160   0.0540   0.2700      0
83892    5796.078000 1215.759000  21.5890   0.0340   1.0130   0.0620   0.2700      0
84892    5869.909000 1383.849000  21.6600   0.0360   0.7700   0.0960   0.2700      0
81710    5640.746000 1441.789000  22.1210   0.0630   1.1690   0.1190   0.2700      0
82212    5677.080000 1180.237000  22.5450   0.0750   0.9010   0.1380   0.2700      0
84238    5821.660000 1402.044000  21.1370   0.0320   0.7180   0.0450   0.2690      0
81451    5622.553000 1303.124000  21.8910   0.0390   0.9640   0.0660   0.2690      0
81651    5636.112000 1415.648000  21.8130   0.0430   1.2040   0.0770   0.2690      0
84364    5830.706000 1215.265000  21.7070   0.0490   0.7210   0.0690   0.2690      0
82800    5717.438000 1208.116000  22.1850   0.0600   1.0830   0.1120   0.2690      0
82339    5684.841000 1160.403000  22.3950   0.0740   0.8500   0.1150   0.2690      0
84537    5844.904000 1161.200000  22.3910   0.0770   0.8660   0.1290   0.2690      0
83160    5742.989000 1261.075000  22.5370   0.0810   1.0610   0.1450   0.2690      0
83136    5741.308000 1082.760000  21.4520   0.0310   0.6280   0.0440   0.2680      0
81085    5598.802000 1378.190000  21.5320   0.0350   0.7150   0.0500   0.2680      0
83423    5761.006000 1442.482000  21.9400   0.0460   0.6080   0.0680   0.2680      0
82789    5716.670000 1375.388000  22.1740   0.0560   0.8480   0.1020   0.2680      0
80624    5566.384000 1168.147000  21.8860   0.0650   1.0220   0.1050   0.2680      0
83377    5758.484000 1382.364000  21.5290   0.0300   0.7840   0.0530   0.2670      0
82697    5709.592000 1331.143000  20.8280   0.0380   0.3650   0.0430   0.2670      0
85091    5884.456000 1218.766000  21.6730   0.0380   0.7720   0.0620   0.2670      0
82892    5724.675000 1463.305000  21.9170   0.0400   0.9370   0.0790   0.2670      0
82661    5707.272000 1209.027000  21.6850   0.0490   0.3870   0.0690   0.2670      0
83392    5759.303000 1156.730000  21.8700   0.0530   0.6160   0.0740   0.2670      0
84521    5843.523000 1290.015000  22.1380   0.0530   1.1450   0.1080   0.2670      0
80476    5555.892000 1366.697000  22.2750   0.0550   0.9920   0.1090   0.2670      0
81622    5634.136000 1389.447000  21.5140   0.0680   0.6380   0.0800   0.2670      0
80916    5587.260000 1219.958000  22.2650   0.0700   0.9980   0.1150   0.2670      0
84497    5841.115000 1402.313000  21.8400   0.1230   0.4960   0.1360   0.2670      0
84764    5860.943000 1270.405000  21.8850   0.0380   0.6700   0.0590   0.2660      0
85037    5881.089000 1265.203000  21.7170   0.0450   0.6370   0.0660   0.2660      0
81163    5603.974000 1133.811000  22.1620   0.0470   0.9660   0.0890   0.2660      0
80369    5547.315000 1287.734000  22.2030   0.0570   1.0280   0.1060   0.2660      0
84452    5837.775000 1345.688000  21.8660   0.0620   1.1500   0.1550   0.2660      0
82306    5683.173000 1381.200000  22.5630   0.0750   0.8600   0.1310   0.2660      0
80616    5565.925000 1198.129000  22.5460   0.0770   0.8060   0.1510   0.2660      0
80276    5540.680000 1234.729000  22.5180   0.0800   0.7470   0.1360   0.2660      0
81991    5661.827000 1180.008000  22.4550   0.0840   0.7590   0.1190   0.2660      0
82737    5712.350000 1315.841000  20.7430   0.0210   0.7700   0.0280   0.2650      0
82978    5729.762000 1396.312000  21.7120   0.0420   0.7400   0.0610   0.2650      0
82304    5683.027000 1082.506000  22.3350   0.0690   0.9070   0.1190   0.2650      0
84125    5812.827000 1109.409000  22.4220   0.0810   0.7730   0.1330   0.2650      0
82242    5678.954000 1109.624000  22.5520   0.0910   1.0070   0.1600   0.2650      0
82576    5700.983000 1324.262000  22.2330   0.0970   0.8950   0.1400   0.2650      0
83963    5801.514000 1398.312000  22.5500   0.0980   0.8590   0.1630   0.2650      0
81912    5655.785000 1255.326000  19.1720   0.0190  -0.0150   0.0210   0.2640      0
80496    5557.312000 1171.540000  21.0550   0.0230   0.2910   0.0330   0.2640      0
84852    5867.145000 1172.025000  21.8840   0.0410   0.6740   0.0680   0.2640      0
82061    5666.784000 1366.598000  22.5410   0.0780   0.7360   0.1280   0.2640      0
82612    5703.173000 1352.432000  21.6900   0.1130   0.7660   0.1240   0.2640      0
81565    5629.778000 1419.228000  21.2580   0.0380   0.8220   0.0520   0.2630      0
85221    5896.027000 1309.760000  21.8490   0.0400   0.6460   0.0640   0.2630      0
80318    5543.833000 1230.339000  21.6060   0.0420   0.9610   0.0650   0.2630      0
84075    5809.576000 1272.080000  21.6140   0.0430   0.9770   0.0660   0.2630      0
80258    5539.436000 1241.162000  21.9010   0.0500   0.6600   0.0770   0.2630      0
80958    5589.658000 1202.029000  21.7100   0.0520   0.7550   0.0720   0.2630      0
83284    5751.866000 1384.919000  22.2410   0.0730   0.9610   0.1110   0.2630      0
80681    5569.982000 1145.277000  22.5270   0.0760   0.7190   0.1150   0.2630      0
83564    5770.969000 1421.384000  21.7350   0.0790   0.6390   0.0890   0.2630      0
84797    5862.757000 1336.303000  22.5200   0.0840   1.6550   0.2460   0.2630      0
81258    5610.588000 1233.770000  21.9020   0.0910   0.6580   0.1160   0.2630      0
83403    5759.941000 1136.662000  21.1880   0.0230   0.7770   0.0410   0.2620      0
80345    5546.004000 1269.761000  21.4440   0.0320   0.6410   0.0450   0.2620      0
83120    5739.906000 1138.729000  21.8780   0.0410   0.9070   0.0710   0.2620      0
81332    5615.108000 1319.779000  21.8540   0.0420   0.9160   0.0700   0.2620      0
83619    5775.641000 1236.717000  21.7120   0.0450   0.7500   0.0730   0.2620      0
81460    5623.264000 1430.892000  21.9660   0.0470   0.6700   0.0720   0.2620      0
82998    5730.953000 1285.248000  21.8930   0.0500   0.9090   0.1000   0.2620      0
82007    5662.978000 1328.772000  21.8420   0.0720   0.5860   0.0840   0.2620      0
82026    5664.297000 1434.955000  22.4590   0.0850   0.7190   0.1360   0.2620      0
82547    5699.520000 1346.482000  20.5100   0.0140   1.2370   0.0280   0.2610      0
82425    5691.134000 1374.714000  21.5520   0.0410   0.5550   0.0640   0.2610      0
84908    5871.126000 1221.191000  21.8770   0.0450   0.6840   0.0730   0.2610      0
81696    5639.245000 1218.895000  22.2660   0.0490   0.9530   0.0960   0.2610      0
82472    5694.426000 1167.894000  22.3220   0.0860   0.8720   0.1500   0.2610      0
81308    5613.371000 1380.199000  21.8350   0.1120   0.8030   0.2170   0.2610      0
85265    5899.779000 1317.287000  22.1550   0.1730   0.3380   0.1830   0.2610      0
81090    5599.017000 1135.131000  21.2080   0.0330   0.7780   0.0500   0.2600      0
80486    5556.434000 1283.759000  21.6970   0.0350   0.9990   0.0690   0.2600      0
83608    5774.735000 1303.371000  21.5060   0.0380   0.5860   0.0520   0.2600      0
82667    5707.608000 1259.026000  21.7280   0.0400   0.6130   0.0670   0.2600      0
83698    5780.875000 1309.615000  21.8480   0.0440   0.9510   0.0900   0.2600      0
81298    5612.602000 1228.540000  21.5700   0.0520   1.0850   0.0820   0.2600      0
81792    5646.560000 1336.828000  21.8510   0.0520   0.9110   0.0830   0.2600      0
82948    5728.072000 1390.667000  22.2140   0.0580   0.9410   0.1050   0.2600      0
85027    5880.590000 1322.823000  21.8540   0.0600   0.9140   0.0880   0.2600      0
84330    5828.482000 1175.745000  22.3780   0.0670   0.7740   0.1010   0.2600      0
82408    5689.424000 1167.118000  22.5660   0.0800   1.6010   0.2400   0.2600      0
80695    5571.024000 1270.539000  22.1850   0.0810   0.6510   0.1180   0.2600      0
82940    5727.355000 1161.888000  21.3290   0.0350   0.8610   0.0520   0.2590      0
81676    5637.684000 1181.647000  21.8450   0.0370   0.8280   0.0650   0.2590      0
83072    5735.862000 1188.003000  20.9420   0.0400   0.3510   0.0540   0.2590      0
84998    5878.625000 1313.877000  21.9390   0.0470   0.8050   0.0910   0.2590      0
83912    5797.446000 1226.974000  21.8520   0.0500   0.6640   0.0800   0.2590      0
81193    5605.689000 1305.810000  21.8340   0.0610   0.9990   0.0900   0.2590      0
80765    5575.849000 1285.328000  21.2500   0.0240   0.8050   0.0420   0.2580      0
85155    5890.996000 1276.429000  21.3360   0.0300   0.8510   0.0460   0.2580      0
82300    5682.778000 1259.690000  21.5140   0.0340   0.5720   0.0520   0.2580      0
83435    5762.159000 1236.906000  21.8240   0.0360   0.8060   0.0780   0.2580      0
82316    5683.564000 1191.444000  21.8290   0.0560   0.9920   0.1060   0.2580      0
83057    5735.004000 1258.376000  20.9810   0.0750   0.2960   0.0780   0.2580      0
80279    5540.991000 1200.307000  22.5290   0.0810   0.6680   0.1290   0.2580      0
83480    5765.299000 1161.738000  21.4230   0.0360   0.8460   0.0620   0.2570      0
83789    5787.895000 1131.952000  21.8520   0.0390   0.8090   0.0700   0.2570      0
81506    5626.022000 1117.187000  21.6710   0.0400   0.9620   0.0660   0.2570      0
84776    5861.533000 1374.381000  21.8750   0.0420   0.7240   0.0720   0.2570      0
83338    5755.205000 1098.621000  21.9290   0.0450   0.7230   0.0870   0.2570      0
80970    5590.935000 1261.932000  21.8260   0.0460   0.8020   0.0750   0.2570      0
81202    5606.535000 1187.950000  21.8270   0.0480   0.8180   0.0820   0.2570      0
81086    5598.824000 1404.757000  22.3560   0.0630   0.7820   0.1010   0.2570      0
84140    5814.051000 1423.902000  22.2920   0.0670   0.8790   0.1090   0.2570      0
81972    5659.556000 1308.378000  21.7770   0.0810   0.7440   0.0980   0.2570      0
82821    5718.976000 1110.464000  21.7830   0.0340   0.8420   0.0640   0.2560      0
84102    5811.130000 1261.229000  21.9030   0.0430   0.8500   0.0770   0.2560      0
81209    5606.853000 1128.237000  22.3040   0.0910   0.8080   0.1300   0.2560      0
82290    5682.031000 1187.223000  21.3230   0.0340   0.7420   0.0590   0.2550      0
84089    5810.284000 1333.602000  21.8230   0.0410   0.6420   0.0590   0.2550      0
80361    5547.055000 1275.571000  21.7180   0.0410   1.0230   0.0760   0.2550      0
83647    5777.479000 1159.975000  21.7040   0.0420   0.9780   0.0770   0.2550      0
81910    5655.422000 1101.447000  21.7900   0.0440   0.8540   0.0870   0.2550      0
83743    5783.626000 1391.837000  21.6360   0.0470   0.9440   0.0690   0.2550      0
83219    5746.638000 1333.070000  21.8820   0.0470   0.8180   0.0720   0.2550      0
81554    5629.367000 1149.703000  21.7930   0.0520   1.1950   0.1030   0.2550      0
81524    5627.474000 1368.073000  21.0170   0.1090   0.1380   0.1260   0.2550      0
82033    5664.918000 1375.049000  20.2620   0.0130   1.5950   0.0250   0.2540      0
84049    5808.100000 1228.533000  21.6860   0.0390   0.5540   0.0540   0.2540      0
83024    5732.492000 1197.884000  21.8790   0.0390   0.7840   0.0670   0.2540      0
83034    5733.541000 1089.752000  21.7710   0.0410   0.8330   0.0660   0.2540      0
80968    5590.616000 1198.965000  21.3190   0.0490   0.8510   0.1310   0.2540      0
82932    5726.999000 1331.954000  21.7800   0.0530   0.9010   0.0780   0.2540      0
83483    5765.669000 1406.259000  22.2690   0.0550   0.8810   0.1180   0.2540      0
80693    5570.946000 1247.469000  22.5670   0.0760   1.2010   0.1640   0.2540      0
83588    5773.413000 1317.258000  22.5910   0.0860   0.6970   0.1240   0.2540      0
81261    5610.851000 1353.259000  21.4340   0.0310   0.8270   0.0550   0.2530      0
81132    5602.023000 1124.635000  21.8100   0.0430   0.7450   0.0720   0.2530      0
81681    5638.162000 1269.919000  21.6830   0.0470   0.9460   0.0740   0.2530      0
81207    5606.819000 1120.737000  22.2020   0.0480   0.8060   0.0890   0.2530      0
81848    5650.473000 1195.905000  21.6980   0.0500   0.5460   0.0680   0.2530      0
82988    5730.412000 1408.239000  21.6980   0.0610   0.5460   0.0730   0.2530      0
81663    5636.958000 1343.463000  22.3540   0.0650   0.7350   0.1080   0.2530      0
81150    5603.219000 1337.786000  22.3260   0.0700   0.7840   0.1060   0.2530      0
80293    5541.848000 1195.587000  22.5780   0.0790   0.6370   0.1340   0.2530      0
84280    5824.309000 1158.220000  21.5120   0.0290   0.7760   0.0550   0.2520      0
82512    5697.398000 1211.305000  21.5720   0.0380   0.4120   0.0520   0.2520      0
82411    5689.705000 1288.224000  21.7310   0.0390   0.7990   0.0570   0.2520      0
82895    5725.049000 1108.896000  21.9280   0.0390   0.7650   0.0720   0.2520      0
82074    5667.334000 1184.525000  21.7520   0.0450   0.6060   0.0670   0.2520      0
82839    5720.194000 1435.361000  21.7820   0.0460   0.7380   0.0700   0.2520      0
82657    5706.557000 1326.592000  21.6830   0.0760   0.4810   0.0950   0.2520      0
84604    5849.529000 1154.921000  21.7620   0.0430   0.9530   0.0750   0.2510      0
82049    5665.787000 1188.755000  21.7110   0.0470   0.9270   0.0720   0.2510      0
81419    5620.510000 1281.374000  22.2180   0.0470   0.8460   0.0860   0.2510      0
82715    5710.301000 1195.816000  21.7840   0.0490   0.5930   0.0670   0.2510      0
84553    5845.716000 1182.865000  21.7110   0.0510   0.9360   0.0710   0.2510      0
83670    5778.797000 1427.975000  21.6650   0.0530   1.0240   0.1790   0.2510      0
81061    5597.366000 1388.911000  21.7150   0.0600   0.8690   0.0800   0.2510      0
81596    5631.800000 1391.027000  21.6430   0.0730   1.0500   0.1570   0.2510      0
83469    5764.679000 1293.773000  22.5880   0.0990   1.1410   0.1890   0.2510      0
82769    5714.880000 1273.263000  21.3300   0.0290   0.7400   0.0450   0.2500      0
81885    5653.862000 1290.884000  21.9220   0.0310   0.7800   0.0680   0.2500      0
84536    5844.854000 1400.756000  21.7820   0.0320   0.7320   0.0590   0.2500      0
83212    5745.995000 1301.962000  21.4100   0.0360   0.6870   0.0820   0.2500      0
82824    5719.139000 1174.373000  22.2660   0.0470   0.8590   0.0930   0.2500      0
80739    5574.178000 1404.453000  22.5590   0.0900   0.5590   0.1440   0.2500      0
84357    5830.369000 1401.353000  21.7860   0.0340   0.7270   0.0540   0.2490      0
80793    5578.450000 1299.726000  21.7980   0.0340   1.0020   0.0820   0.2490      0
81422    5620.682000 1444.979000  21.7190   0.0430   0.8350   0.0620   0.2490      0
83655    5778.209000 1343.954000  21.7030   0.0480   0.8420   0.0670   0.2490      0
84096    5810.876000 1235.408000  22.1920   0.0550   0.6540   0.0870   0.2490      0
82855    5721.323000 1160.396000  22.2870   0.0950   0.7000   0.1240   0.2490      0
81572    5630.004000 1105.614000  22.5870   0.1140   1.3060   0.2160   0.2490      0
83201    5745.327000 1339.662000  21.7180   0.0450   1.0960   0.0780   0.2480      0
82272    5681.038000 1256.111000  21.7300   0.1080   1.1760   0.1900   0.2480      0
84382    5832.240000 1284.273000  21.4670   0.0340   0.8010   0.0540   0.2470      0
84947    5874.460000 1238.175000  21.6060   0.0360   0.8820   0.0570   0.2470      0
84762    5860.844000 1341.916000  21.7410   0.0420   0.5500   0.0550   0.2470      0
81767    5644.345000 1431.323000  22.2730   0.0520   0.8140   0.0910   0.2470      0
80998    5593.085000 1267.207000  22.2840   0.0610   0.7860   0.1020   0.2470      0
80953    5589.440000 1206.385000  22.1670   0.0790   0.4550   0.1040   0.2470      0
82589    5701.705000 1181.218000  21.6370   0.0540   0.4310   0.0670   0.2460      0
83079    5736.416000 1099.150000  22.2850   0.0620   0.7570   0.1080   0.2460      0
82003    5662.761000 1200.796000  22.6300   0.0920   0.8590   0.1670   0.2460      0
82983    5730.259000 1270.375000  19.9150   0.0550   0.3120   0.0560   0.2450      0
85069    5883.379000 1191.686000  22.4120   0.0610   0.6080   0.0970   0.2450      0
81075    5598.234000 1239.426000  22.6210   0.0860   0.4610   0.1230   0.2450      0
82434    5691.750000 1367.335000  22.6340   0.0970   0.8930   0.1490   0.2450      0
81336    5615.401000 1296.320000  20.6930   0.0180   0.7740   0.0330   0.2440      0
83644    5777.351000 1247.934000  21.4160   0.0370   0.7110   0.0840   0.2440      0
81399    5619.479000 1305.709000  22.3360   0.0600   0.6620   0.0990   0.2440      0
82820    5718.804000 1408.007000  22.5010   0.0770   0.5040   0.1150   0.2440      0
83278    5751.674000 1318.234000  22.2720   0.1060   0.5700   0.1420   0.2440      0
81177    5604.871000 1389.654000  20.4340   0.0230   0.0940   0.0280   0.2430      0
84030    5806.804000 1338.149000  21.6720   0.0350   0.8900   0.0550   0.2430      0
83843    5791.842000 1411.781000  22.3490   0.0650   0.6280   0.1020   0.2430      0
83451    5763.554000 1244.513000  20.5870   0.0780   0.0880   0.0790   0.2430      0
81692    5638.770000 1154.351000  20.7490   0.0410   0.8020   0.0510   0.2420      0
81876    5653.639000 1266.663000  21.4610   0.0450   0.7860   0.0590   0.2410      0
80367    5547.239000 1319.653000  20.3800   0.0590   0.1680   0.0600   0.2410      0
83597    5773.728000 1322.807000  21.3120   0.0590   0.3560   0.0690   0.2410      0
80231    5537.312000 1314.764000  22.6570   0.0810   0.7800   0.1230   0.2410      0
80855    5582.181000 1278.442000  22.2270   0.0920   0.5230   0.1180   0.2410      0
84179    5817.834000 1142.702000  22.6270   0.1010   1.0590   0.1960   0.2410      0
83594    5773.633000 1124.689000  21.5590   0.0310   0.5000   0.0450   0.2400      0
81038    5595.624000 1274.191000  22.6700   0.0860   0.6830   0.1340   0.2400      0
82228    5678.125000 1268.193000  22.5730   0.2100   0.2780   0.2330   0.2400      0
84543    5845.268000 1156.790000  21.3930   0.0290   0.6730   0.0480   0.2390      0
82137    5672.117000 1196.541000  22.2960   0.1180   0.4990   0.1330   0.2390      0
80490    5556.700000 1218.419000  20.7640   0.0200   0.1670   0.0240   0.2380      0
81465    5623.433000 1344.268000  21.4110   0.0360   0.8140   0.0600   0.2380      0
80046    5523.342000 1269.464000  22.3050   0.0580   0.6460   0.0860   0.2380      0
83327    5754.465000 1145.245000  22.2580   0.0520   0.6980   0.0890   0.2370      0
82622    5703.853000 1304.031000  20.8460   0.0610   0.7470   0.0720   0.2370      0
81284    5611.900000 1189.361000  22.3970   0.0790   0.4420   0.1140   0.2350      0
84226    5821.172000 1295.284000  21.0210   0.0230   0.3490   0.0330   0.2330      0
84024    5806.065000 1344.907000  22.7080   0.1510   0.4970   0.1790   0.2330      0
83922    5798.053000 1326.305000  21.3970   0.0240   0.7250   0.0460   0.2320      0
83886    5795.833000 1354.002000  22.2850   0.0720   0.5270   0.1080   0.2310      0
82262    5680.176000 1289.401000  20.6150   0.0170   0.1930   0.0220   0.2300      0
85074    5883.655000 1315.443000  20.3940   0.0200   0.3810   0.0240   0.2270      0
81374    5618.197000 1251.251000  21.3890   0.0270   0.7520   0.0430   0.2270      0
83585    5773.200000 1168.962000  21.4470   0.0410   0.7280   0.0560   0.2270      0
82854    5721.283000 1353.953000  20.7930   0.0290   0.6890   0.0400   0.2250      0
84817    5864.286000 1246.876000  21.4860   0.0310   0.7460   0.0530   0.2250      0
84441    5836.805000 1401.761000  22.7220   0.0730   0.7580   0.1300   0.2210      0
81505    5625.940000 1153.685000  21.6470   0.0330   1.4280   0.1920   0.2190      0
84120    5812.708000 1142.130000  22.7660   0.1030   0.6010   0.1640   0.2180      0
85225    5896.222000 1327.370000  22.6920   0.0870   1.0110   0.1770   0.2170      0
81275    5611.583000 1251.493000  22.7840   0.0870   0.5510   0.1270   0.2160      0
83945    5800.055000 1196.071000  22.7400   0.1390   0.9970   0.2450   0.2160      0
83027    5732.957000 1379.420000  21.6990   0.0930   1.3730   0.1340   0.2140      0
84560    5846.347000 1266.590000  22.7000   0.0820   0.9970   0.1650   0.2130      0
82504    5696.418000 1115.581000  22.7330   0.0850   0.8450   0.1690   0.2120      0
83735    5783.227000 1339.565000  22.7250   0.0910   1.4330   0.2280   0.2120      0
82649    5705.986000 1273.232000  20.3890   0.0450   0.3780   0.0560   0.2090      0
83137    5741.374000 1221.021000  22.8010   0.1690   0.9880   0.2310   0.2080      0
80999    5593.219000 1217.881000  22.7380   0.0610   1.3990   0.2000   0.2030      0
81069    5598.021000 1199.930000  22.7430   0.0660   0.9080   0.1570   0.2000      0
84945    5874.375000 1249.026000  20.7980   0.0260   0.2330   0.0650   0.1990      0
83010    5731.615000 1118.175000  22.7720   0.1180   1.0700   0.2040   0.1960      0
82818    5718.711000 1322.995000  20.3200   0.0290   0.3860   0.0330   0.1930      0
82420    5690.650000 1123.679000  22.9360   0.1080   0.7350   0.1820   0.1580      0
84217    5820.536000 1346.792000  23.0010   0.1230   1.2420   0.2350   0.1500      0
84250    5822.214000 1280.248000  23.0090   0.1380   1.0830   0.2370   0.1480      0
83766    5785.634000 1187.694000  22.9660   0.1030   0.8180   0.1910   0.1450      0
81148    5603.139000 1425.760000  23.3130   0.1480   0.4820   0.2010   0.1410      0
80382    5548.476000 1301.180000  23.0490   0.1170   0.5610   0.2390   0.1390      0
