#ID x y mag e_mag col1 e_col1 memb_prob sel
24000    1655.481000 2021.258000  20.5400   0.0150   0.8240   0.0200   0.7210      1
22659    1571.162000 2169.963000  20.0550   0.0090   0.9600   0.0130   0.6650      1
25446    1748.583000 2190.317000  20.5840   0.0170   0.8270   0.0370   0.6650      1
23828    1644.780000 2115.199000  20.5950   0.0190   0.7760   0.0230   0.6560      1
24889    1712.628000 2118.648000  20.6170   0.0150   0.8170   0.0190   0.6460      1
24003    1655.673000 2069.618000  19.9670   0.0090   1.1580   0.0130   0.6450      1
23742    1638.688000 2054.626000  19.9340   0.0290   0.7240   0.0330   0.6440      1
24511    1688.557000 2083.485000  20.8800   0.0160   0.8250   0.0230   0.6430      1
23633    1630.992000 2098.522000  19.9250   0.0390   0.7010   0.0440   0.6400      1
23546    1624.960000 2101.052000  19.9720   0.0240   0.6330   0.0290   0.6390      1
26613    1821.790000 2088.404000  20.9160   0.0200   0.7980   0.0270   0.6380      1
24008    1655.993000 2053.576000  20.0250   0.0160   0.6240   0.0230   0.6370      1
26238    1797.295000 2131.003000  20.5280   0.0140   0.7890   0.0170   0.6350      1
23278    1610.430000 2205.045000  20.6290   0.0170   0.8300   0.0220   0.6240      1
26951    1844.130000 2020.977000  20.8680   0.0150   0.8010   0.0240   0.6230      1
22582    1566.770000 2213.376000  18.6550   0.0050   1.8700   0.0090   0.6050      1
24288    1674.996000 2106.592000  20.8830   0.0170   0.7580   0.0220   0.6010      1
23082    1597.858000 2031.135000  18.8470   0.0050   1.9390   0.0080   0.5970      1
24105    1662.979000 2067.764000  20.6660   0.0190   0.7910   0.0230   0.5970      1
24548    1690.929000 2166.209000  20.1020   0.0110   0.8610   0.0140   0.5960      1
23715    1637.541000 2035.925000  18.6450   0.0110   1.8610   0.0130   0.5940      1
25281    1737.957000 1940.544000  20.5950   0.0180   0.8690   0.0230   0.5940      1
25440    1748.281000 2076.753000  18.6200   0.0040   1.6890   0.0070   0.5930      1
24175    1668.010000 2092.613000  20.4410   0.0200   1.1680   0.0780   0.5920      1
22809    1580.984000 2069.609000  20.6710   0.0170   0.8280   0.0220   0.5750      1
23814    1643.707000 2023.974000  17.9410   0.0040   1.6590   0.0060   0.5660      1
21187    1475.706000 2090.290000  20.3820   0.0140   0.6160   0.0170   0.5650      1
22262    1546.148000 2200.475000  20.0490   0.0120   1.1740   0.0150   0.5590      1
23869    1646.982000 2042.801000  17.9710   0.0120   1.7030   0.0130   0.5530      1
23537    1624.768000 2048.138000  20.8340   0.0210   0.7760   0.0260   0.5520      1
25869    1774.278000 2152.319000  20.8160   0.0180   0.7880   0.0290   0.5470      1
26285    1800.671000 1976.172000  18.6320   0.0050   1.6640   0.0080   0.5460      1
23026    1594.289000 2141.287000  18.8730   0.0080   1.9180   0.0150   0.5420      1
23420    1618.273000 2106.450000  20.8280   0.0170   0.8160   0.0240   0.5380      1
23602    1628.959000 2182.560000  20.1690   0.0080   1.6430   0.0180   0.5320      1
26324    1802.819000 1962.556000  20.8250   0.0180   0.7560   0.0240   0.5310      1
22297    1548.423000 2207.259000  18.5980   0.0050   1.7270   0.0070   0.5290      1
22845    1582.808000 1978.649000  18.6840   0.0060   1.8630   0.0100   0.5280      1
23656    1633.072000 2149.926000  20.9180   0.0210   0.7260   0.0260   0.5260      1
22720    1574.774000 2087.809000  20.3570   0.0140   0.6040   0.0180   0.5250      1
21531    1498.985000 2148.104000  20.7000   0.0180   0.7780   0.0240   0.5210      1
20907    1459.275000 1996.448000  18.5930   0.0040   1.7350   0.0070   0.5170      1
21236    1479.222000 2095.946000  22.7150   0.0990  -0.0210   0.1150   0.5170      1
25012    1720.513000 2161.253000  21.0690   0.0230   0.7620   0.0300   0.5150      1
23778    1641.096000 2002.447000  21.1040   0.0230   0.7330   0.0290   0.5110      1
22941    1589.108000 2025.111000  20.7940   0.0420   0.8110   0.0490   0.5080      1
22335    1550.900000 2053.168000  20.7720   0.0190   0.8560   0.0250   0.5040      1
24907    1713.635000 2029.928000  21.0870   0.0240   0.7230   0.0320   0.5040      1
24590    1693.229000 1982.136000  21.0600   0.0240   0.7550   0.0290   0.5020      1
25001    1720.005000 1868.769000  21.0820   0.0250   0.7200   0.0290   0.5000      1
24334    1678.124000 1871.521000  20.7560   0.0160   1.5980   0.0290   0.4930      1
25660    1762.152000 2122.368000  19.6520   0.0090   0.0990   0.0110   0.4920      1
25356    1743.066000 1978.324000  18.8140   0.0060   1.6520   0.0070   0.4890      1
22915    1587.596000 1908.596000  20.5820   0.0160   0.4480   0.0190   0.4890      1
24178    1668.219000 2044.207000  21.0710   0.0290   0.7330   0.0350   0.4890      1
24264    1673.827000 2062.345000  20.4340   0.0160   0.6170   0.0190   0.4870      1
22234    1544.222000 1969.666000  20.9470   0.0240   0.8110   0.0270   0.4870      1
25468    1750.235000 1963.479000  20.4950   0.0130   1.5440   0.0230   0.4830      1
23625    1630.353000 2051.513000  20.8550   0.0270   0.8720   0.0320   0.4780      1
23089    1598.261000 2017.332000  19.6740   0.0100   0.0730   0.0110   0.4770      1
22888    1585.831000 2163.108000  20.4820   0.0160   1.6030   0.0270   0.4770      1
24684    1698.794000 1986.126000  20.7240   0.0160   0.7530   0.0220   0.4680      1
22963    1590.258000 2016.237000  20.7510   0.0250   0.7690   0.0280   0.4660      1
23103    1599.663000 2182.870000  20.7530   0.0160   1.5750   0.0280   0.4550      1
23230    1607.403000 1939.098000  21.1210   0.0230   0.7260   0.0310   0.4540      1
23485    1621.989000 2202.586000  20.4580   0.0140   1.4220   0.0210   0.4500      1
22151    1538.892000 2099.980000  20.7950   0.0160   1.6210   0.0300   0.4490      1
24101    1662.698000 2015.515000  20.9860   0.0200   0.7570   0.0250   0.4440      1
23357    1615.106000 2077.368000  20.5160   0.0140   1.6310   0.0290   0.4410      1
21703    1509.609000 1974.853000  21.1040   0.0220   1.5390   0.0400   0.4390      1
26348    1804.825000 2080.661000  19.3990   0.0070   2.2220   0.0260   0.4310      1
22813    1581.125000 2114.052000  20.9920   0.0230   0.7430   0.0270   0.4310      1
24506    1688.307000 2159.630000  18.4940   0.0060   2.9810   0.0180   0.4290      1
21906    1522.510000 1903.516000  16.9590   0.0020   2.6930   0.0050   0.4270      1
26138    1791.440000 1949.929000  18.3990   0.0040   0.0120   0.0050   0.4270      1
25165    1730.758000 2163.441000  17.4860   0.0040   2.1650   0.0070   0.4270      1
23736    1638.587000 2121.477000  17.0480   0.0030   1.4410   0.0040   0.4260      1
22894    1586.210000 1957.651000  17.7380   0.0040   2.3290   0.0070   0.4240      1
22579    1566.515000 2045.723000  16.7820   0.0020   1.2500   0.0030   0.4230      1
21511    1497.701000 2043.544000  17.5850   0.0040   1.9140   0.0110   0.4230      1
26463    1812.625000 1998.434000  21.0240   0.0230   0.7450   0.0280   0.4220      1
22981    1591.479000 2021.797000  17.1840   0.0030   2.5350   0.0060   0.4210      1
25393    1745.209000 2138.553000  17.9460   0.0030   2.7910   0.0080   0.4210      1
25430    1747.536000 2207.314000  21.3480   0.0600   2.3710   0.0960   0.4200      1
25260    1736.484000 2105.002000  21.4720   0.0300   0.5590   0.0340   0.4150      1
26168    1793.294000 2126.230000  21.4570   0.0360   0.5340   0.0400   0.4150      1
21656    1506.260000 2140.303000  21.4370   0.0320   0.5850   0.0430   0.3880      1
24952    1715.805000 1900.056000  21.4670   0.0420   0.5640   0.0490   0.3870      1
22076    1534.114000 2003.946000  23.3210   0.1430   0.6910   0.1840   0.3850      1
23468    1621.073000 1936.135000  23.3360   0.1680   0.9160   0.2160   0.3810      1
25306    1740.317000 1968.947000  21.4670   0.0360   0.5930   0.0410   0.3790      1
25373    1744.038000 2209.119000  21.4410   0.0410   0.9520   0.0520   0.3750      1
25836    1772.291000 2130.334000  21.5000   0.0350   0.5640   0.0420   0.3740      1
25767    1768.465000 1912.982000  21.3030   0.0220   0.5450   0.0280   0.3730      1
21523    1498.370000 2161.249000  21.4750   0.0320   0.8930   0.0420   0.3720      1
24692    1699.362000 2003.743000  21.4620   0.0320   0.8720   0.0440   0.3680      1
26277    1800.307000 1985.135000  21.4150   0.0280   0.6350   0.0380   0.3660      1
25801    1770.474000 2172.958000  21.4590   0.0320   0.8640   0.0390   0.3660      1
23224    1607.145000 2142.138000  21.4670   0.0370   0.8890   0.0470   0.3650      1
26158    1792.597000 2056.410000  21.2720   0.0240   0.5520   0.0300   0.3580      1
21890    1521.318000 2125.949000  22.6740   0.1000   0.4350   0.1250   0.3570      1
24831    1708.551000 2003.542000  21.3900   0.0260   0.6510   0.0320   0.3560      1
23951    1652.042000 2018.343000  21.4020   0.0330   0.6460   0.0400   0.3560      1
24357    1679.148000 2004.051000  21.4230   0.0370   0.6430   0.0430   0.3560      1
24031    1657.471000 2140.522000  22.7250   0.0860   0.4910   0.1210   0.3560      1
22171    1540.456000 2051.892000  21.4740   0.0240   1.0130   0.0350   0.3550      1
21743    1512.439000 2120.199000  21.4160   0.0210   0.8190   0.0310   0.3520      1
22633    1569.703000 1985.002000  23.3120   0.1810   0.7560   0.2140   0.3520      1
26309    1802.156000 2078.419000  21.3860   0.0390   0.5150   0.0520   0.3510      1
25619    1760.034000 1973.747000  22.8010   0.1040   0.4440   0.1280   0.3500      1
23808    1643.549000 2015.309000  21.3190   0.0250   0.7130   0.0340   0.3490      1
26945    1843.949000 2056.771000  21.4700   0.0330   0.6300   0.0390   0.3480      1
23676    1634.035000 2235.096000  21.3470   0.0270   0.5260   0.0340   0.3470      1
23622    1630.155000 2153.939000  21.3240   0.0320   0.6870   0.0380   0.3450      1
23444    1619.889000 2076.737000  21.3210   0.0280   0.6600   0.0380   0.3440      1
23266    1609.402000 1980.749000  21.5020   0.0420   0.5880   0.0470   0.3440      1
22357    1552.367000 2028.505000  21.4470   0.0390   0.8340   0.0470   0.3430      1
26082    1787.395000 2102.799000  21.4780   0.0280   0.6320   0.0340   0.3420      1
23446    1619.899000 2230.546000  21.3270   0.0350   0.6830   0.0400   0.3420      1
24014    1656.347000 1992.424000  22.7350   0.1010   0.5080   0.1180   0.3420      1
22498    1560.593000 2079.460000  21.3940   0.0580   0.6520   0.0650   0.3410      1
24795    1706.369000 2176.578000  21.3060   0.0260   0.6580   0.0360   0.3390      1
23055    1596.451000 2160.562000  21.3990   0.0290   0.9520   0.0430   0.3370      1
22402    1554.640000 1965.707000  21.3760   0.0330   0.7450   0.0410   0.3340      1
21677    1507.696000 1952.017000  21.3950   0.0390   0.7800   0.0460   0.3340      1
23179    1604.192000 2017.458000  21.4180   0.0280   0.7080   0.0390   0.3330      1
23755    1639.743000 1891.046000  21.4200   0.0320   0.7580   0.0420   0.3320      1
23500    1622.551000 1954.185000  21.3740   0.0480   0.7410   0.0560   0.3300      1
24749    1703.124000 1962.939000  22.9670   0.1170   1.1600   0.1630   0.3280      1
26181    1794.123000 2150.678000  21.4990   0.0330   0.9750   0.0460   0.3270      1
25675    1763.105000 2105.057000  21.4240   0.0430   0.7240   0.0480   0.3250      1
23273    1609.953000 2083.641000  21.2960   0.0290   0.7170   0.0350   0.3230      1
22233    1544.220000 1981.720000  21.4400   0.0360   0.7520   0.0430   0.3210      1
25728    1766.503000 2117.373000  21.4690   0.0280   0.7930   0.0410   0.3190      1
25044    1722.423000 1970.644000  21.4740   0.0290   0.7970   0.0370   0.3150      1
22217    1542.746000 1991.831000  21.3950   0.0530   0.9160   0.0820   0.3150      1
23439    1619.490000 2070.221000  21.2850   0.0230   0.6280   0.0290   0.3120      1
24435    1683.529000 1913.219000  22.9030   0.0980   1.0180   0.1570   0.3120      1
21938    1524.848000 2193.632000  21.9050   0.0400   1.0730   0.0610   0.3110      1
24089    1661.894000 2052.162000  21.5030   0.0520   0.8530   0.0590   0.3080      1
26166    1793.107000 1984.505000  21.3520   0.0220   0.8100   0.0330   0.3040      1
24707    1700.751000 2216.111000  22.8570   0.1000   1.0730   0.1430   0.3040      1
22211    1542.353000 2136.055000  21.9160   0.0430   1.0500   0.0630   0.3020      1
23554    1625.800000 2160.901000  22.6170   0.0680   0.6220   0.0970   0.3020      1
26072    1786.545000 2041.430000  22.9020   0.1230   1.0520   0.1590   0.3020      1
24181    1668.372000 2129.623000  22.7740   0.0830   0.6660   0.1050   0.3010      1
23593    1628.607000 2198.418000  21.8990   0.0410   1.0190   0.0600   0.2990      1
23575    1627.297000 2036.226000  21.3600   0.0470   0.8330   0.0580   0.2980      1
25987    1781.178000 1931.989000  23.1630   0.1400   0.6140   0.1680   0.2980      1
25433    1747.659000 1956.557000  21.8670   0.0440   1.0270   0.0630   0.2960      1
25911    1776.949000 1939.262000  22.8470   0.0860   0.9100   0.1240   0.2950      1
23072    1597.415000 2065.101000  21.2900   0.0340   0.7490   0.0430   0.2940      1
24956    1716.447000 1953.756000  22.8970   0.1140   0.8830   0.1620   0.2930      1
22116    1536.508000 1884.321000  22.6290   0.0820   0.6500   0.1050   0.2910      1
22687    1572.747000 1874.528000  22.8360   0.1000   0.9640   0.1840   0.2910      1
22883    1585.262000 1925.094000  21.4770   0.0210   0.7180   0.0270   0.2900      1
23692    1635.782000 1933.103000  21.9030   0.0530   1.0990   0.0740   0.2900      1
23314    1612.417000 2009.491000  21.2830   0.0320   0.7470   0.0350   0.2890      1
26023    1783.501000 1938.818000  21.9100   0.0390   0.9990   0.0590   0.2880      1
24639    1695.775000 1875.006000  22.8130   0.0940   1.0190   0.1280   0.2880      1
25162    1730.634000 2003.039000  22.9000   0.1080   0.8110   0.1330   0.2880      1
22947    1589.364000 1869.257000  21.8340   0.0360   1.0350   0.0540   0.2860      1
25555    1755.721000 1924.871000  22.8510   0.1270   1.0950   0.1710   0.2860      1
23066    1597.080000 2060.207000  19.9760   0.0250   1.1010   0.0270   0.6830      0
23974    1653.468000 2026.975000  20.4080   0.0120   1.1000   0.0190   0.5590      0
21491    1496.148000 1960.137000  21.8600   0.0740   1.7570   0.1050   0.5070      0
25406    1745.710000 1884.923000  18.8470   0.0050   1.6960   0.0080   0.4870      0
22185    1541.008000 2152.195000  22.7150   0.0890   0.2610   0.0980   0.4710      0
26278    1800.338000 2114.119000  20.6070   0.0160   0.4730   0.0190   0.4680      0
21499    1497.219000 2046.429000  18.8870   0.0110   1.8390   0.0340   0.4610      0
25640    1761.174000 1929.441000  18.6150   0.0060   1.5240   0.0080   0.4600      0
23277    1610.257000 2122.831000  21.6720   0.0840   1.7130   0.1090   0.4600      0
23009    1593.226000 1925.669000  18.6520   0.0040   1.6890   0.0070   0.4550      0
23155    1602.889000 1993.149000  20.1690   0.0110   0.5670   0.0160   0.4510      0
24845    1709.247000 2211.585000  20.9670   0.0230   0.3820   0.0260   0.4440      0
22761    1577.806000 1908.767000  21.7010   0.0390   1.5280   0.0590   0.4380      0
25298    1740.006000 2154.801000  20.6020   0.0140   0.4280   0.0170   0.4360      0
26774    1832.221000 2036.109000  18.7810   0.0050   1.7100   0.0100   0.4350      0
22610    1568.896000 2056.082000  20.1350   0.0130   1.6100   0.0200   0.4350      0
22364    1552.719000 2062.099000  20.9400   0.0210   1.0970   0.0280   0.4330      0
24057    1659.454000 2029.860000  18.9680   0.0060   2.0760   0.0110   0.4290      0
24809    1707.300000 2082.237000  19.1900   0.0060  -0.0720   0.0070   0.4240      0
23389    1616.420000 1900.530000  21.8490   0.0710   1.5310   0.0970   0.4240      0
25442    1748.443000 1999.690000  20.5650   0.0120   1.5420   0.0250   0.4230      0
21450    1492.908000 2097.398000  17.8290   0.0040   1.7250   0.0060   0.4220      0
21167    1474.224000 2077.795000  21.0720   0.0270   0.6990   0.0380   0.4220      0
22289    1547.885000 2019.948000  21.1330   0.0230   0.7350   0.0280   0.4210      0
25447    1748.596000 2145.670000  18.2060   0.0040   2.0550   0.0070   0.4170      0
22873    1584.768000 2204.489000  20.0600   0.0130   0.5430   0.0150   0.4160      0
25101    1726.390000 2157.363000  20.9720   0.0210   0.6990   0.0260   0.4160      0
21443    1492.399000 1934.808000  19.8940   0.0120   1.5460   0.0160   0.4130      0
25937    1778.493000 2079.756000  17.7500   0.0050   2.1570   0.0070   0.4120      0
24502    1687.800000 2044.234000  20.9960   0.0200   0.7880   0.0280   0.4120      0
24842    1709.191000 2051.619000  17.8710   0.0040   1.8310   0.0060   0.4100      0
23156    1602.924000 1997.336000  18.8750   0.0040   0.2670   0.0060   0.4100      0
23052    1596.413000 2003.718000  20.9040   0.0210   1.2030   0.0350   0.4090      0
24769    1704.492000 2151.799000  20.7440   0.0170   0.6830   0.0200   0.4070      0
22451    1557.112000 2076.808000  17.2480   0.0030   2.4150   0.0050   0.4050      0
21476    1494.734000 2003.764000  19.0810   0.0060   1.3290   0.0090   0.4050      0
24485    1686.607000 2057.209000  18.6500   0.0060   1.5660   0.0120   0.4040      0
24284    1674.714000 2167.283000  18.0890   0.0040   2.0010   0.0070   0.4020      0
22779    1579.055000 2124.387000  18.6820   0.0050   1.8070   0.0080   0.4020      0
23840    1645.386000 2053.923000  20.5480   0.0290   1.1150   0.0720   0.4010      0
23465    1620.744000 2178.419000  19.6520   0.0070   3.9860   0.0630   0.4000      0
24967    1717.019000 1888.112000  20.7420   0.0130   1.1860   0.0250   0.4000      0
25673    1762.962000 1885.466000  20.9310   0.0190   0.3960   0.0230   0.4000      0
21819    1516.926000 2172.538000  20.6350   0.0260   0.7150   0.0300   0.3990      0
22427    1555.940000 2023.265000  20.9470   0.0250   0.3970   0.0280   0.3980      0
21775    1514.402000 2111.174000  19.2530   0.0070   0.1690   0.0080   0.3960      0
24319    1677.156000 2025.129000  18.4510   0.0040   2.0290   0.0090   0.3940      0
24695    1699.676000 2079.135000  20.4210   0.0100   0.7470   0.0160   0.3930      0
24599    1693.838000 1999.270000  20.8160   0.0320   0.7120   0.0370   0.3920      0
24772    1704.831000 1939.266000  20.8080   0.0250   1.2080   0.0370   0.3900      0
25552    1755.557000 1895.077000  19.2370   0.0060   1.8180   0.0120   0.3890      0
24504    1688.087000 2069.823000  19.3040   0.0060   1.9120   0.0130   0.3870      0
26648    1823.692000 2103.032000  19.8080   0.0100   1.9310   0.0200   0.3870      0
24051    1658.623000 1914.626000  21.1220   0.0360   1.5310   0.0480   0.3870      0
25392    1745.197000 1876.976000  19.8220   0.0100   0.3050   0.0120   0.3860      0
22143    1538.361000 1945.824000  18.8050   0.0050   0.1490   0.0060   0.3850      0
23777    1641.061000 2073.085000  20.4980   0.0190   0.7470   0.0220   0.3850      0
21869    1519.650000 1988.508000  20.9490   0.0230   0.6770   0.0280   0.3830      0
22252    1545.305000 1908.544000  19.0120   0.0060   1.3290   0.0090   0.3820      0
24645    1696.266000 1919.960000  19.1990   0.0060   1.5980   0.0110   0.3770      0
25566    1756.908000 2003.703000  21.0700   0.0220   0.8170   0.0290   0.3760      0
25272    1737.425000 2116.259000  20.4130   0.0560   0.5860   0.0570   0.3730      0
23954    1652.185000 1956.875000  21.1700   0.0280   0.6240   0.0330   0.3720      0
26313    1802.348000 2009.874000  19.8640   0.0080   1.3800   0.0140   0.3710      0
24591    1693.332000 1959.747000  21.1940   0.0230   0.6160   0.0320   0.3690      0
23586    1627.995000 2005.839000  18.4320   0.0050   1.8020   0.0070   0.3680      0
22772    1578.694000 1979.690000  21.0750   0.0260   1.4730   0.0580   0.3660      0
22053    1532.810000 2120.365000  19.8800   0.0100   1.6140   0.0150   0.3650      0
24981    1718.396000 2070.290000  20.7370   0.0200   0.6720   0.0260   0.3610      0
25763    1768.111000 2054.456000  20.2190   0.0120  -0.0570   0.0170   0.3600      0
25967    1780.232000 1958.348000  19.8550   0.0080  -0.0450   0.0090   0.3580      0
22496    1560.560000 2206.160000  20.4100   0.0140   0.5280   0.0180   0.3570      0
24859    1710.526000 1950.261000  20.2890   0.0130   0.2030   0.0150   0.3560      0
21498    1497.201000 2055.266000  21.1760   0.0270   0.6470   0.0320   0.3560      0
24490    1686.770000 2060.992000  20.2040   0.0330   0.6380   0.0400   0.3560      0
25617    1759.977000 2110.287000  20.8080   0.0180   0.6370   0.0210   0.3550      0
22189    1541.091000 2122.153000  21.0660   0.0270   0.6800   0.0300   0.3550      0
25136    1728.716000 2102.394000  18.3940   0.0050   1.7410   0.0070   0.3490      0
24887    1712.293000 2037.110000  20.8420   0.0190   1.4320   0.0290   0.3490      0
26938    1843.701000 2012.980000  20.5870   0.0130   0.5110   0.0170   0.3480      0
25548    1755.256000 2030.570000  20.6570   0.0150   0.6160   0.0200   0.3470      0
24172    1667.893000 2089.625000  19.5820   0.0120   1.2900   0.0230   0.3460      0
25651    1761.650000 2181.062000  20.6100   0.0160   1.4070   0.0270   0.3430      0
24598    1693.800000 2132.944000  21.3180   0.0290   0.4790   0.0340   0.3410      0
24196    1669.346000 2059.714000  21.1970   0.0200   0.6610   0.0260   0.3400      0
23649    1632.874000 2064.448000  16.4600   0.0380   2.8620   0.0380   0.3400      0
23051    1596.412000 1986.523000  21.3120   0.0230   0.6020   0.0310   0.3340      0
21380    1489.355000 2094.490000  21.1260   0.0320   0.7960   0.0390   0.3340      0
22766    1578.024000 1885.747000  18.7390   0.0050   1.7250   0.0090   0.3330      0
21250    1480.088000 2113.901000  21.2740   0.0210   0.5840   0.0340   0.3320      0
23283    1610.652000 1954.622000  21.5090   0.0300   0.6070   0.0380   0.3300      0
26716    1828.411000 2033.033000  21.1380   0.0340   0.6300   0.0410   0.3280      0
23205    1605.787000 2170.364000  22.7910   0.1100   0.5060   0.1350   0.3280      0
22896    1586.253000 2215.403000  20.2250   0.0110   1.6030   0.0210   0.3260      0
23062    1596.785000 2138.341000  21.2890   0.0640   0.5550   0.0690   0.3260      0
22158    1539.458000 1992.733000  19.8910   0.0110   0.3390   0.0160   0.3220      0
22415    1555.466000 2167.648000  20.8050   0.0190   0.6110   0.0230   0.3220      0
22447    1556.985000 1956.926000  21.1380   0.0230   0.5730   0.0280   0.3220      0
25680    1764.050000 2095.851000  21.2610   0.0250   0.5790   0.0310   0.3210      0
25707    1765.725000 1973.994000  19.0920   0.0060   1.9100   0.0110   0.3200      0
21632    1505.088000 2007.225000  20.8870   0.0180   0.0740   0.0210   0.3190      0
22902    1586.540000 2104.792000  21.5050   0.0430   0.5360   0.1130   0.3180      0
23218    1606.707000 2038.759000  18.5230   0.0050   1.8020   0.0080   0.3140      0
26862    1838.731000 2051.343000  21.0180   0.0250   0.3350   0.0360   0.3130      0
25183    1731.808000 2130.726000  20.8400   0.0200   0.4420   0.0230   0.3120      0
23836    1645.303000 2056.624000  20.6010   0.0320   0.6870   0.0370   0.3120      0
22613    1569.072000 1887.784000  22.9960   0.0980   0.9570   0.1430   0.3120      0
21200    1476.913000 2126.652000  20.6660   0.0160   0.4900   0.0190   0.3100      0
23810    1643.630000 2150.659000  20.7010   0.0200   1.4930   0.0310   0.3100      0
26218    1796.461000 1998.507000  22.1120   0.0660   0.4950   0.0740   0.3090      0
22345    1551.845000 1917.944000  19.4840   0.0070   1.7030   0.0120   0.3080      0
25902    1776.635000 1968.235000  19.6650   0.0090   1.7250   0.0140   0.3080      0
24001    1655.657000 1998.862000  20.2870   0.0140   0.9150   0.0180   0.3050      0
26573    1819.391000 2053.491000  20.3680   0.0300   1.4160   0.0370   0.3040      0
20929    1460.820000 2072.846000  21.2540   0.0270   0.4290   0.0320   0.3030      0
25003    1720.061000 1884.307000  20.8750   0.0200   1.5140   0.0370   0.3020      0
23038    1595.715000 2103.973000  22.1320   0.0590   0.5090   0.0790   0.3020      0
22863    1584.185000 2047.690000  21.0100   0.0210   0.6850   0.0270   0.3010      0
21548    1499.764000 2166.395000  20.3600   0.0130   0.4420   0.0150   0.2990      0
26019    1783.097000 2090.885000  23.1320   0.1280   0.7640   0.1580   0.2990      0
22599    1567.795000 1933.487000  20.5310   0.0140   0.4950   0.0170   0.2970      0
21781    1514.918000 2104.873000  21.1690   0.0310   0.5440   0.0370   0.2950      0
22531    1563.329000 1964.806000  22.9220   0.0900   0.8470   0.1370   0.2950      0
21727    1511.469000 2026.427000  20.0210   0.0090   0.3690   0.0120   0.2940      0
21643    1505.638000 2015.044000  22.0140   0.0510   0.5610   0.0610   0.2930      0
24893    1712.813000 1890.429000  21.1870   0.0210   0.4760   0.0270   0.2920      0
25802    1770.489000 1941.357000  20.6810   0.0230   1.5210   0.0300   0.2910      0
23913    1649.512000 2183.171000  22.8450   0.1080   0.9310   0.1360   0.2880      0
21942    1525.240000 2106.904000  22.8500   0.1170   0.6910   0.1400   0.2870      0
22056    1532.985000 2188.610000  21.4790   0.0290   0.7230   0.0340   0.2860      0
25369    1743.594000 2015.985000  22.6920   0.0780   0.7360   0.1010   0.2860      0
24448    1684.248000 1970.432000  22.6360   0.0890   0.6640   0.1070   0.2860      0
22169    1540.335000 2030.346000  23.1230   0.1040   0.6450   0.1340   0.2850      0
25602    1759.030000 1970.908000  22.8390   0.1200   1.2340   0.1650   0.2850      0
22094    1535.022000 1983.363000  22.8040   0.0930   0.7950   0.1160   0.2840      0
24632    1695.304000 2102.575000  22.8740   0.1200   0.7700   0.1400   0.2840      0
25748    1767.424000 2146.208000  21.2950   0.0510   0.7680   0.0570   0.2830      0
24776    1705.060000 1912.929000  22.7880   0.0880   0.8060   0.1260   0.2830      0
24916    1714.198000 2211.600000  21.8640   0.0520   1.0020   0.0660   0.2820      0
23550    1625.428000 2056.258000  22.6700   0.0790   0.7320   0.1040   0.2820      0
25828    1771.898000 2155.436000  22.7470   0.1020   0.7460   0.1310   0.2820      0
23830    1644.889000 2202.980000  22.8130   0.1040   0.9490   0.1350   0.2820      0
24883    1712.115000 2147.864000  21.3690   0.0280   0.9540   0.0370   0.2810      0
25230    1734.634000 2177.292000  22.0010   0.0720  -0.0320   0.0770   0.2810      0
22835    1582.067000 1888.855000  21.3200   0.0490   0.8140   0.0570   0.2800      0
24096    1662.402000 1994.261000  22.7940   0.0960   0.8330   0.1160   0.2800      0
23872    1647.118000 1989.852000  22.1700   0.0600   0.5530   0.0720   0.2780      0
22002    1529.532000 1943.145000  21.8470   0.0630   1.0380   0.0730   0.2780      0
23328    1613.264000 2120.408000  21.5070   0.0870   0.8780   0.0970   0.2780      0
22102    1535.501000 2183.002000  22.6690   0.0610   0.7720   0.0920   0.2770      0
21678    1507.726000 1920.210000  22.6120   0.0700   0.7030   0.0940   0.2770      0
24678    1698.585000 1915.819000  22.9750   0.1070   0.4530   0.1370   0.2750      0
23556    1625.953000 2078.692000  20.8730   0.0250   0.3190   0.0290   0.2730      0
21229    1478.833000 1980.255000  21.9240   0.0430   0.4700   0.0560   0.2730      0
23108    1599.808000 2232.600000  21.9490   0.0490   1.0320   0.0650   0.2730      0
22545    1564.192000 2174.007000  22.6190   0.0850   0.7010   0.1100   0.2720      0
22934    1588.722000 2103.831000  21.2910   0.0760   0.8470   0.1320   0.2710      0
24667    1697.663000 2058.768000  22.7640   0.0920   0.9120   0.1270   0.2710      0
21982    1528.379000 2179.566000  19.7670   0.0080   0.1580   0.0090   0.2700      0
21880    1520.821000 2013.425000  21.5150   0.0300   0.6580   0.0390   0.2700      0
23242    1608.035000 2113.303000  21.5620   0.0310   0.8890   0.0400   0.2700      0
24921    1714.482000 1948.392000  21.8200   0.0480   1.0630   0.0810   0.2690      0
23612    1629.523000 2191.706000  22.0670   0.0490   0.6470   0.0620   0.2690      0
22649    1570.452000 2011.306000  22.5870   0.0750   0.6890   0.0950   0.2680      0
23176    1604.008000 2103.429000  22.7650   0.0920   1.0810   0.1420   0.2680      0
25450    1748.675000 2041.795000  21.5260   0.0360   0.8020   0.0480   0.2670      0
21566    1500.776000 2033.079000  22.6110   0.0970   0.6940   0.1160   0.2670      0
22230    1543.814000 1978.094000  22.6470   0.1160   0.6540   0.2020   0.2670      0
26737    1829.803000 2021.519000  20.3350   0.0170   0.1790   0.0180   0.2660      0
25796    1770.253000 2104.030000  22.7270   0.1190   0.8150   0.2010   0.2660      0
26232    1797.002000 2140.252000  22.1710   0.0500   0.5810   0.0710   0.2650      0
24794    1706.333000 2114.377000  21.2630   0.0200   0.6910   0.0290   0.2640      0
26215    1796.365000 1970.766000  21.1940   0.0260   0.7150   0.0300   0.2640      0
26691    1827.328000 1984.069000  22.6030   0.0780   0.7220   0.1030   0.2640      0
24293    1675.146000 2123.881000  22.7510   0.1060   0.9430   0.1380   0.2630      0
24252    1673.160000 1901.830000  19.9410   0.0090   0.1670   0.0110   0.2620      0
23323    1613.087000 2106.417000  22.0170   0.0380   0.6520   0.0540   0.2620      0
25312    1740.781000 2144.416000  20.8430   0.0230   0.4940   0.0270   0.2610      0
25262    1736.612000 2069.587000  22.6640   0.0710   0.8150   0.0930   0.2600      0
22416    1555.525000 1970.582000  21.8940   0.0470   1.0030   0.1180   0.2590      0
25570    1757.177000 1935.847000  21.8320   0.0580   0.9550   0.0690   0.2590      0
20873    1456.761000 2061.189000  21.1900   0.0220   0.9030   0.0400   0.2580      0
23758    1640.140000 2008.569000  21.1790   0.0270   0.8930   0.0350   0.2580      0
22085    1534.503000 2013.648000  21.9260   0.0400   0.9620   0.0570   0.2570      0
24737    1702.358000 2165.810000  22.2790   0.0690   1.4800   0.1060   0.2570      0
23161    1603.401000 1961.395000  21.8110   0.0400   0.9160   0.0570   0.2560      0
21644    1505.648000 2176.323000  21.8230   0.0430   0.9140   0.0560   0.2560      0
23061    1596.775000 2155.567000  21.7960   0.0330   0.9270   0.0520   0.2550      0
22786    1579.492000 2061.634000  22.3220   0.0700   0.4050   0.0820   0.2550      0
26266    1799.016000 2076.403000  21.8960   0.0480   0.9460   0.0650   0.2540      0
24241    1672.508000 2010.807000  21.9980   0.0490   0.6310   0.0560   0.2540      0
23414    1617.842000 2162.685000  22.0600   0.0570   0.6610   0.0700   0.2540      0
23074    1597.541000 1854.593000  22.7300   0.0950   1.0100   0.1390   0.2540      0
23594    1628.626000 2145.055000  22.7330   0.1090   0.9870   0.1340   0.2540      0
25027    1721.548000 2122.080000  22.7060   0.1160   0.8760   0.1410   0.2540      0
23559    1626.145000 1965.354000  21.5370   0.0360   0.7890   0.0470   0.2530      0
21327    1485.445000 1953.982000  22.6770   0.0980   0.8460   0.1250   0.2530      0
25389    1744.991000 1962.832000  22.6300   0.0870   0.7960   0.1110   0.2520      0
24660    1697.203000 1856.977000  22.7210   0.0900   0.9860   0.1180   0.2520      0
22258    1545.710000 2032.202000  21.2670   0.0250   0.8070   0.0330   0.2500      0
22821    1581.585000 2078.233000  22.6570   0.0770   0.8480   0.1060   0.2500      0
21605    1503.722000 2135.943000  22.5690   0.0790   0.7270   0.1050   0.2500      0
25910    1776.898000 1899.148000  21.5970   0.0320   0.8830   0.0430   0.2490      0
23738    1638.617000 2082.186000  21.5710   0.0530   0.8550   0.0610   0.2490      0
23909    1649.350000 2054.370000  21.9280   0.0740   1.2820   0.1320   0.2470      0
24074    1660.441000 2035.545000  22.7600   0.1440   1.1650   0.1710   0.2470      0
25847    1773.026000 2105.903000  21.3420   0.0360   0.9310   0.0680   0.2460      0
22754    1577.085000 2024.081000  21.9520   0.0460   0.9680   0.0600   0.2460      0
22688    1572.758000 2165.144000  21.8160   0.0460   0.8940   0.0610   0.2460      0
22946    1589.285000 2047.588000  21.9660   0.0480   0.9870   0.0620   0.2460      0
25850    1773.477000 2195.269000  22.1130   0.0790   0.6460   0.0900   0.2440      0
24687    1698.855000 2008.293000  21.2540   0.0320   0.7640   0.0410   0.2430      0
24744    1702.909000 2207.681000  21.7970   0.0410   0.8930   0.0600   0.2420      0
23455    1620.187000 1851.772000  22.6930   0.0870   0.9910   0.1190   0.2420      0
23926    1650.360000 1854.403000  21.7790   0.0330   1.0720   0.0590   0.2410      0
25491    1751.727000 2190.768000  22.2850   0.0950   0.3800   0.1450   0.2410      0
22048    1532.576000 2115.428000  22.7150   0.1150   1.0800   0.1380   0.2410      0
24440    1683.912000 2011.339000  21.5810   0.0410   0.8170   0.0530   0.2390      0
21502    1497.319000 2127.766000  22.0870   0.0510   0.7000   0.0670   0.2390      0
21687    1508.015000 2077.274000  21.2750   0.0230   0.8750   0.0330   0.2380      0
22273    1546.686000 2136.296000  21.6120   0.0260   0.8610   0.0420   0.2380      0
24930    1714.908000 2201.424000  22.1070   0.0580   0.6880   0.0740   0.2380      0
23739    1638.631000 2090.348000  22.5560   0.0680   0.7730   0.0960   0.2370      0
23012    1593.286000 1965.612000  22.5690   0.0940   0.7840   0.1060   0.2370      0
22606    1568.250000 1950.433000  21.1740   0.0220   0.7800   0.0340   0.2360      0
26362    1806.212000 2138.712000  21.5830   0.0310   0.7960   0.0410   0.2360      0
25857    1773.771000 1900.447000  22.1370   0.0570   0.6650   0.0940   0.2360      0
24690    1699.217000 1946.829000  21.8440   0.0580   0.8900   0.0700   0.2360      0
25091    1726.010000 1941.430000  22.5660   0.0740   0.7950   0.0930   0.2360      0
25051    1722.794000 2100.172000  22.0540   0.0810   1.3680   0.0970   0.2360      0
23843    1645.656000 2094.742000  22.0730   0.0490   0.7130   0.0670   0.2350      0
24610    1694.173000 2037.934000  22.5930   0.0830   0.8300   0.1040   0.2350      0
23667    1633.568000 1953.472000  21.8370   0.0460   0.8600   0.0590   0.2330      0
22701    1573.607000 2175.709000  22.0900   0.0600   0.7090   0.0720   0.2320      0
25181    1731.754000 1872.130000  22.6460   0.0940   0.9480   0.1330   0.2320      0
24503    1688.026000 2214.706000  21.5880   0.0400   0.8030   0.0480   0.2300      0
22980    1591.464000 1918.955000  21.9330   0.0510   0.9250   0.0620   0.2300      0
22765    1577.952000 2154.638000  21.8960   0.0580   0.9030   0.0730   0.2300      0
24696    1699.803000 2128.319000  22.5420   0.0810   0.7870   0.1080   0.2300      0
24039    1657.989000 2188.668000  22.4650   0.0860   0.5550   0.1000   0.2300      0
25476    1751.037000 1943.089000  21.1320   0.0440   0.9040   0.0500   0.2290      0
22188    1541.083000 2200.756000  21.9080   0.0510   0.9070   0.0690   0.2290      0
26346    1804.736000 2098.237000  22.6670   0.0860   1.0280   0.1180   0.2290      0
22689    1572.793000 1967.013000  21.5920   0.0380   0.8000   0.0440   0.2270      0
22707    1574.000000 2185.015000  21.8380   0.0410   0.8410   0.0580   0.2270      0
24634    1695.346000 2153.059000  20.6910   0.0210   0.5520   0.0240   0.2260      0
25496    1751.925000 1959.662000  21.8200   0.0300   0.8140   0.0520   0.2260      0
21824    1517.208000 1983.323000  22.1050   0.0640   0.7180   0.0830   0.2260      0
26490    1814.069000 2028.283000  22.6570   0.0670   1.0120   0.0960   0.2260      0
26442    1811.550000 1946.228000  22.2490   0.0680   0.6170   0.0830   0.2250      0
22781    1579.171000 2204.566000  22.5130   0.0730   0.7720   0.0950   0.2250      0
21316    1484.746000 2045.554000  21.1370   0.0260   0.4510   0.0300   0.2240      0
26918    1841.859000 2006.394000  22.0520   0.0520   0.7350   0.0650   0.2240      0
21206    1477.555000 2032.268000  21.8510   0.0540   0.8530   0.0650   0.2230      0
21466    1494.182000 1965.277000  22.0750   0.0570   0.7470   0.0700   0.2210      0
23309    1611.975000 2061.047000  22.3160   0.0730   0.5900   0.0860   0.2210      0
23999    1655.372000 1867.262000  21.7750   0.0520   0.8860   0.0670   0.2200      0
25742    1767.215000 1931.515000  21.8330   0.0540   0.8380   0.0630   0.2200      0
26498    1814.482000 1947.524000  22.0320   0.0590   1.1490   0.1060   0.2200      0
23195    1605.327000 1908.930000  22.5810   0.0740   0.8990   0.1000   0.2200      0
24447    1684.087000 2030.769000  22.4690   0.0710   0.7410   0.0880   0.2190      0
26624    1822.221000 2107.441000  21.5380   0.0350   0.6860   0.0450   0.2180      0
24471    1685.854000 1900.607000  22.0910   0.0510   1.0900   0.0760   0.2180      0
21043    1467.294000 2008.691000  22.6140   0.0950   0.9790   0.1140   0.2180      0
21338    1486.027000 2102.915000  20.5720   0.0460   0.6320   0.0520   0.2170      0
25738    1767.087000 1955.028000  22.2270   0.0590   0.6660   0.0740   0.2160      0
21930    1524.410000 2037.349000  22.0930   0.0640   1.0900   0.0850   0.2160      0
25098    1726.270000 2140.597000  20.9020   0.0180   0.6270   0.0210   0.2150      0
23253    1608.702000 2211.117000  21.7500   0.0430   0.9970   0.0590   0.2150      0
22596    1567.585000 2125.085000  22.1150   0.0470   1.0220   0.0670   0.2150      0
24007    1655.946000 2200.491000  22.5990   0.1000   0.9880   0.1160   0.2150      0
24148    1666.180000 2024.824000  21.5660   0.0370   0.6060   0.0430   0.2140      0
24453    1684.552000 2041.714000  22.1060   0.0510   0.7760   0.0720   0.2140      0
26364    1806.463000 1936.878000  22.2700   0.0730   0.6620   0.0860   0.2140      0
21579    1501.798000 1958.173000  22.6420   0.1000   1.1090   0.1320   0.2140      0
23978    1654.015000 2116.894000  21.5690   0.0410   0.7570   0.0480   0.2130      0
24497    1687.355000 2142.375000  21.9770   0.0490   0.6670   0.0940   0.2130      0
25689    1764.475000 2081.535000  22.0930   0.0540   1.0090   0.0750   0.2130      0
23658    1633.092000 2196.623000  21.8570   0.0400   0.8210   0.0550   0.2120      0
23324    1613.155000 1893.332000  22.0340   0.0520   0.9610   0.0750   0.2120      0
24256    1673.302000 2017.632000  22.1360   0.0630   0.7560   0.0760   0.2120      0
22679    1572.350000 2095.855000  22.4560   0.0660   0.7930   0.0890   0.2120      0
25383    1744.554000 1910.160000  21.0260   0.0220   1.3210   0.0350   0.2110      0
20833    1454.755000 2058.001000  22.0550   0.0680   0.8060   0.1020   0.2110      0
23096    1598.783000 1964.540000  22.5480   0.0740   0.9170   0.0990   0.2110      0
24533    1690.004000 1996.583000  22.4610   0.0780   0.8040   0.1010   0.2110      0
23034    1594.742000 2192.551000  22.4240   0.0810   0.7560   0.1020   0.2110      0
24888    1712.544000 2053.890000  21.9300   0.0970   0.5880   0.1070   0.2110      0
25674    1762.971000 2063.697000  22.3880   0.0650   0.7480   0.0790   0.2100      0
22913    1587.310000 2118.677000  21.4610   0.0360   1.4140   0.0490   0.2090      0
22895    1586.219000 2157.735000  22.0830   0.0460   0.9510   0.0670   0.2090      0
22500    1560.669000 1960.681000  22.1500   0.0520   1.0290   0.0840   0.2090      0
21865    1519.368000 2176.997000  22.4390   0.0970   0.7920   0.1210   0.2090      0
24736    1702.229000 2023.365000  20.6760   0.0170   0.3560   0.0190   0.2080      0
23151    1602.444000 2079.901000  22.0840   0.0530   0.9510   0.0680   0.2080      0
21434    1491.950000 2058.306000  22.2860   0.0530   0.7050   0.0730   0.2080      0
23972    1653.391000 2145.155000  22.0420   0.0560   0.8060   0.0740   0.2080      0
22805    1580.645000 2103.033000  22.3220   0.0660   0.7160   0.0780   0.2080      0
25372    1743.991000 1971.466000  22.4920   0.0740   0.8670   0.1090   0.2080      0
23980    1654.063000 1886.368000  22.4370   0.0750   0.7970   0.0980   0.2080      0
24535    1690.019000 2144.899000  22.3390   0.0770   0.6550   0.1360   0.2080      0
22360    1552.487000 2133.051000  22.5070   0.0790   0.8880   0.1070   0.2080      0
26546    1817.505000 2068.911000  22.0260   0.0470   0.9070   0.0630   0.2070      0
23925    1650.156000 1952.063000  22.0490   0.0590   0.8850   0.0800   0.2070      0
21552    1499.930000 1942.799000  22.3540   0.0720   0.7280   0.0990   0.2070      0
22526    1563.020000 1891.262000  22.5650   0.0880   0.9980   0.1170   0.2070      0
22724    1574.923000 1942.547000  22.0180   0.0430   0.8960   0.0620   0.2060      0
26024    1783.673000 2058.787000  22.0860   0.0550   0.8840   0.0750   0.2060      0
22044    1532.426000 2088.397000  21.5650   0.0430   0.6310   0.0520   0.2050      0
26448    1811.838000 1934.766000  22.0900   0.0450   0.8640   0.0620   0.2050      0
25547    1755.019000 2137.253000  22.5440   0.0800   0.9640   0.1050   0.2050      0
23829    1644.805000 2210.951000  22.0090   0.0350   0.8790   0.0510   0.2040      0
23358    1615.218000 1914.940000  21.9840   0.0500   0.8120   0.1090   0.2040      0
23030    1594.546000 1880.129000  22.3540   0.0680   0.7720   0.0820   0.2040      0
23583    1627.708000 1894.155000  22.4500   0.0800   0.8590   0.1030   0.2040      0
23607    1629.332000 2031.848000  22.0110   0.0510   0.8320   0.0730   0.2030      0
21748    1512.739000 2127.208000  22.1500   0.0570   0.7990   0.0700   0.2030      0
26314    1802.460000 2062.955000  22.3810   0.0620   0.8030   0.0780   0.2030      0
22628    1569.510000 2038.930000  22.1260   0.0670   0.8670   0.0930   0.2030      0
22465    1558.346000 1971.475000  21.9150   0.0800   0.5690   0.1220   0.2030      0
24202    1669.927000 2150.187000  22.5500   0.0870   0.9980   0.1070   0.2030      0
26753    1830.714000 2050.401000  20.9650   0.0220   0.5880   0.0260   0.2020      0
23539    1624.824000 1932.356000  22.1530   0.0420   0.9360   0.0640   0.2020      0
25997    1781.484000 1942.610000  22.3960   0.0580   0.8180   0.0950   0.2020      0
24411    1682.508000 2073.755000  22.3640   0.0600   0.7900   0.0860   0.2020      0
22828    1581.808000 1900.556000  21.9390   0.0620   0.8430   0.0800   0.2020      0
25753    1767.584000 2084.948000  22.1370   0.0630   0.8890   0.0870   0.2020      0
22585    1567.048000 2164.061000  22.2800   0.0650   0.7390   0.0870   0.2020      0
22294    1548.227000 2193.146000  22.1360   0.0770   0.8450   0.0900   0.2020      0
24229    1671.729000 2112.611000  22.1380   0.0480   0.8430   0.0580   0.2010      0
26815    1835.646000 1982.010000  22.2690   0.0540   0.7360   0.0780   0.2010      0
20969    1462.964000 2046.661000  22.4600   0.0580   0.9040   0.0880   0.2010      0
25925    1777.749000 2025.201000  22.1480   0.0600   0.9350   0.0750   0.2010      0
24910    1713.916000 1914.696000  21.9790   0.0610   0.7370   0.0850   0.2010      0
21784    1515.175000 2051.632000  22.5850   0.0850   1.0740   0.1030   0.2010      0
24459    1685.024000 2023.056000  22.0090   0.0450   0.7990   0.0540   0.2000      0
25455    1749.029000 2084.167000  21.9880   0.0520   0.8450   0.0670   0.2000      0
25439    1748.211000 1874.915000  22.1780   0.0640   1.0420   0.1160   0.2000      0
23402    1617.030000 2045.516000  22.2830   0.0760   0.7610   0.0900   0.2000      0
24452    1684.345000 2159.631000  22.3640   0.0840   0.7890   0.1190   0.2000      0
24041    1658.046000 1895.555000  21.7850   0.0380   0.7700   0.0460   0.1990      0
24098    1662.659000 1879.123000  21.7640   0.0410   0.8110   0.0520   0.1990      0
24260    1673.535000 2022.632000  21.9420   0.0500   0.8460   0.0730   0.1990      0
23024    1594.067000 2229.509000  22.1660   0.0580   0.9470   0.0740   0.1990      0
25905    1776.718000 1945.128000  22.1890   0.0630   0.7890   0.0750   0.1990      0
21812    1516.681000 2178.803000  21.9470   0.0650   0.6710   0.1010   0.1990      0
23281    1610.542000 2076.628000  21.6270   0.0380   0.9110   0.0500   0.1980      0
22932    1588.544000 1937.969000  21.7760   0.0410   0.7820   0.0490   0.1980      0
21396    1490.122000 2131.055000  22.1930   0.0700   1.0270   0.0890   0.1980      0
23093    1598.463000 2080.324000  22.2010   0.0760   1.1220   0.0980   0.1980      0
24942    1715.519000 2081.026000  22.2100   0.0530   1.0620   0.0820   0.1970      0
24595    1693.692000 1880.199000  22.1850   0.0570   0.8020   0.0730   0.1970      0
21302    1483.594000 2115.513000  22.4360   0.0780   0.9260   0.1180   0.1970      0
25360    1743.192000 2002.423000  22.1720   0.0800   0.9470   0.0960   0.1970      0
24864    1710.925000 2220.294000  22.4340   0.0820   0.9110   0.0990   0.1970      0
24442    1683.983000 1859.222000  22.5480   0.0890   1.0660   0.1120   0.1970      0
25877    1775.001000 1975.109000  21.7800   0.0380   0.7640   0.0480   0.1960      0
25866    1774.195000 2086.092000  22.1980   0.1120   0.9580   0.1260   0.1960      0
22435    1556.515000 2219.256000  21.7030   0.0360   0.6520   0.0450   0.1950      0
24578    1692.643000 1896.031000  21.7770   0.0420   0.7690   0.0510   0.1950      0
23931    1650.805000 2033.545000  21.7150   0.0430   1.1090   0.0640   0.1950      0
25140    1728.935000 1997.203000  22.2180   0.0490   1.0480   0.0710   0.1950      0
23528    1624.376000 2081.368000  21.7210   0.0760   1.1210   0.1440   0.1950      0
22752    1576.985000 2057.774000  22.4720   0.0840   0.9900   0.1080   0.1950      0
24624    1694.831000 2085.485000  21.7560   0.0400   0.8170   0.0540   0.1940      0
26872    1839.247000 2043.038000  22.4540   0.0610   0.9910   0.0920   0.1940      0
22047    1532.547000 1935.573000  22.1970   0.0630   0.8420   0.0870   0.1940      0
21965    1527.226000 1932.296000  22.4600   0.0760   1.0070   0.1100   0.1940      0
26636    1823.011000 2076.744000  22.4400   0.0810   0.9700   0.1070   0.1940      0
25059    1723.413000 1893.417000  21.9560   0.0480   0.8280   0.0640   0.1930      0
21626    1504.712000 2120.612000  22.4300   0.0890   0.9620   0.1090   0.1930      0
26414    1809.319000 2125.891000  21.7920   0.0380   0.7270   0.0550   0.1920      0
22807    1580.802000 2088.062000  22.1990   0.0520   0.9420   0.0700   0.1920      0
22653    1570.520000 2197.187000  22.3010   0.0690   0.8250   0.0850   0.1920      0
22756    1577.461000 2224.810000  21.7360   0.0370   0.9060   0.0480   0.1910      0
21967    1527.297000 2174.143000  22.4070   0.0820   0.9430   0.1000   0.1910      0
26823    1836.246000 2017.568000  22.2290   0.0570   0.8310   0.0740   0.1900      0
25079    1725.208000 1976.627000  21.9280   0.0620   0.7880   0.0740   0.1900      0
21134    1472.465000 2066.394000  22.3160   0.0650   0.8460   0.0820   0.1900      0
25744    1767.248000 2026.457000  20.7580   0.0200   0.4380   0.0220   0.1890      0
24962    1716.751000 2196.547000  21.8960   0.0430   0.8050   0.0600   0.1890      0
24249    1672.847000 1923.271000  22.2120   0.0560   0.9280   0.0790   0.1890      0
25216    1733.603000 1954.661000  22.2130   0.0580   0.9010   0.0770   0.1890      0
23718    1637.748000 2143.241000  22.2280   0.0600   0.8450   0.0790   0.1890      0
24433    1683.442000 2050.431000  22.3740   0.0650   0.9200   0.0960   0.1890      0
23317    1612.537000 2181.402000  22.4650   0.0710   1.1030   0.0960   0.1890      0
26679    1826.125000 2056.207000  22.4590   0.0720   1.1200   0.1080   0.1880      0
22710    1574.142000 1877.938000  22.3780   0.0790   0.9650   0.1180   0.1880      0
24932    1714.971000 2228.023000  22.2690   0.0510   1.1210   0.0750   0.1870      0
22609    1568.854000 1961.708000  22.2400   0.0540   0.8500   0.0740   0.1870      0
23447    1619.979000 1972.970000  22.4140   0.0680   1.1090   0.1020   0.1870      0
23261    1609.110000 2069.626000  22.3770   0.0740   0.9490   0.0910   0.1870      0
23574    1627.272000 1979.201000  22.4380   0.0860   1.1090   0.1130   0.1870      0
24635    1695.540000 2012.644000  21.6830   0.0330   0.6790   0.0440   0.1860      0
23844    1645.660000 1877.695000  22.2900   0.0690   0.8700   0.0820   0.1860      0
21568    1500.937000 1972.117000  21.9510   0.0520   0.7550   0.0630   0.1850      0
26193    1794.542000 1977.572000  21.8520   0.0600   0.7360   0.0670   0.1850      0
24432    1683.437000 2126.444000  22.4060   0.0710   1.1610   0.0990   0.1850      0
21830    1517.509000 2060.157000  21.7100   0.0370   0.4050   0.0440   0.1840      0
25064    1723.741000 2033.824000  21.8190   0.0400   0.7000   0.0510   0.1840      0
24928    1714.750000 2159.557000  22.3570   0.0740   1.0030   0.1080   0.1840      0
26242    1797.407000 2002.333000  22.3900   0.0740   1.2500   0.1220   0.1840      0
24263    1673.798000 2161.137000  22.4570   0.0920   1.1810   0.1250   0.1840      0
25510    1752.706000 2011.834000  21.7650   0.0400   0.6510   0.0500   0.1830      0
26736    1829.765000 2010.785000  22.2580   0.0600   0.9050   0.0810   0.1830      0
24837    1708.911000 2173.331000  22.3350   0.0680   0.9690   0.1040   0.1830      0
25288    1738.541000 2021.518000  21.6870   0.0430   0.6090   0.0500   0.1820      0
23363    1615.425000 1950.635000  21.5690   0.0320   1.3370   0.0560   0.1810      0
25175    1731.426000 2081.516000  21.8620   0.0480   0.7380   0.0570   0.1810      0
21054    1468.103000 2062.318000  22.3160   0.0620   0.9210   0.0830   0.1810      0
23596    1628.648000 2090.475000  22.3130   0.0720   0.9690   0.0930   0.1810      0
25134    1728.699000 2213.723000  22.2910   0.0550   1.0270   0.0770   0.1790      0
23403    1617.143000 2054.429000  22.3100   0.0540   0.9740   0.0880   0.1780      0
23241    1608.015000 2090.009000  21.8380   0.0320   0.6640   0.0430   0.1750      0
21218    1478.173000 2103.179000  21.6910   0.0600   0.7060   0.0730   0.1750      0
23494    1622.277000 2109.248000  21.7170   0.0470   0.7420   0.0580   0.1740      0
23838    1645.351000 2089.805000  21.6840   0.0430   0.7130   0.0560   0.1730      0
26129    1790.806000 2024.836000  21.6370   0.0360   0.9560   0.0470   0.1710      0
26837    1837.257000 2048.259000  21.1810   0.0300   1.2360   0.0460   0.1700      0
25642    1761.216000 1904.111000  21.7190   0.0400   0.8520   0.0530   0.1690      0
26435    1810.885000 1966.681000  21.6720   0.0330   0.7480   0.0440   0.1650      0
21867    1519.437000 1952.997000  21.3510   0.0820   1.6800   0.1000   0.1650      0
21188    1475.741000 2038.483000  21.7050   0.0340   0.7870   0.0440   0.1590      0
25584    1757.805000 2121.687000  21.6320   0.0360   0.6830   0.0530   0.1580      0
25661    1762.155000 2117.950000  21.6670   0.0410   1.0310   0.0680   0.1570      0
23092    1598.461000 2220.539000  21.0410   0.0560   0.5540   0.0590   0.1420      0
25244    1735.523000 1902.600000  21.6390   0.0380   1.1620   0.0600   0.1350      0
