#ID x y mag e_mag col1 e_col1 memb_prob sel
300490   4100.215000 6131.947000  19.8760   0.0100   0.3390   0.0130   0.5960      1
299669   4048.178000 6067.315000  19.8690   0.0100   0.3120   0.0140   0.5930      1
298863   4001.191000 5948.462000  19.0820   0.0060   1.4270   0.0130   0.5700      1
298691   3990.784000 6142.922000  19.0790   0.0050   1.4730   0.0120   0.5670      1
425368   3917.079000 6265.481000  19.6600   0.0110   0.5620   0.0140   0.5620      1
295424   3781.599000 6153.918000  19.8780   0.0330   0.2900   0.0400   0.5330      1
297450   3912.830000 6160.270000  19.1220   0.0260   1.4530   0.0280   0.5240      1
427422   4036.796000 6260.567000  19.6680   0.0160   0.6040   0.0170   0.5080      1
296485   3852.857000 6149.404000  19.1460   0.0270   1.3840   0.0280   0.5080      1
425663   3934.408000 6216.297000  18.9570   0.0220   0.3380   0.0250   0.4910      1
297196   3897.413000 6052.939000  18.7140   0.0130   1.3900   0.0190   0.4870      1
297826   3936.954000 6109.093000  19.9150   0.0230   0.3230   0.0330   0.4840      1
297237   3900.746000 6151.614000  18.9330   0.0100   0.3100   0.0120   0.4790      1
426658   3991.420000 6269.617000  17.8780   0.0070   1.6120   0.0090   0.4730      1
299140   4017.475000 6026.253000  19.9210   0.0110   0.3280   0.0140   0.4680      1
300245   4084.747000 6046.509000  19.6480   0.0110   0.5210   0.0140   0.4650      1
425646   3933.795000 6235.137000  18.7450   0.0070   1.3950   0.0090   0.4640      1
297590   3921.589000 6099.099000  19.6920   0.0080   0.5360   0.0140   0.4630      1
296750   3869.605000 6027.516000  19.3000   0.0080   1.5060   0.0140   0.4570      1
295333   3775.570000 6121.520000  19.3030   0.0100   1.4880   0.0290   0.4570      1
424399   3861.241000 6186.782000  19.9150   0.0110   0.2490   0.0130   0.4520      1
298594   3984.488000 6111.984000  19.8460   0.0130   0.2290   0.0160   0.4520      1
297364   3908.072000 6104.870000  19.0100   0.0080   0.2870   0.0130   0.4470      1
426288   3970.192000 6235.504000  19.8120   0.0140   0.2600   0.0160   0.4350      1
300764   4118.564000 6125.286000  19.6770   0.0120   0.1350   0.0140   0.4300      1
297060   3889.658000 5977.952000  19.2070   0.0070   1.4600   0.0200   0.4290      1
423745   3821.530000 6244.445000  20.4620   0.0170   0.0140   0.0210   0.4240      1
299449   4034.466000 6080.392000  19.3630   0.0080   1.4840   0.0270   0.4200      1
297508   3916.476000 6152.561000  19.1230   0.0060   1.5360   0.0120   0.4120      1
300783   4119.918000 6103.733000  19.8870   0.0210   0.2190   0.0240   0.4120      1
427373   4033.735000 6239.552000  19.7670   0.0100   0.2590   0.0130   0.4070      1
295309   3774.678000 6058.799000  19.3850   0.0080   1.4600   0.0130   0.4050      1
297316   3905.110000 6107.134000  19.8610   0.0210   0.3690   0.0500   0.4030      1
425069   3899.420000 6252.368000  19.2700   0.0070   1.5220   0.0140   0.4020      1
299056   4012.946000 6124.979000  19.7500   0.0090   0.3750   0.0110   0.4000      1
295911   3815.747000 6006.963000  19.6860   0.0100   0.1720   0.0130   0.3980      1
298825   3998.907000 6160.640000  20.5280   0.0200   0.0180   0.0250   0.3960      1
424164   3848.613000 6245.685000  18.5520   0.0070   1.5100   0.0120   0.3930      1
295593   3793.825000 6133.035000  20.6740   0.0170   0.0770   0.0210   0.3930      1
297766   3932.819000 6148.260000  19.1710   0.0120   1.4970   0.0190   0.3900      1
296211   3834.562000 5984.541000  19.7850   0.0400   0.2930   0.0410   0.3900      1
295027   3756.037000 6095.556000  17.8400   0.0050   2.0500   0.0080   0.3870      1
296815   3873.320000 6083.639000  20.5020   0.0180   0.0970   0.0230   0.3870      1
427655   4052.356000 6256.183000  19.6890   0.0080   0.2430   0.0120   0.3860      1
299757   4054.779000 6097.456000  19.4130   0.0060   0.3530   0.0100   0.3850      1
298084   3953.085000 5944.672000  19.1050   0.0350   0.1860   0.0360   0.3790      1
300530   4103.679000 6145.846000  20.5350   0.0150  -0.0140   0.0180   0.3760      1
424140   3847.346000 6265.265000  20.6600   0.0210   0.0920   0.0270   0.3720      1
295496   3787.244000 6085.989000  20.6760   0.0150   0.1200   0.0210   0.3700      1
423649   3815.999000 6207.437000  18.8590   0.0060   1.5530   0.0130   0.3690      1
297855   3939.176000 6048.115000  20.1620   0.0130   1.3820   0.0210   0.3690      1
427937   4068.773000 6192.115000  20.4590   0.0140   0.1090   0.0170   0.3690      1
297989   3947.602000 6153.189000  20.6900   0.0230   0.0990   0.0270   0.3640      1
298325   3967.303000 6099.375000  19.8050   0.0090   0.4580   0.0130   0.3590      1
299750   4054.344000 6155.476000  19.9340   0.0140   0.2620   0.0170   0.3590      1
296757   3870.109000 6157.367000  20.6240   0.0140   0.4120   0.0210   0.3590      1
424346   3858.093000 6257.136000  20.6020   0.0140   0.4030   0.0190   0.3560      1
299769   4055.548000 6124.780000  19.8270   0.0100   0.1450   0.0120   0.3530      1
299540   4040.030000 5989.800000  19.8380   0.0100   0.5600   0.0160   0.3510      1
424460   3865.308000 6222.819000  17.6020   0.0050   2.3860   0.0440   0.3470      1
296637   3863.067000 6087.649000  20.5250   0.0140   0.4260   0.0190   0.3450      1
427008   4011.744000 6237.958000  20.3340   0.0150   0.3230   0.0230   0.3420      1
425482   3923.478000 6250.626000  20.2640   0.0130   0.9690   0.0230   0.3400      1
299868   4061.739000 5999.136000  20.6300   0.0180   0.3820   0.0260   0.3380      1
295871   3812.655000 6142.149000  21.1280   0.0220   0.1340   0.0300   0.3290      1
426423   3977.597000 6263.303000  20.2600   0.0320   0.9230   0.0370   0.3220      1
300434   4096.692000 6118.820000  19.2380   0.0090   0.4410   0.0110   0.3210      1
425341   3915.406000 6203.507000  20.7890   0.0190   0.1550   0.0220   0.3180      1
299770   4055.565000 5986.167000  20.6160   0.0240   0.3720   0.0280   0.3140      1
299864   4061.452000 6067.240000  20.6180   0.0250   0.0500   0.0330   0.3070      1
424692   3878.598000 6193.911000  20.5210   0.0150   0.3870   0.0290   0.3060      1
300090   4075.045000 6021.745000  19.9520   0.0110  -0.1460   0.0140   0.3050      1
298508   3978.568000 6141.315000  20.5190   0.0210   0.1750   0.0270   0.2980      1
427137   4017.904000 6188.491000  20.5760   0.0260   0.0580   0.0290   0.2980      1
427338   4031.730000 6281.894000  20.7900   0.0240   0.1620   0.0280   0.2970      1
424099   3844.755000 6230.457000  21.0120   0.0200   0.3690   0.0280   0.2930      1
299661   4047.491000 5977.122000  18.3340   0.0090   0.6350   0.0100   0.2910      1
297467   3913.804000 6117.289000  21.0270   0.0230   0.3730   0.0270   0.2900      1
299888   4062.906000 5994.453000  20.5110   0.0150   0.1880   0.0230   0.2880      1
300084   4074.858000 6031.445000  20.6110   0.0190   0.3540   0.0340   0.2880      1
297556   3918.892000 6026.193000  20.7810   0.0290   0.1040   0.0340   0.2850      1
298053   3951.309000 6109.622000  20.2120   0.0240   1.0760   0.0330   0.2830      1
425862   3946.230000 6287.411000  19.9680   0.0090   1.5550   0.0650   0.2820      1
299626   4045.230000 6137.003000  21.0170   0.0250   0.3670   0.0340   0.2800      1
297397   3910.013000 6130.147000  21.1270   0.0200   0.4410   0.0310   0.2790      1
423719   3819.793000 6184.994000  20.5230   0.0210   0.1990   0.0250   0.2790      1
297371   3908.486000 6029.483000  20.5040   0.0140   0.4580   0.0210   0.2780      1
296546   3856.932000 6163.004000  20.5590   0.0220   0.3970   0.0260   0.2770      1
424373   3859.584000 6251.196000  21.0350   0.0220   0.3670   0.0300   0.2770      1
426357   3974.153000 6179.216000  21.0240   0.0220   0.4270   0.0290   0.2760      1
296378   3845.238000 6150.631000  20.6290   0.0150   0.7460   0.0250   0.2710      1
298120   3955.052000 6067.281000  20.9920   0.0220   0.3840   0.0320   0.2710      1
298667   3989.115000 6120.199000  17.9520   0.0060   0.2530   0.0070   0.2700      1
426991   4010.751000 6267.487000  21.6520   0.0480   0.2360   0.0590   0.2700      1
423592   3812.596000 6234.141000  17.3680   0.0120   1.7130   0.0130   0.2680      1
296013   3822.203000 6076.740000  21.0450   0.0260   0.3800   0.0330   0.2640      1
295774   3805.909000 6122.923000  21.6650   0.0810   0.1530   0.0900   0.2630      1
425549   3927.822000 6185.521000  18.1700   0.0100   0.1180   0.0110   0.2620      1
298358   3969.461000 6074.888000  21.0270   0.0210   0.4650   0.0330   0.2610      1
295244   3770.098000 6085.680000  21.1480   0.0280   0.4640   0.0340   0.2580      1
424525   3868.731000 6250.480000  20.1640   0.0120   1.5970   0.0500   0.2560      1
296425   3848.335000 6173.137000  21.0420   0.0360   0.4260   0.0460   0.2540      1
423614   3814.124000 6244.608000  21.1120   0.0240   0.4160   0.0350   0.2530      1
297303   3904.455000 5966.804000  20.0030   0.0110   1.5120   0.0220   0.2490      1
299773   4055.583000 6089.506000  21.0920   0.0220   0.2120   0.0290   0.2470      1
298524   3979.257000 6033.348000  21.0210   0.0230   0.5050   0.0330   0.2450      1
426558   3985.936000 6184.711000  21.0600   0.0250   0.4210   0.0430   0.2450      1
423238   3789.763000 6182.406000  20.9140   0.0180   2.9780   0.1510   0.2440      1
298348   3968.768000 6029.778000  21.1800   0.0240   0.4470   0.0350   0.2430      1
299232   4022.087000 6001.298000  19.8130   0.0100   1.4050   0.0220   0.2420      1
300378   4093.126000 6043.854000  21.2070   0.0270   0.3010   0.0350   0.2420      1
297661   3925.524000 6138.555000  22.0030   0.0470   0.1240   0.0560   0.2410      1
296656   3864.359000 6159.224000  21.1520   0.0320   0.2690   0.0450   0.2390      1
426485   3980.924000 6203.343000  21.1810   0.0250   0.4500   0.0430   0.2380      1
426736   3996.353000 6255.811000  22.9390   0.0850   1.2350   0.2430   0.2380      1
298253   3962.768000 5942.416000  21.0440   0.0280   0.4950   0.0640   0.2370      1
298934   4005.935000 5973.868000  21.1200   0.0310   0.4830   0.0400   0.2370      1
299984   4069.129000 6083.469000  21.0770   0.0230   0.4730   0.0330   0.2340      1
297999   3948.082000 6090.650000  21.0090   0.0260   0.5110   0.0330   0.2340      1
423980   3836.954000 6196.458000  21.1700   0.0330   0.3920   0.0560   0.2340      1
300525   4103.335000 6107.748000  22.9610   0.1000   0.9360   0.1810   0.2340      1
298472   3975.899000 6098.781000  23.3430   0.1340  -0.3890   0.1630   0.2340      1
428090   4077.863000 6181.794000  21.1670   0.0280   0.4910   0.0400   0.2330      1
299822   4058.893000 6056.350000  21.2530   0.0310   1.7360   0.1150   0.2330      1
426614   3988.914000 6187.181000  21.2230   0.0450   0.2740   0.0550   0.2310      1
296809   3873.007000 6147.523000  21.0930   0.0250   0.4900   0.0330   0.2290      1
297035   3888.102000 6042.100000  22.9050   0.0860   0.8600   0.1590   0.2290      1
298395   3970.922000 6147.124000  20.0600   0.0170  -0.2750   0.0430   0.2280      1
427330   4031.357000 6187.196000  21.0570   0.0190   0.5540   0.0290   0.2280      1
300787   4120.054000 6111.185000  21.1350   0.0270   0.4970   0.0450   0.2280      1
427246   4025.113000 6216.436000  21.5320   0.0290   0.6350   0.0440   0.2230      1
297140   3894.953000 6017.686000  20.6560   0.0380   1.9410   0.0740   0.2220      1
298050   3951.237000 5990.039000  21.0770   0.0200   0.5180   0.0300   0.2210      1
298275   3964.255000 5953.442000  21.5370   0.0290   0.6290   0.0490   0.2210      1
297438   3911.904000 6062.715000  21.2000   0.0310   0.3430   0.0500   0.2210      1
427919   4067.657000 6238.492000  21.1450   0.0260   0.3650   0.0370   0.2200      1
423975   3836.808000 6185.117000  21.1610   0.0470   0.4880   0.0560   0.2200      1
425043   3898.116000 6263.609000  21.1940   0.0590   0.4130   0.0650   0.2200      1
296766   3870.536000 6110.006000  20.9970   0.0170   0.5710   0.0300   0.2190      1
299424   4032.919000 6024.740000  22.9000   0.0940   0.8240   0.1910   0.2190      1
296009   3821.941000 6163.068000  21.2010   0.0550   0.3660   0.0600   0.2180      1
299030   4011.818000 6160.498000  22.9180   0.1070   0.8180   0.1780   0.2180      1
299017   4011.265000 6118.329000  21.2710   0.0240   0.7090   0.0420   0.2170      1
299463   4035.417000 6142.897000  20.9920   0.0250   0.5220   0.0320   0.2170      1
297811   3935.710000 6020.690000  21.5140   0.0290   0.6180   0.0480   0.2170      1
298820   3998.616000 6026.107000  21.2640   0.0540   0.0990   0.0670   0.2170      1
427665   4052.926000 6227.025000  22.9120   0.1090   0.8230   0.1810   0.2170      1
428134   4081.042000 6203.127000  21.5430   0.0320   0.6110   0.0560   0.2160      1
425851   3945.687000 6190.377000  21.0260   0.0200   0.6360   0.0320   0.2150      1
296914   3880.409000 6028.725000  21.1600   0.0270   0.5220   0.0380   0.2150      1
425990   3954.018000 6245.691000  21.0360   0.0280   0.6030   0.0360   0.2150      1
297114   3892.991000 5975.978000  20.9860   0.0780   0.3710   0.0860   0.2150      1
300271   4086.005000 6165.039000  21.0070   0.0180   0.6890   0.0320   0.2140      1
426514   3982.840000 6283.219000  21.2780   0.0230   0.7420   0.0380   0.2130      1
426872   4004.461000 6296.477000  21.2540   0.0270   0.6950   0.0390   0.2130      1
299436   4033.644000 5998.565000  21.5410   0.0330   0.6070   0.0620   0.2130      1
425605   3931.094000 6201.963000  21.1340   0.0310   0.5180   0.0410   0.2110      1
424686   3877.991000 6294.813000  20.9980   0.0470   0.5150   0.0540   0.2100      1
423461   3804.100000 6178.947000  20.9710   0.0660   0.4670   0.0710   0.2090      1
425627   3932.348000 6252.291000  21.2440   0.0240   0.8190   0.0410   0.2080      1
296498   3853.468000 6075.326000  21.2100   0.0260   0.4680   0.0350   0.2080      1
297928   3943.941000 5961.612000  21.5330   0.0340   0.5500   0.0540   0.2070      1
299296   4026.252000 5998.436000  21.5530   0.0350   0.6310   0.0580   0.2070      1
297526   3917.148000 6099.385000  21.2670   0.0270   0.6800   0.0450   0.2060      1
298195   3959.694000 6002.544000  21.5600   0.0360   0.5840   0.0540   0.2060      1
300010   4070.530000 6076.281000  21.0450   0.0200   0.6450   0.0310   0.2050      1
299917   4064.635000 6027.966000  21.1720   0.0220   0.5530   0.0350   0.2050      1
296012   3822.187000 6021.735000  20.9930   0.0260   0.6650   0.0490   0.2050      1
297703   3928.527000 6056.075000  21.5420   0.0360   0.6500   0.0590   0.2050      1
300299   4088.156000 6041.025000  21.2570   0.0310   0.6820   0.0440   0.2040      1
297079   3890.924000 5994.351000  21.5090   0.0310   0.6570   0.0510   0.2040      1
297478   3914.835000 6069.327000  21.0490   0.0700   0.5280   0.1030   0.2040      1
298964   4007.861000 5986.192000  21.1810   0.0940   0.4680   0.0970   0.2040      1
299635   4045.770000 6089.927000  21.0160   0.0280   0.6800   0.0370   0.2030      1
296690   3865.705000 6126.900000  21.0180   0.0720   0.5290   0.0760   0.2030      1
296578   3859.449000 6065.347000  21.5490   0.0390   0.5500   0.0570   0.2020      1
297211   3898.714000 6083.860000  21.7290   0.0320   0.4600   0.0610   0.2010      1
300360   4091.809000 6125.101000  21.5070   0.0400   0.6300   0.0530   0.2010      1
298865   4001.269000 6116.684000  22.7770   0.0830   0.7600   0.1430   0.1960      1
424070   3843.151000 6265.456000  21.2220   0.0250   0.8940   0.0530   0.1930      1
424670   3877.100000 6231.322000  22.7410   0.0820   0.8040   0.1390   0.1930      1
423955   3834.999000 6266.028000  21.5620   0.0300   1.0080   0.0570   0.1920      1
296383   3845.594000 6093.191000  21.5260   0.0360   1.0230   0.0600   0.1920      1
423732   3820.549000 6207.996000  22.7780   0.1070   0.8230   0.2090   0.1910      1
295649   3797.422000 6079.346000  22.7400   0.0900   0.8420   0.1680   0.1890      1
426592   3987.808000 6242.504000  21.2240   0.0380   0.9440   0.0670   0.1860      1
299305   4026.639000 6019.754000  22.7490   0.1060   0.7500   0.1510   0.1860      1
424495   3867.397000 6182.327000  22.7530   0.1080   0.7370   0.1670   0.1850      1
299560   4041.211000 6134.480000  21.5440   0.0300   0.9890   0.0640   0.1840      1
296130   3829.636000 6015.191000  22.7210   0.0940   0.7820   0.1650   0.1830      1
295981   3820.389000 6103.368000  21.5030   0.0320   1.0140   0.0550   0.1820      1
425989   3953.999000 6198.706000  22.7280   0.1010   0.6800   0.1520   0.1780      1
424160   3848.315000 6217.212000  22.6950   0.0930   0.7930   0.2000   0.1750      1
299136   4017.269000 6077.453000  21.2840   0.0310   0.9580   0.0690   0.1690      1
426958   4009.024000 6178.755000  22.8400   0.0900   0.2760   0.1600   0.1650      1
426892   4005.551000 6287.227000  17.8500   0.0070   1.6420   0.0090   0.4570      0
297907   3942.699000 6017.976000  20.4650   0.0130   0.0890   0.0160   0.4140      0
299552   4040.851000 6057.217000  17.8830   0.0430   1.5440   0.0430   0.4040      0
299885   4062.727000 6055.589000  18.6460   0.0040   1.8050   0.0110   0.3940      0
299949   4066.817000 6153.174000  17.6800   0.0060   1.6000   0.0080   0.3900      0
297239   3900.768000 6157.275000  18.6440   0.0050   1.7960   0.0130   0.3860      0
426745   3996.736000 6247.395000  19.1580   0.0080   0.1910   0.0090   0.3760      0
426815   4001.165000 6270.291000  19.6320   0.0070   0.2670   0.0100   0.3750      0
298196   3959.705000 6158.844000  20.4150   0.0180  -0.0490   0.0210   0.3700      0
297763   3932.650000 6067.335000  19.4520   0.0280   0.3270   0.0290   0.3700      0
300355   4091.588000 6097.645000  19.6750   0.0070   0.1120   0.0110   0.3670      0
426318   3971.671000 6195.235000  19.2280   0.0080   1.7550   0.0170   0.3640      0
296689   3865.527000 6135.229000  20.4080   0.0180  -0.0110   0.0220   0.3630      0
424198   3850.162000 6253.458000  19.1370   0.0080   0.0760   0.0100   0.3580      0
299459   4035.310000 6053.218000  19.5210   0.0090   0.0660   0.0110   0.3480      0
297942   3944.954000 6122.534000  19.2080   0.0080   0.1130   0.0110   0.3470      0
426647   3990.869000 6295.450000  18.7240   0.0070   1.5460   0.0110   0.3450      0
428160   4082.747000 6231.691000  18.5270   0.0100   1.5460   0.0210   0.3430      0
297281   3903.066000 6110.412000  18.6600   0.0170   1.8330   0.0220   0.3410      0
300449   4097.600000 6067.909000  18.6030   0.0060   1.5750   0.0100   0.3400      0
295523   3788.855000 6117.980000  19.3240   0.0320   1.6330   0.0590   0.3380      0
295789   3807.244000 6046.366000  19.8480   0.0200   0.1110   0.0220   0.3330      0
295802   3808.215000 6070.018000  17.6100   0.0100   2.2030   0.0120   0.3310      0
296460   3850.634000 6118.024000  19.8320   0.0100   0.6070   0.0140   0.3310      0
298592   3984.292000 5977.880000  19.6130   0.0130  -0.0050   0.0160   0.3280      0
297903   3942.574000 6127.531000  18.8620   0.0110   1.5950   0.0140   0.3270      0
427384   4034.140000 6210.333000  21.7130   0.0630  -0.1010   0.1490   0.3270      0
425997   3954.245000 6251.562000  19.2370   0.0180   1.7350   0.0220   0.3260      0
298890   4003.028000 6160.895000  19.0270   0.0070   1.5450   0.0160   0.3230      0
423252   3790.914000 6210.581000  19.2270   0.0070   1.5340   0.0130   0.3220      0
426586   3987.341000 6216.658000  20.3510   0.0140   0.3120   0.0170   0.3200      0
300082   4074.740000 6163.086000  19.3640   0.0340   0.3290   0.0480   0.3200      0
299010   4010.724000 6003.920000  19.3900   0.0080   0.3930   0.0120   0.3180      0
298116   3954.882000 5996.884000  21.7700   0.0620   0.0010   0.0720   0.3160      0
425244   3909.413000 6302.599000  17.8520   0.0080   2.1210   0.0120   0.3150      0
422972   3773.677000 6179.004000  19.8380   0.0250   0.1830   0.0290   0.3140      0
299089   4014.831000 6137.440000  17.8500   0.0050   1.9970   0.0090   0.3130      0
297725   3929.635000 5974.801000  19.9550   0.0110  -0.0390   0.0130   0.3130      0
296228   3835.669000 6042.285000  19.0700   0.0130   0.8320   0.0380   0.3130      0
297935   3944.544000 6104.895000  18.5970   0.0320   1.4380   0.0330   0.3110      0
299060   4013.080000 5982.289000  18.1200   0.0060   1.8420   0.0130   0.3100      0
295362   3777.174000 6140.315000  18.7340   0.0070   1.5450   0.0110   0.3090      0
298688   3990.468000 6089.481000  19.5400   0.0100   0.3760   0.0140   0.3090      0
297646   3924.766000 5986.570000  20.2940   0.0120   0.1570   0.0160   0.3090      0
297455   3912.936000 6155.397000  20.2590   0.0160   0.3540   0.0210   0.3070      0
296323   3841.998000 6114.290000  20.1560   0.0120   1.0150   0.0220   0.3050      0
425375   3917.541000 6179.279000  19.1660   0.0360   0.7470   0.0370   0.3050      0
425331   3914.913000 6196.877000  20.1880   0.0140   0.4850   0.0170   0.3020      0
296591   3860.278000 6043.896000  18.6330   0.0060  -0.1960   0.0070   0.3000      0
298563   3982.614000 6072.467000  19.7360   0.0450   0.2160   0.0520   0.2990      0
298199   3959.749000 6113.317000  18.6110   0.0120   1.6170   0.0280   0.2970      0
295511   3788.183000 6158.364000  19.9450   0.0090   0.5350   0.0140   0.2960      0
296437   3849.023000 5971.832000  20.3250   0.0300   0.3620   0.0400   0.2940      0
298029   3950.003000 6098.285000  18.5860   0.0130   1.6070   0.0150   0.2910      0
428380   4095.851000 6177.698000  18.2180   0.0070   1.6050   0.0100   0.2900      0
297894   3942.209000 6118.510000  20.1870   0.0180   0.4730   0.0220   0.2900      0
296003   3821.750000 5985.867000  16.5920   0.0070   1.1860   0.0080   0.2890      0
297671   3926.196000 6123.246000  15.5840   0.0140   2.7910   0.0150   0.2860      0
297080   3891.137000 6115.810000  20.5780   0.0160   0.0610   0.0210   0.2860      0
298757   3994.617000 6035.758000  15.9610   0.0060   2.0850   0.0070   0.2830      0
299123   4016.615000 6064.647000  17.5840   0.0050  -0.4260   0.0060   0.2820      0
297202   3897.993000 6066.707000  20.4360   0.0140   0.2330   0.0180   0.2800      0
297047   3888.868000 6123.118000  20.2480   0.0180   0.3920   0.0220   0.2790      0
423693   3818.247000 6194.876000  18.2480   0.0060   2.2520   0.0100   0.2780      0
426899   4006.152000 6221.128000  20.2830   0.0120   0.1860   0.0170   0.2750      0
298901   4003.751000 6044.183000  16.9440   0.0040   2.6150   0.0080   0.2740      0
424987   3894.348000 6182.587000  20.2270   0.0150   0.1200   0.0190   0.2740      0
296479   3852.448000 5968.930000  19.8100   0.0080   0.7010   0.0150   0.2730      0
295191   3766.675000 6156.906000  20.4360   0.0160   0.2480   0.0200   0.2730      0
295192   3766.747000 6119.231000  19.0180   0.0060   1.8690   0.0130   0.2720      0
424599   3873.027000 6255.094000  20.9230   0.0260   0.0690   0.0390   0.2720      0
426539   3984.574000 6250.051000  20.9010   0.0210   1.1450   0.0380   0.2710      0
300240   4084.534000 6056.643000  16.8410   0.0040   2.6750   0.0080   0.2690      0
423304   3794.573000 6180.807000  19.9460   0.0110  -0.0770   0.0130   0.2680      0
427834   4062.862000 6258.630000  16.0720   0.0090   3.0570   0.0110   0.2610      0
297564   3919.210000 5938.289000  20.6560   0.0190   0.4310   0.0270   0.2610      0
424543   3869.876000 6211.701000  19.9410   0.0490   0.3800   0.0510   0.2610      0
299920   4064.781000 6032.469000  20.6650   0.0150   1.4060   0.0340   0.2590      0
298474   3975.969000 5991.925000  18.9360   0.0060   1.5270   0.0110   0.2580      0
295275   3772.047000 6142.576000  20.5650   0.0240   0.3770   0.0290   0.2570      0
295149   3763.996000 6163.373000  19.1140   0.0090   0.0530   0.0100   0.2560      0
297273   3902.923000 6113.305000  19.0970   0.0100   1.6500   0.0600   0.2550      0
422905   3769.294000 6191.880000  20.6730   0.0150   1.5460   0.0410   0.2550      0
299916   4064.528000 6147.564000  20.7740   0.0220  -0.1130   0.0280   0.2550      0
298753   3994.391000 6107.538000  18.2190   0.0060   1.5370   0.0100   0.2540      0
298014   3949.160000 6073.054000  20.3520   0.0170   0.3870   0.0230   0.2540      0
298924   4005.247000 6020.926000  20.7610   0.0360   0.0790   0.0500   0.2540      0
424906   3889.980000 6297.238000  20.4550   0.0230   0.1410   0.0350   0.2530      0
298842   3999.929000 6153.421000  20.6300   0.0140   0.3270   0.0180   0.2520      0
297161   3896.032000 6128.689000  18.6060   0.0160  -0.2610   0.0200   0.2520      0
424843   3886.997000 6281.549000  20.2080   0.0160   0.1030   0.0190   0.2490      0
297808   3935.526000 6152.624000  20.1830   0.0180   0.2480   0.0220   0.2490      0
297333   3906.210000 6121.609000  20.5620   0.0330   0.4040   0.0480   0.2480      0
298334   3967.892000 6110.902000  20.0520   0.0250   0.5880   0.0280   0.2470      0
299180   4019.447000 6166.998000  18.2760   0.0070  -0.0570   0.0080   0.2460      0
297206   3898.403000 5981.541000  19.8370   0.0150   0.0160   0.0170   0.2460      0
295637   3796.749000 6173.386000  21.6990   0.1360   0.0650   0.1390   0.2450      0
299555   4040.959000 5975.422000  20.5650   0.0150   0.1900   0.0190   0.2410      0
426679   3993.070000 6184.332000  20.5180   0.0270   0.4590   0.0310   0.2410      0
427788   4060.012000 6178.415000  20.3110   0.0130   0.1450   0.0160   0.2400      0
295440   3782.621000 6150.959000  20.6000   0.0450   0.4140   0.0670   0.2400      0
426785   3999.428000 6224.354000  18.8330   0.0090   0.2310   0.0110   0.2390      0
296668   3864.815000 5979.865000  20.4580   0.0150   1.1720   0.0260   0.2390      0
424672   3877.252000 6185.548000  21.3900   0.0330   1.5570   0.0810   0.2380      0
298828   3999.279000 6166.674000  19.2590   0.0080  -0.1130   0.0090   0.2370      0
297992   3947.704000 6120.242000  19.9020   0.0150   0.5100   0.0240   0.2370      0
298144   3956.520000 5978.313000  20.9610   0.0190   0.3770   0.0240   0.2360      0
299277   4025.328000 6165.902000  18.9840   0.0090   0.1100   0.0120   0.2350      0
424479   3866.410000 6268.784000  20.0880   0.0100   0.1670   0.0130   0.2340      0
297130   3894.362000 6126.454000  18.0220   0.0180   1.7470   0.0370   0.2340      0
424244   3852.622000 6242.662000  20.6410   0.0280   0.4590   0.0420   0.2330      0
426344   3973.004000 6209.097000  20.7910   0.0150   0.3440   0.0240   0.2300      0
296344   3843.277000 6050.723000  22.9920   0.1030   0.9000   0.1950   0.2300      0
425509   3925.143000 6246.357000  20.1460   0.0140   0.4520   0.0200   0.2290      0
423653   3816.299000 6213.430000  20.0530   0.0150   0.5370   0.0200   0.2290      0
424757   3881.596000 6213.194000  19.9370   0.0670   0.4170   0.0680   0.2280      0
297443   3912.257000 5938.236000  18.9430   0.0060   1.6220   0.0110   0.2270      0
298824   3998.847000 6136.523000  19.6510   0.0070   0.4160   0.0110   0.2270      0
295460   3784.208000 6036.046000  20.2040   0.0260   1.4340   0.0440   0.2270      0
298204   3959.936000 6012.712000  18.1900   0.0050  -0.3050   0.0060   0.2260      0
295166   3764.948000 6090.400000  18.4540   0.0120   1.5610   0.0230   0.2260      0
297011   3886.298000 5991.153000  20.6410   0.0190   0.8140   0.0440   0.2260      0
423466   3804.401000 6211.804000  22.8980   0.1040   1.0030   0.2040   0.2240      0
294972   3752.487000 6117.118000  22.9070   0.1040   1.1690   0.2280   0.2240      0
296717   3867.365000 6149.710000  20.9470   0.0160   0.3900   0.0250   0.2230      0
425907   3949.745000 6308.390000  22.8800   0.1020   0.9840   0.1820   0.2220      0
427879   4065.508000 6199.734000  22.8910   0.1110   0.9450   0.1740   0.2220      0
427369   4033.553000 6206.864000  20.0360   0.0120   0.6510   0.0530   0.2210      0
295066   3759.038000 6149.862000  20.3740   0.0190  -0.0070   0.0210   0.2210      0
300083   4074.853000 6006.590000  20.9690   0.0280   1.1740   0.0520   0.2210      0
296105   3828.293000 6146.855000  22.8790   0.0960   0.9000   0.1810   0.2210      0
426200   3964.710000 6223.192000  23.0260   0.1160   0.8320   0.1960   0.2190      0
297297   3903.845000 6118.758000  18.5130   0.0090   1.6150   0.0130   0.2180      0
297932   3944.194000 6148.000000  20.9190   0.0190   0.4430   0.0250   0.2180      0
298336   3967.958000 6142.457000  20.8390   0.0470   0.1580   0.0520   0.2180      0
295509   3787.953000 6105.513000  18.6110   0.0050   1.6630   0.0090   0.2170      0
297192   3897.330000 6152.323000  20.0060   0.0190   0.4170   0.0250   0.2170      0
425269   3910.775000 6256.171000  19.7650   0.0090   1.3650   0.0160   0.2160      0
426772   3998.668000 6204.877000  20.7840   0.0130   0.3030   0.0200   0.2160      0
298976   4008.516000 6152.185000  20.9150   0.0240   0.4340   0.0310   0.2160      0
299663   4047.575000 6109.398000  21.3840   0.0270   1.4340   0.0680   0.2160      0
298721   3992.708000 6024.859000  21.1930   0.0830   0.3360   0.0900   0.2160      0
424961   3892.721000 6221.189000  21.6810   0.1060   0.2530   0.1100   0.2160      0
298994   4009.514000 5981.067000  21.8340   0.1080   0.1590   0.1310   0.2150      0
298137   3956.053000 6138.256000  20.2960   0.0160   0.2960   0.0210   0.2130      0
298118   3955.006000 6051.939000  21.1180   0.0200   1.4930   0.0570   0.2130      0
299309   4026.834000 5963.741000  20.6150   0.0260   0.4800   0.0370   0.2130      0
298160   3957.905000 5958.315000  20.4850   0.0150   1.0850   0.0320   0.2120      0
298720   3992.578000 6149.188000  20.4120   0.0200   1.3010   0.0340   0.2110      0
300229   4083.756000 6017.308000  20.3940   0.0220   0.2550   0.0260   0.2110      0
298731   3993.303000 6081.379000  18.5550   0.0050   1.6140   0.0090   0.2100      0
297806   3935.317000 5976.523000  20.8890   0.0160   0.4870   0.0230   0.2100      0
297323   3905.480000 6051.171000  20.7570   0.0180   0.3290   0.0230   0.2090      0
296489   3852.968000 6033.935000  20.8000   0.0190   0.3150   0.0250   0.2090      0
425221   3908.177000 6180.792000  20.8690   0.0210   0.2920   0.0280   0.2090      0
300420   4095.605000 6083.723000  20.0260   0.0110   0.0300   0.0140   0.2080      0
300285   4086.830000 6112.432000  20.0790   0.0190   0.1930   0.0280   0.2080      0
299601   4043.738000 6123.295000  20.2610   0.0190   1.3450   0.0320   0.2080      0
298673   3989.742000 6054.937000  22.1180   0.0800   0.1810   0.0980   0.2080      0
298751   3994.300000 6089.934000  21.0980   0.0890   0.2000   0.0960   0.2080      0
427135   4017.777000 6184.212000  21.6970   0.1090   0.2810   0.1160   0.2080      0
295970   3819.492000 6061.391000  22.8470   0.1150   0.8950   0.1870   0.2080      0
296875   3877.637000 5986.781000  20.1620   0.0160  -0.2900   0.0450   0.2070      0
424247   3852.673000 6181.944000  20.9710   0.0200   1.3660   0.0430   0.2070      0
297482   3914.907000 6060.566000  20.8700   0.0260   0.4060   0.0450   0.2070      0
424272   3854.055000 6200.383000  19.4620   0.0430   0.1000   0.0440   0.2070      0
426890   4005.418000 6256.485000  21.2440   0.0840   0.3310   0.0900   0.2070      0
300515   4102.615000 6059.194000  20.8570   0.0450   0.1640   0.0490   0.2060      0
297392   3909.787000 6084.495000  20.7520   0.0760   0.1720   0.1010   0.2060      0
298025   3949.555000 6137.905000  22.7890   0.0760   0.9110   0.1640   0.2060      0
296752   3869.763000 6080.379000  18.7090   0.0090   1.9270   0.0280   0.2050      0
295324   3775.329000 6090.103000  21.5330   0.0330   1.0490   0.0570   0.2050      0
298393   3970.731000 6133.787000  21.7940   0.0480   0.3570   0.0660   0.2050      0
423583   3812.144000 6227.352000  21.1110   0.0330   0.2580   0.0520   0.2040      0
299431   4033.323000 6117.884000  20.9120   0.0400   0.4500   0.0440   0.2040      0
425510   3925.188000 6256.985000  20.8530   0.0190   0.4110   0.0280   0.2030      0
422854   3766.148000 6184.229000  20.9170   0.0210   0.4780   0.0270   0.2030      0
300739   4117.224000 6094.432000  20.5680   0.0220   0.6050   0.0280   0.2030      0
299020   4011.383000 6107.621000  20.8720   0.0250   0.3390   0.0380   0.2030      0
298621   3986.374000 6085.672000  20.8780   0.0260   0.3410   0.0370   0.2030      0
297596   3921.915000 6145.956000  19.6960   0.0340   0.3770   0.0350   0.2030      0
296503   3853.832000 6058.827000  21.6240   0.0720   0.3490   0.0800   0.2030      0
297024   3887.052000 5946.297000  18.6360   0.0070   1.6470   0.0120   0.2010      0
297299   3904.216000 5994.387000  21.7270   0.0450   0.4440   0.0620   0.2010      0
428236   4087.361000 6213.147000  20.0500   0.0150   0.3890   0.0210   0.2000      0
298800   3997.274000 5994.702000  21.2610   0.0260   0.4140   0.0340   0.2000      0
424110   3845.561000 6213.924000  21.2810   0.0290   0.6890   0.0450   0.2000      0
425592   3930.351000 6299.423000  20.6070   0.0360   0.7710   0.0410   0.2000      0
297682   3926.744000 5953.035000  20.4840   0.0130   0.5400   0.0180   0.1990      0
296177   3832.779000 6168.229000  20.6640   0.0170   0.4640   0.0290   0.1990      0
297990   3947.645000 6020.011000  20.6620   0.0190   0.7260   0.0280   0.1990      0
423816   3826.666000 6228.207000  21.1900   0.0220   0.5670   0.0360   0.1990      0
299351   4029.485000 6126.707000  21.2320   0.0280   0.7270   0.0490   0.1990      0
297393   3909.805000 6145.053000  21.2430   0.0300   0.8490   0.0500   0.1990      0
295576   3792.382000 6018.263000  21.0860   0.0340   1.4950   0.0660   0.1990      0
298542   3981.096000 5978.443000  21.3630   0.0370   1.4390   0.1050   0.1990      0
295084   3760.008000 6145.217000  21.6470   0.0520   0.4040   0.0710   0.1990      0
297741   3930.567000 6013.635000  22.1550   0.0650   0.1370   0.0760   0.1990      0
298810   3997.900000 5952.905000  20.9660   0.0220   1.4430   0.0470   0.1980      0
295395   3779.810000 6169.223000  20.7320   0.0270   0.2050   0.0300   0.1980      0
423920   3832.962000 6182.717000  21.2860   0.0290   0.7300   0.0480   0.1980      0
298246   3962.412000 5958.318000  21.5520   0.0300   1.0420   0.0690   0.1980      0
424933   3891.478000 6206.124000  20.8590   0.0230   0.3450   0.0300   0.1970      0
297557   3918.957000 6140.338000  21.0620   0.0290   0.5980   0.0410   0.1970      0
298378   3970.161000 5999.343000  21.5540   0.0350   0.6700   0.0550   0.1970      0
423494   3806.412000 6248.323000  20.2050   0.0360   0.2360   0.0370   0.1970      0
300646   4111.397000 6078.408000  19.8620   0.0500   0.0730   0.0510   0.1970      0
296414   3847.418000 5994.899000  21.5380   0.0340   0.5010   0.0540   0.1960      0
425669   3934.697000 6212.149000  21.5480   0.0480   0.1430   0.1080   0.1960      0
298954   4007.352000 6084.992000  19.4590   0.0110   1.4360   0.0180   0.1950      0
297119   3893.241000 6078.507000  21.2610   0.0260   0.4600   0.0370   0.1950      0
300137   4078.614000 6089.978000  21.0640   0.0270   0.6030   0.0360   0.1950      0
299034   4011.963000 6093.883000  20.7750   0.0190   0.6090   0.0270   0.1940      0
297551   3918.677000 5966.729000  20.2700   0.0110   1.5390   0.0300   0.1930      0
426685   3993.588000 6210.736000  20.8570   0.0170   0.5350   0.0250   0.1930      0
425011   3895.958000 6258.119000  21.0670   0.0220   0.6090   0.0310   0.1930      0
425946   3951.837000 6231.785000  22.0670   0.0480   1.3230   0.1040   0.1930      0
300771   4118.938000 6136.690000  20.3630   0.0130   1.3660   0.0260   0.1920      0
423061   3779.495000 6218.837000  20.7350   0.0170   1.1470   0.0340   0.1920      0
299927   4065.201000 6078.665000  21.3610   0.0280   0.3460   0.0400   0.1920      0
424979   3894.024000 6302.165000  21.2960   0.0290   0.3870   0.0420   0.1920      0
297788   3933.567000 6099.454000  21.1890   0.0300   0.5650   0.0450   0.1920      0
299327   4027.874000 6045.956000  18.7290   0.0580   1.4680   0.0590   0.1920      0
297888   3941.565000 6136.017000  20.5740   0.0150   0.1580   0.0220   0.1910      0
427588   4047.744000 6229.770000  21.2670   0.0240   0.5090   0.0370   0.1910      0
296955   3882.893000 6061.442000  21.2790   0.0250   0.6480   0.0410   0.1910      0
300107   4076.141000 6110.118000  21.0120   0.0360   0.6800   0.0650   0.1910      0
299279   4025.434000 6065.125000  21.2350   0.0370   0.6740   0.0520   0.1910      0
423451   3803.382000 6204.833000  21.5670   0.0380   0.6660   0.0520   0.1910      0
423159   3784.645000 6183.502000  21.5150   0.0440   0.5690   0.0900   0.1910      0
424152   3847.851000 6269.041000  21.5550   0.0470   0.6450   0.0730   0.1910      0
299819   4058.863000 6153.866000  20.5650   0.0220   0.6500   0.0330   0.1900      0
427579   4047.297000 6220.061000  21.5390   0.0290   0.4520   0.0440   0.1900      0
297823   3936.674000 6114.585000  20.6580   0.0320   1.3150   0.0560   0.1900      0
299906   4064.044000 6131.953000  20.5110   0.0430   0.4930   0.0460   0.1900      0
298779   3996.035000 6118.582000  22.0660   0.0450   1.3190   0.1210   0.1900      0
296263   3838.335000 6040.979000  20.9280   0.0580   1.1720   0.0900   0.1900      0
296375   3845.088000 5970.554000  22.7900   0.0960   1.1620   0.2210   0.1900      0
298651   3988.255000 5966.361000  21.2230   0.0240   0.7460   0.0390   0.1890      0
299124   4016.738000 5962.718000  21.2390   0.0390   0.7880   0.0500   0.1890      0
423982   3837.021000 6217.291000  22.8170   0.1160   1.2430   0.2070   0.1890      0
295257   3770.901000 6137.181000  18.9240   0.0060   1.8280   0.0130   0.1880      0
296964   3883.420000 5973.153000  21.1860   0.0260   0.5820   0.0460   0.1880      0
425832   3944.337000 6195.569000  21.3040   0.0270   0.4030   0.0370   0.1880      0
296531   3855.679000 6009.004000  21.0180   0.0280   0.3080   0.0330   0.1880      0
296627   3862.228000 6028.179000  21.2640   0.0280   0.5240   0.0450   0.1880      0
298497   3977.615000 6054.941000  20.8960   0.0310   0.4980   0.0370   0.1880      0
299908   4064.150000 6051.145000  21.2840   0.0380   0.6880   0.0570   0.1880      0
300580   4106.995000 6055.508000  21.2070   0.0420   0.5620   0.0750   0.1880      0
298755   3994.498000 6112.937000  21.5330   0.0440   0.6810   0.0670   0.1880      0
426791   3999.930000 6192.533000  21.5640   0.0450   0.4610   0.0560   0.1880      0
295655   3797.802000 6106.808000  20.7940   0.0170   0.5910   0.0250   0.1870      0
297326   3905.809000 6168.247000  20.9680   0.0210   0.5950   0.0300   0.1870      0
297131   3894.364000 6164.083000  21.3080   0.0210   0.5620   0.0400   0.1870      0
298117   3954.980000 6090.110000  20.8450   0.0240   0.4380   0.0290   0.1870      0
295987   3820.749000 6013.005000  21.2670   0.0270   1.0260   0.0570   0.1870      0
425312   3913.218000 6301.486000  20.3890   0.0280   0.2200   0.0310   0.1870      0
424536   3869.358000 6239.346000  21.2660   0.0400   0.5180   0.0460   0.1870      0
295159   3764.493000 6132.204000  20.9740   0.0400   0.5850   0.1080   0.1870      0
297337   3906.458000 5975.313000  20.9970   0.0920   0.2420   0.0950   0.1870      0
428602   4108.072000 6192.309000  21.2840   0.0330   0.5320   0.0430   0.1860      0
297568   3919.569000 6158.401000  21.5870   0.0360   0.5010   0.0500   0.1860      0
298415   3972.435000 5993.899000  21.2390   0.0380   0.8690   0.0610   0.1860      0
427795   4060.687000 6189.645000  20.9330   0.0400   0.4730   0.0830   0.1860      0
297835   3937.448000 6147.027000  18.5430   0.0050   1.9060   0.0120   0.1850      0
296071   3826.036000 6113.327000  18.7770   0.0050   1.6070   0.0150   0.1850      0
298183   3959.016000 5966.656000  20.8410   0.0180   0.5540   0.0260   0.1850      0
424623   3874.688000 6212.550000  20.7030   0.0190   0.2610   0.0240   0.1850      0
299383   4030.975000 6103.312000  20.9690   0.0210   0.6210   0.0300   0.1850      0
296952   3882.799000 6164.200000  21.2100   0.0250   0.5840   0.0380   0.1850      0
299809   4058.241000 6079.431000  20.5910   0.0310   0.6170   0.0460   0.1850      0
299275   4025.271000 5988.058000  21.6480   0.0620   0.4460   0.0780   0.1850      0
299728   4053.200000 6065.121000  20.3710   0.0180   0.6180   0.0340   0.1840      0
299835   4059.802000 6119.313000  20.0650   0.0180   1.2450   0.0410   0.1840      0
298357   3969.366000 6127.264000  21.3510   0.0280   0.3990   0.0400   0.1840      0
297408   3910.426000 6123.427000  20.1630   0.0100   0.3180   0.0170   0.1830      0
299789   4056.715000 6039.907000  20.8420   0.0170   0.5560   0.0280   0.1830      0
427827   4062.592000 6232.229000  21.5850   0.0380   0.5320   0.1290   0.1830      0
424248   3852.704000 6245.398000  20.3450   0.0650   0.3840   0.0890   0.1830      0
296687   3865.416000 5972.524000  22.7050   0.0710   0.9050   0.1460   0.1830      0
295266   3771.427000 6160.295000  22.7220   0.0870   0.9200   0.1700   0.1830      0
296901   3879.234000 6110.997000  23.0530   0.1670   0.5850   0.2170   0.1830      0
296648   3863.916000 6009.625000  19.1000   0.0070  -0.1060   0.0090   0.1820      0
428363   4095.221000 6197.275000  21.2680   0.0230   0.5740   0.0330   0.1820      0
297122   3893.667000 5942.296000  21.3070   0.0230   0.5890   0.0350   0.1820      0
300155   4079.444000 6109.444000  21.5630   0.0550   0.3890   0.0670   0.1820      0
427564   4045.965000 6238.978000  20.9370   0.0910   0.2280   0.1030   0.1820      0
426969   4009.498000 6280.598000  21.5300   0.0490   0.5550   0.1590   0.1810      0
298565   3982.709000 5995.609000  20.9680   0.0190   0.6900   0.0320   0.1800      0
423153   3784.098000 6199.852000  20.7710   0.0200   0.6350   0.0290   0.1800      0
296259   3837.738000 6121.980000  21.2190   0.0310   0.6460   0.0440   0.1800      0
296059   3824.932000 6049.652000  21.2840   0.0330   0.8240   0.0540   0.1800      0
426328   3972.327000 6306.093000  21.7580   0.0360   0.5680   0.0510   0.1800      0
296688   3865.451000 6165.704000  20.8440   0.0370   0.4390   0.0410   0.1800      0
427995   4072.457000 6213.144000  21.6250   0.0420   0.4700   0.0560   0.1800      0
424052   3841.829000 6217.644000  20.7940   0.0240   0.3710   0.0320   0.1790      0
428258   4088.626000 6181.905000  21.0720   0.0240   0.6270   0.0350   0.1790      0
296341   3843.171000 6172.485000  21.3130   0.0260   0.5370   0.0400   0.1790      0
299070   4013.384000 6037.600000  21.4960   0.0280   0.7030   0.0500   0.1790      0
296180   3832.939000 6039.765000  21.0530   0.0410   0.6540   0.0670   0.1790      0
426215   3965.684000 6266.076000  21.2100   0.0240   0.7160   0.0380   0.1770      0
299870   4061.772000 6160.432000  21.3170   0.0260   0.5420   0.0390   0.1770      0
424350   3858.219000 6216.356000  20.8550   0.0360   0.2610   0.0490   0.1770      0
298969   4008.081000 5953.687000  21.7890   0.0360   0.5570   0.0540   0.1770      0
296867   3877.236000 6017.695000  21.3430   0.0890   0.2280   0.0940   0.1770      0
298443   3974.265000 6038.430000  20.6040   0.0160   0.5400   0.0260   0.1760      0
296971   3883.834000 6068.153000  21.4760   0.0260   0.5950   0.0430   0.1760      0
297173   3896.420000 6143.369000  21.5150   0.0390   0.4750   0.0470   0.1750      0
424583   3872.171000 6280.255000  21.5340   0.0560   0.6950   0.0750   0.1750      0
295116   3761.872000 6130.537000  21.5270   0.0620   0.4630   0.1600   0.1750      0
425797   3942.565000 6291.065000  21.4160   0.1390   0.2180   0.1500   0.1750      0
297834   3937.351000 5989.781000  20.0150   0.0130   0.1980   0.0160   0.1740      0
298638   3987.262000 6172.401000  20.7500   0.0200   0.6180   0.0260   0.1740      0
296520   3854.755000 6119.401000  20.8640   0.0220   0.9730   0.0470   0.1740      0
300399   4094.421000 6022.336000  21.1910   0.0260   0.6140   0.0360   0.1740      0
297474   3914.489000 6137.799000  19.6180   0.0330  -0.1210   0.0330   0.1740      0
299479   4036.361000 6065.206000  22.0180   0.0390   1.2290   0.0850   0.1740      0
426975   4009.833000 6183.521000  20.9260   0.0520   0.2940   0.0550   0.1740      0
425070   3899.452000 6202.805000  21.4820   0.0360   0.5580   0.0580   0.1730      0
297226   3899.793000 6000.062000  19.4130   0.0380   0.0080   0.0380   0.1730      0
427206   4022.730000 6247.520000  22.0250   0.0650   1.3040   0.1080   0.1730      0
297747   3931.124000 6076.659000  21.2880   0.0790   0.5360   0.0850   0.1730      0
297618   3923.541000 6000.643000  23.0770   0.1410   0.5340   0.1850   0.1730      0
298991   4009.423000 6079.111000  20.0490   0.0110   0.3000   0.0140   0.1710      0
427792   4060.604000 6186.208000  20.3170   0.0150   0.7520   0.0230   0.1710      0
428639   4110.477000 6178.297000  21.4710   0.0330   0.5930   0.0460   0.1710      0
296217   3834.687000 6010.005000  21.7870   0.0340   0.5810   0.0580   0.1710      0
297459   3913.083000 6076.629000  21.5340   0.0400   0.7290   0.0630   0.1710      0
425905   3949.588000 6188.141000  22.6320   0.1070   0.0150   0.1590   0.1710      0
300059   4073.520000 6160.226000  19.2500   0.0220   0.0440   0.0340   0.1700      0
297512   3916.555000 6005.177000  21.5300   0.0410   0.4050   0.0610   0.1700      0
296224   3835.089000 6129.546000  21.7500   0.0430   0.5840   0.0590   0.1700      0
297516   3916.730000 6166.897000  22.6930   0.0970   0.9680   0.1650   0.1700      0
297220   3899.396000 6165.748000  20.4920   0.0130   0.3280   0.0180   0.1690      0
298384   3970.490000 6038.752000  21.5660   0.0390   0.7230   0.0840   0.1690      0
423170   3785.115000 6180.043000  21.6250   0.0650   0.5850   0.0940   0.1690      0
298957   4007.429000 6107.222000  22.6490   0.0760   0.8140   0.1560   0.1690      0
296855   3876.236000 6026.654000  22.0510   0.1290   0.2320   0.1960   0.1690      0
298149   3956.969000 6148.596000  18.8540   0.0070  -0.2290   0.0090   0.1680      0
423696   3818.398000 6249.555000  18.9820   0.0080  -0.2540   0.0090   0.1680      0
300485   4099.822000 6034.238000  20.0660   0.0200   0.9510   0.0320   0.1680      0
297203   3898.240000 6016.611000  20.1150   0.0400   1.5700   0.0580   0.1680      0
299615   4044.520000 6086.006000  21.8230   0.0410   0.4980   0.0670   0.1680      0
295097   3760.865000 6113.406000  22.0130   0.0560   0.3930   0.0790   0.1680      0
425117   3902.199000 6225.499000  21.5620   0.0680   0.6700   0.1390   0.1680      0
425935   3951.101000 6236.287000  22.6260   0.0790   0.7540   0.1240   0.1680      0
427050   4014.038000 6206.610000  20.2030   0.0240   0.8060   0.0570   0.1670      0
425712   3937.467000 6283.282000  21.3200   0.0310   0.4940   0.0410   0.1670      0
298215   3960.527000 6075.986000  22.8740   0.0800   0.4780   0.1510   0.1670      0
298409   3972.051000 5982.995000  18.4860   0.0070   1.7840   0.0120   0.1660      0
296686   3865.415000 6032.804000  21.3190   0.0250   0.6190   0.0530   0.1660      0
297095   3891.650000 5968.256000  21.5720   0.0610   1.0910   0.0910   0.1660      0
300740   4117.227000 6073.126000  19.8690   0.0680   0.0330   0.0680   0.1660      0
424725   3880.097000 6285.818000  22.6290   0.0880   0.7750   0.1430   0.1660      0
426876   4004.686000 6196.021000  21.6940   0.0370   0.5270   0.0560   0.1650      0
296802   3872.711000 6079.599000  20.9090   0.0390   0.2410   0.0690   0.1650      0
298203   3959.899000 5942.535000  20.6760   0.0480   1.5210   0.0730   0.1650      0
423004   3775.754000 6198.817000  22.6130   0.0810   0.6240   0.1260   0.1650      0
423268   3792.044000 6197.684000  22.6450   0.1040   0.6070   0.1540   0.1650      0
299574   4042.102000 6046.029000  22.7920   0.1490   0.3210   0.2220   0.1650      0
296448   3849.849000 6170.218000  20.8650   0.0230   0.9670   0.0570   0.1640      0
297101   3892.004000 6141.415000  21.4730   0.0250   1.0230   0.0540   0.1640      0
298131   3955.406000 5953.431000  21.0520   0.0260   1.3870   0.0550   0.1640      0
298296   3965.291000 5969.585000  21.2700   0.0330   1.1990   0.1960   0.1640      0
300833   4122.998000 6114.101000  21.4630   0.0370   0.6160   0.0640   0.1640      0
295653   3797.567000 6000.572000  22.6690   0.0630   0.5600   0.1110   0.1640      0
425983   3953.822000 6179.398000  22.6660   0.0890   0.9510   0.1410   0.1640      0
298089   3953.372000 6072.627000  22.7110   0.0920   1.1570   0.2000   0.1640      0
296872   3877.552000 6054.120000  21.7680   0.0930   0.5270   0.1020   0.1640      0
298182   3958.943000 6117.091000  18.8230   0.0100   0.0240   0.0110   0.1630      0
299554   4040.899000 6038.840000  21.7860   0.0380   0.6020   0.0620   0.1630      0
299430   4033.284000 6068.497000  21.6120   0.0460   0.6750   0.0630   0.1630      0
425204   3907.486000 6283.500000  18.8980   0.0740   1.4500   0.0740   0.1630      0
300810   4121.914000 6128.073000  22.6540   0.1290   0.6080   0.1850   0.1630      0
300254   4085.147000 6065.027000  20.8670   0.0240   1.3600   0.0480   0.1620      0
300460   4098.260000 6056.995000  21.4620   0.0300   0.6790   0.0520   0.1620      0
300840   4123.250000 6105.535000  21.3150   0.0450   0.7050   0.0630   0.1620      0
296350   3843.740000 6102.563000  21.6090   0.0490   0.6820   0.0810   0.1620      0
298320   3966.945000 6137.000000  22.0490   0.0750   0.4000   0.0920   0.1620      0
296419   3847.810000 5974.606000  21.5010   0.0830   0.6650   0.1300   0.1620      0
299784   4056.340000 5997.569000  21.8520   0.0870   0.4510   0.1100   0.1620      0
425291   3912.046000 6267.219000  20.6820   0.0170   0.3970   0.0250   0.1610      0
426176   3963.697000 6240.085000  20.8190   0.0180   0.7120   0.0280   0.1610      0
300008   4070.477000 6071.395000  21.4900   0.0340   0.7340   0.0520   0.1610      0
298465   3975.764000 6139.057000  21.7780   0.0630   0.5600   0.0950   0.1610      0
298422   3972.977000 6044.087000  22.5950   0.1010   0.6370   0.1330   0.1610      0
426162   3962.906000 6182.394000  21.1850   0.0270   0.6790   0.0420   0.1600      0
426317   3971.659000 6289.118000  21.2980   0.0320   0.8620   0.0490   0.1600      0
296292   3840.212000 6044.981000  21.1480   0.0320   0.6060   0.0590   0.1600      0
299698   4049.946000 6040.364000  21.5520   0.0360   0.7510   0.0540   0.1600      0
298363   3969.586000 5960.509000  22.2000   0.0630   0.4450   0.0880   0.1600      0
299367   4030.206000 6070.531000  22.6740   0.0860   0.2770   0.1760   0.1600      0
300603   4108.366000 6098.198000  20.4450   0.0140   0.6290   0.0200   0.1590      0
299120   4016.395000 6035.059000  21.6810   0.0530   0.5780   0.0660   0.1590      0
423221   3788.644000 6227.619000  22.5780   0.0670   0.7390   0.1240   0.1590      0
296568   3858.550000 6013.782000  19.5830   0.0070   1.3410   0.0170   0.1580      0
424240   3852.387000 6275.208000  20.4810   0.0160   0.6270   0.0210   0.1580      0
425749   3939.723000 6219.192000  20.8210   0.0190   0.5840   0.0350   0.1580      0
425979   3953.662000 6189.428000  20.3130   0.0210   0.4590   0.0250   0.1580      0
300259   4085.336000 6098.742000  22.0410   0.0390   1.0800   0.0910   0.1580      0
299451   4034.683000 6076.660000  21.9810   0.0750   0.3770   0.1360   0.1580      0
297359   3907.767000 6086.021000  21.2860   0.1180   0.7580   0.2050   0.1580      0
295758   3804.754000 5999.918000  20.0360   0.0100  -0.0920   0.0120   0.1570      0
297454   3912.933000 6006.655000  20.5190   0.0150   0.6730   0.0260   0.1570      0
427450   4038.421000 6183.079000  21.1610   0.0250   1.1760   0.0550   0.1570      0
423477   3804.995000 6192.702000  21.5450   0.0310   1.4380   0.0760   0.1570      0
297842   3937.867000 6095.328000  21.5120   0.0370   0.8830   0.1410   0.1570      0
297852   3938.914000 6067.440000  21.9580   0.0380   0.8570   0.0800   0.1570      0
297665   3925.849000 5992.185000  21.6580   0.0540   0.6150   0.0810   0.1570      0
298321   3966.984000 6002.462000  22.0290   0.1090   1.4280   0.1740   0.1570      0
295650   3797.448000 6123.690000  22.2280   0.1400   0.2940   0.1850   0.1570      0
426921   4006.918000 6247.164000  20.3730   0.0190   0.5720   0.0240   0.1560      0
423796   3825.355000 6252.101000  20.7290   0.0260   0.3200   0.0290   0.1560      0
297845   3938.150000 6100.235000  20.9430   0.0290   0.5440   0.0480   0.1560      0
297536   3917.877000 5971.566000  22.0260   0.0400   0.9980   0.0810   0.1560      0
427128   4017.597000 6238.914000  21.9390   0.0420   0.8660   0.0770   0.1560      0
424609   3873.859000 6259.439000  21.6530   0.0460   0.6030   0.0700   0.1560      0
296143   3830.954000 6110.719000  21.8240   0.0460   0.5610   0.0720   0.1560      0
297561   3919.100000 5956.494000  21.9790   0.0510   0.9180   0.0820   0.1560      0
297771   3933.014000 5984.999000  21.7860   0.0530   0.6060   0.0720   0.1560      0
300292   4087.393000 6018.232000  21.6020   0.0590   0.7400   0.0830   0.1560      0
298354   3969.267000 6160.638000  22.1980   0.0820   0.4630   0.1120   0.1560      0
296409   3847.113000 6080.923000  22.6300   0.0840   0.9210   0.1390   0.1560      0
298765   3995.087000 6129.583000  20.1220   0.0100   0.3860   0.0160   0.1550      0
299324   4027.738000 6139.812000  20.6130   0.0180   0.6680   0.0250   0.1550      0
298269   3963.856000 5992.863000  20.6340   0.0260   0.2720   0.0370   0.1550      0
426459   3979.545000 6240.468000  21.6370   0.0320   0.5710   0.0570   0.1550      0
298124   3955.181000 5961.678000  21.3900   0.0340   0.4350   0.0470   0.1550      0
300462   4098.372000 6103.006000  21.6140   0.0340   0.9820   0.0610   0.1550      0
300238   4084.223000 6034.145000  21.7450   0.0360   0.6530   0.0500   0.1550      0
295426   3781.672000 6128.554000  22.0120   0.0430   0.9130   0.0750   0.1550      0
295581   3792.984000 6069.996000  22.0190   0.0440   0.9450   0.0730   0.1550      0
427572   4046.485000 6251.725000  21.9390   0.0450   0.8680   0.0770   0.1550      0
295830   3809.793000 6061.034000  21.9640   0.0470   0.9040   0.0890   0.1550      0
295224   3768.871000 6067.968000  22.1560   0.0510   0.4690   0.0770   0.1550      0
296645   3863.655000 6050.528000  21.2990   0.0530   0.9730   0.1380   0.1550      0
299634   4045.731000 5979.815000  21.2160   0.0560   1.5740   0.1200   0.1550      0
299495   4037.567000 6079.406000  21.5700   0.0610   1.2140   0.2040   0.1550      0
298394   3970.842000 6119.737000  22.5240   0.0760   0.6640   0.1030   0.1550      0
299423   4032.868000 5989.238000  21.9600   0.1010   0.4350   0.1110   0.1550      0
298125   3955.299000 6079.087000  22.5660   0.1650   0.6240   0.1830   0.1550      0
297841   3937.804000 6105.610000  20.7920   0.0350   0.6390   0.0630   0.1540      0
425052   3898.330000 6293.939000  21.5900   0.0360   0.9260   0.0600   0.1540      0
296317   3841.544000 5973.533000  22.0100   0.0420   0.8920   0.0850   0.1540      0
425724   3938.314000 6242.796000  22.0190   0.0460   1.0190   0.1090   0.1540      0
295553   3790.999000 6167.014000  22.1990   0.0580   0.5680   0.0800   0.1540      0
425723   3938.179000 6186.612000  22.3460   0.0610   0.5210   0.0890   0.1540      0
424458   3865.018000 6202.545000  21.6270   0.0670   0.7600   0.1490   0.1540      0
299046   4012.583000 5963.454000  22.5370   0.0720   0.6830   0.1260   0.1540      0
425376   3917.587000 6183.197000  21.6120   0.0730   1.0090   0.1100   0.1540      0
423631   3815.007000 6257.521000  22.6500   0.0880   1.0150   0.1590   0.1540      0
295837   3810.291000 6132.449000  20.7380   0.0180   0.7740   0.0260   0.1530      0
298657   3988.600000 5972.998000  21.4090   0.0320   0.4000   0.0450   0.1530      0
299577   4042.331000 6170.888000  21.7480   0.0380   0.6590   0.0580   0.1530      0
424528   3868.789000 6246.263000  22.2320   0.0660   0.6240   0.1190   0.1530      0
298925   4005.280000 6028.784000  22.3440   0.0740   0.4670   0.1080   0.1530      0
299923   4064.989000 6129.192000  21.2700   0.0780   0.9730   0.1280   0.1530      0
297721   3929.576000 5991.227000  22.5400   0.0990   0.6330   0.1670   0.1530      0
295299   3773.831000 6074.189000  22.1970   0.1130   0.4650   0.1270   0.1530      0
298599   3984.963000 5960.436000  20.0890   0.0110   0.0260   0.0140   0.1520      0
425828   3944.208000 6234.442000  21.0850   0.0220   0.6520   0.0350   0.1520      0
298005   3948.360000 5962.181000  21.9160   0.0360   0.8430   0.0730   0.1520      0
297574   3920.019000 6129.056000  20.6350   0.0380   0.6450   0.0420   0.1520      0
299217   4021.027000 6161.953000  20.6910   0.0430   0.2230   0.0470   0.1520      0
298595   3984.632000 6035.584000  21.6240   0.0440   0.7200   0.0630   0.1520      0
300496   4100.812000 6087.073000  21.9830   0.0460   0.8270   0.0880   0.1520      0
425660   3934.361000 6204.021000  21.6220   0.0470   0.7360   0.0970   0.1520      0
425334   3914.997000 6212.133000  21.9390   0.0480   0.9320   0.0780   0.1520      0
299051   4012.733000 6172.235000  21.2850   0.0550   1.0740   0.0780   0.1520      0
295810   3808.666000 6108.444000  22.4130   0.0620   0.5360   0.0970   0.1520      0
295608   3794.832000 6088.397000  22.1890   0.0650   0.5620   0.0880   0.1520      0
298102   3954.205000 6004.655000  22.2510   0.0680   0.6720   0.1000   0.1520      0
295801   3808.020000 6165.708000  22.4820   0.0720   0.6040   0.1050   0.1520      0
300374   4092.784000 6053.676000  22.4750   0.0910   0.5960   0.1220   0.1520      0
296314   3841.406000 6121.091000  21.3050   0.0340   0.9590   0.0650   0.1510      0
296511   3854.306000 6003.921000  21.7200   0.0350   0.6680   0.0540   0.1510      0
296095   3827.358000 6090.495000  22.0230   0.0500   0.8930   0.0840   0.1510      0
298979   4008.722000 6113.718000  21.6600   0.0550   0.6980   0.0990   0.1510      0
299026   4011.644000 6111.447000  21.6760   0.0590   0.6760   0.0950   0.1510      0
427681   4053.867000 6188.670000  21.7190   0.0890   0.6640   0.0980   0.1510      0
297493   3915.682000 6124.303000  22.4810   0.1680   0.4220   0.1860   0.1510      0
427444   4038.147000 6254.725000  21.5800   0.0310   0.7700   0.0550   0.1500      0
427262   4026.106000 6193.546000  21.7020   0.0340   0.8280   0.0630   0.1500      0
297426   3911.130000 6014.099000  20.5380   0.0350   0.5420   0.0380   0.1500      0
425844   3945.192000 6270.501000  22.0780   0.0350   1.0620   0.0950   0.1500      0
295881   3813.225000 6118.054000  21.7450   0.0410   0.6680   0.0600   0.1500      0
295367   3777.497000 6054.276000  21.9960   0.0440   1.0700   0.0920   0.1500      0
424704   3879.166000 6250.525000  21.6020   0.0470   0.9140   0.0650   0.1500      0
425771   3941.166000 6205.469000  22.0370   0.0480   0.9300   0.0820   0.1500      0
298260   3963.386000 5986.287000  22.1820   0.0480   0.6980   0.0820   0.1500      0
298949   4007.010000 6140.861000  21.8300   0.0510   0.5800   0.0800   0.1500      0
427306   4029.621000 6209.363000  21.9490   0.0540   0.8030   0.0880   0.1500      0
296662   3864.483000 6155.262000  21.9830   0.0620   0.9160   0.1240   0.1500      0
295599   3793.908000 6111.895000  22.0640   0.0700   1.1620   0.1730   0.1500      0
298528   3979.573000 6061.600000  22.3800   0.0740   0.5730   0.1170   0.1500      0
426117   3960.802000 6285.177000  22.3970   0.0750   0.6010   0.1070   0.1500      0
296970   3883.621000 6109.740000  21.7600   0.1230   0.6470   0.1300   0.1500      0
296293   3840.218000 6021.899000  22.5280   0.1470   0.3750   0.1670   0.1500      0
297318   3905.213000 6001.170000  22.4720   0.1700   0.5440   0.1940   0.1500      0
425391   3918.395000 6221.645000  21.6490   0.0310   0.6440   0.0550   0.1490      0
427230   4024.294000 6276.299000  21.7010   0.0370   0.8910   0.0580   0.1490      0
296939   3881.840000 6168.789000  21.5800   0.0370   0.8920   0.0660   0.1490      0
426446   3978.720000 6209.039000  21.6820   0.0400   0.8740   0.0620   0.1490      0
424789   3883.386000 6253.372000  21.9310   0.0470   0.7860   0.0810   0.1490      0
299311   4026.871000 5984.974000  21.6200   0.0550   0.9060   0.0880   0.1490      0
426022   3955.684000 6290.087000  21.9650   0.0610   0.9140   0.1280   0.1490      0
300228   4083.723000 6113.349000  21.6140   0.0630   0.7950   0.0880   0.1490      0
296427   3848.389000 6156.246000  22.3060   0.0690   0.6720   0.1100   0.1490      0
297212   3898.741000 6106.300000  21.6380   0.0710   0.9350   0.1030   0.1490      0
295748   3804.140000 6115.064000  22.2500   0.0760   0.7040   0.1020   0.1490      0
298425   3973.156000 6106.230000  22.5330   0.0870   0.7450   0.1350   0.1490      0
295422   3781.500000 6081.864000  21.3240   0.0890   0.8850   0.1950   0.1490      0
425207   3907.583000 6240.313000  20.7020   0.0150   0.6380   0.0240   0.1480      0
297791   3933.690000 6136.010000  21.4670   0.0350   0.7400   0.0540   0.1480      0
296905   3879.564000 5950.186000  21.7230   0.0370   0.6960   0.0540   0.1480      0
295046   3757.214000 6106.054000  21.7030   0.0380   0.7920   0.0630   0.1480      0
299665   4047.832000 6036.028000  21.6800   0.0400   0.8160   0.0610   0.1480      0
299858   4060.866000 6047.465000  21.6610   0.0410   0.6800   0.0620   0.1480      0
298483   3976.589000 6080.873000  21.6790   0.0430   1.2840   0.0750   0.1480      0
299709   4051.171000 6161.233000  21.9380   0.0510   0.8940   0.1400   0.1480      0
300424   4096.167000 6045.773000  21.9630   0.0540   0.9840   0.1360   0.1480      0
299830   4059.562000 5992.089000  21.6410   0.0600   0.8940   0.0860   0.1480      0
300347   4090.809000 6154.065000  22.2490   0.0650   0.7300   0.0950   0.1480      0
296634   3862.673000 6147.462000  22.5700   0.0660   0.8460   0.1340   0.1480      0
427749   4058.031000 6193.724000  22.1820   0.0670   0.6590   0.1110   0.1480      0
297128   3894.321000 6021.891000  21.5980   0.0730   1.1830   0.1080   0.1480      0
295839   3810.465000 5995.110000  22.3910   0.0740   0.6470   0.1050   0.1480      0
296830   3874.895000 6055.384000  21.8150   0.0940   0.6030   0.1340   0.1480      0
427390   4034.434000 6212.884000  22.3760   0.2100   0.4930   0.2300   0.1480      0
295547   3790.328000 6153.193000  21.5520   0.0250   0.7990   0.0440   0.1470      0
424772   3882.476000 6221.507000  21.6640   0.0340   0.8010   0.0620   0.1470      0
425575   3929.269000 6282.671000  21.6770   0.0340   0.9390   0.0910   0.1470      0
296396   3846.449000 6145.359000  21.6300   0.0360   0.9620   0.1010   0.1470      0
297714   3928.934000 5947.442000  21.7120   0.0370   0.9740   0.0620   0.1470      0
423794   3824.851000 6218.101000  21.9400   0.0420   0.7150   0.0660   0.1470      0
297177   3896.623000 6159.700000  21.6830   0.0450   0.7620   0.0700   0.1470      0
299370   4030.273000 6152.131000  21.6170   0.0470   0.8030   0.0840   0.1470      0
296355   3844.173000 5978.465000  22.2070   0.0480   0.7540   0.0980   0.1470      0
296797   3872.322000 5956.400000  21.9650   0.0520   0.7500   0.0740   0.1470      0
426613   3988.677000 6205.160000  21.4320   0.0250   0.6240   0.0450   0.1460      0
295658   3797.923000 6071.697000  21.4730   0.0300   0.7510   0.0500   0.1460      0
295472   3785.451000 6168.548000  21.6940   0.0340   1.0160   0.0650   0.1460      0
296133   3829.894000 5993.930000  21.7170   0.0340   1.0670   0.0740   0.1460      0
425167   3905.369000 6205.066000  21.6500   0.0360   0.7440   0.0550   0.1460      0
299568   4041.915000 5995.822000  21.7230   0.0370   0.7180   0.0590   0.1460      0
425197   3907.265000 6260.504000  21.7120   0.0410   0.7420   0.0590   0.1460      0
299086   4014.698000 6030.981000  21.7020   0.0480   0.8970   0.0810   0.1460      0
296226   3835.368000 6144.138000  21.9600   0.0570   0.4960   0.0790   0.1460      0
425902   3949.416000 6265.233000  22.0140   0.0760   0.8430   0.1090   0.1460      0
296661   3864.475000 6036.673000  22.2020   0.1260   0.6150   0.1630   0.1460      0
426428   3977.811000 6299.421000  22.1700   0.1380   0.5990   0.1580   0.1460      0
300119   4077.068000 6106.020000  19.8510   0.0210   1.5240   0.0390   0.1450      0
299101   4015.718000 5990.119000  21.7370   0.0330   0.7260   0.0620   0.1450      0
295979   3820.307000 6126.053000  21.5710   0.0350   0.8600   0.0590   0.1450      0
425794   3942.328000 6244.801000  21.7200   0.0410   0.8470   0.0760   0.1450      0
424656   3876.568000 6221.027000  21.9330   0.0420   0.6590   0.0710   0.1450      0
297376   3908.859000 5968.315000  21.9420   0.0490   0.6840   0.0690   0.1450      0
428529   4104.078000 6195.947000  21.3540   0.0500   0.6490   0.0620   0.1450      0
298639   3987.262000 6058.960000  21.9670   0.0510   0.7000   0.0740   0.1450      0
299139   4017.429000 6124.473000  21.9200   0.0520   0.9350   0.1000   0.1450      0
300471   4098.642000 6114.179000  21.9900   0.0520   1.1300   0.1050   0.1450      0
423932   3833.540000 6224.494000  21.9920   0.0540   0.7470   0.0790   0.1450      0
299603   4043.858000 6030.183000  21.9040   0.0540   0.8500   0.0900   0.1450      0
296586   3859.913000 5966.150000  22.3590   0.0550   0.7070   0.0950   0.1450      0
296454   3850.385000 6140.143000  21.9720   0.0550   0.6990   0.0960   0.1450      0
425625   3932.277000 6191.549000  22.5580   0.0690   0.8360   0.1610   0.1450      0
297946   3945.208000 6033.735000  20.7900   0.0150   0.5250   0.0240   0.1440      0
296159   3831.986000 6160.018000  21.1520   0.0250   0.6820   0.0380   0.1440      0
425379   3917.719000 6297.941000  21.4160   0.0250   0.6410   0.0420   0.1440      0
299998   4070.019000 6051.412000  21.3710   0.0320   0.4790   0.0410   0.1440      0
299527   4039.388000 6159.420000  21.6350   0.0360   0.8080   0.0550   0.1440      0
426877   4004.708000 6231.532000  21.6090   0.0360   0.8580   0.0570   0.1440      0
296936   3881.749000 6010.996000  21.9180   0.0360   0.4920   0.0640   0.1440      0
297821   3936.567000 5944.750000  21.7180   0.0370   1.0960   0.0790   0.1440      0
426594   3987.835000 6255.231000  21.9180   0.0460   0.7180   0.0690   0.1440      0
423928   3833.371000 6178.052000  22.1590   0.0520   0.7150   0.0960   0.1440      0
295665   3798.483000 6015.246000  22.3200   0.0540   0.7670   0.0860   0.1440      0
296605   3860.912000 6048.309000  21.6530   0.0700   1.1870   0.1450   0.1440      0
296445   3849.595000 5982.020000  22.1400   0.0950   0.6730   0.1110   0.1440      0
295846   3810.923000 6032.824000  20.6450   0.0180   0.5920   0.0240   0.1430      0
298271   3964.017000 6020.415000  21.5290   0.0260   0.8530   0.0550   0.1430      0
427078   4014.852000 6199.411000  21.5880   0.0280   0.8440   0.0510   0.1430      0
296456   3850.479000 6105.325000  21.4180   0.0310   0.6380   0.0470   0.1430      0
296373   3845.035000 6003.246000  21.3300   0.0320   0.7280   0.0480   0.1430      0
300053   4073.224000 6148.155000  21.7360   0.0360   0.8980   0.0710   0.1430      0
298700   3991.439000 6019.890000  21.7330   0.0370   0.8660   0.0780   0.1430      0
423397   3800.604000 6239.707000  22.0300   0.0460   0.5270   0.0690   0.1430      0
299482   4036.785000 6020.274000  22.3190   0.0550   0.7720   0.0890   0.1430      0
427985   4072.062000 6181.307000  22.0410   0.0560   0.8160   0.0920   0.1430      0
425805   3943.053000 6284.103000  21.9730   0.0710   0.7040   0.0960   0.1430      0
423802   3825.579000 6187.145000  20.3360   0.0200   0.6640   0.0470   0.1420      0
425445   3921.226000 6267.987000  20.8290   0.0230   0.6800   0.0330   0.1420      0
299222   4021.526000 6088.380000  21.8900   0.0470   0.8680   0.0850   0.1420      0
296824   3874.461000 5961.536000  22.1830   0.0480   0.7890   0.0820   0.1420      0
427630   4050.437000 6205.503000  21.9380   0.0550   0.6300   0.0820   0.1420      0
299103   4015.796000 6109.161000  22.1480   0.0670   0.7140   0.1370   0.1420      0
297797   3934.394000 6094.107000  22.2780   0.0690   0.6700   0.2460   0.1420      0
426134   3961.447000 6279.731000  22.0740   0.0890   0.6110   0.1100   0.1420      0
427905   4066.605000 6250.698000  22.1100   0.0900   0.6730   0.1120   0.1420      0
424349   3858.212000 6198.578000  22.4080   0.0940   0.7280   0.1420   0.1420      0
425589   3930.030000 6182.186000  22.2090   0.1140   0.7030   0.1970   0.1420      0
426284   3969.837000 6201.506000  22.0470   0.1180   0.6930   0.1310   0.1420      0
298130   3955.365000 6128.420000  22.6680   0.1490   1.3390   0.2430   0.1420      0
424621   3874.680000 6266.891000  21.4490   0.0300   0.7340   0.0460   0.1410      0
300154   4079.418000 6098.434000  21.7390   0.0350   0.8030   0.0550   0.1410      0
295884   3813.453000 6170.631000  21.8980   0.0370   0.6800   0.0680   0.1410      0
422949   3771.993000 6184.522000  22.0250   0.0420   0.7190   0.0790   0.1410      0
298151   3957.090000 6085.206000  21.8990   0.0450   0.7150   0.0700   0.1410      0
296082   3826.954000 6039.028000  21.9020   0.0570   0.5860   0.0830   0.1410      0
297973   3946.557000 6111.041000  22.1460   0.0570   0.7520   0.1020   0.1410      0
296036   3823.512000 6109.938000  22.0530   0.0650   0.7460   0.1350   0.1410      0
425113   3901.969000 6182.430000  22.5490   0.0670   0.8590   0.1340   0.1410      0
424407   3861.513000 6205.908000  21.1300   0.0250   0.6070   0.0450   0.1400      0
299196   4020.314000 6061.455000  21.3970   0.0390   0.4730   0.0840   0.1400      0
425370   3917.199000 6188.686000  21.8750   0.0400   0.8850   0.0690   0.1400      0
427130   4017.638000 6273.129000  22.0070   0.0460   0.5920   0.0800   0.1400      0
298141   3956.368000 5985.669000  22.1160   0.0470   0.6610   0.1210   0.1400      0
298217   3960.556000 6093.518000  22.0580   0.0490   0.7950   0.0840   0.1400      0
298764   3995.084000 5961.549000  22.0580   0.0530   0.7550   0.0890   0.1400      0
298609   3985.746000 6067.958000  22.0480   0.0580   0.7010   0.1030   0.1400      0
295806   3808.311000 6085.171000  22.0490   0.0590   0.7080   0.0950   0.1400      0
426150   3962.339000 6272.290000  22.3280   0.0630   0.7850   0.1050   0.1400      0
300687   4114.214000 6120.841000  22.2360   0.0630   0.7910   0.1410   0.1400      0
295261   3771.334000 6100.282000  22.0920   0.0650   0.6520   0.0880   0.1400      0
300709   4115.285000 6090.648000  22.1040   0.0690   0.7490   0.1090   0.1400      0
426085   3958.891000 6238.983000  22.1940   0.0720   0.8010   0.0950   0.1400      0
295671   3799.061000 6089.355000  20.8420   0.0740   0.6140   0.0770   0.1400      0
298982   4009.026000 6101.323000  21.9870   0.0740   0.6030   0.0890   0.1400      0
427752   4058.211000 6263.333000  21.3580   0.0740   0.7750   0.0920   0.1400      0
295528   3789.291000 6040.137000  22.2080   0.0830   0.7900   0.1200   0.1400      0
298958   4007.670000 6137.250000  22.0780   0.0930   0.9270   0.1190   0.1400      0
299399   4031.756000 6148.463000  20.7240   0.0170   0.9120   0.0300   0.1390      0
300066   4073.910000 6052.226000  22.0710   0.0430   0.7880   0.1240   0.1390      0
425958   3952.218000 6291.487000  22.0250   0.0540   0.6390   0.0780   0.1390      0
425423   3920.076000 6209.620000  22.1420   0.0540   0.7850   0.0810   0.1390      0
295000   3754.428000 6146.053000  22.2700   0.0670   0.8210   0.0960   0.1390      0
426363   3974.248000 6296.873000  21.8260   0.0740   0.6880   0.1010   0.1390      0
426752   3997.011000 6289.429000  22.6340   0.0750   1.1340   0.1540   0.1390      0
300480   4099.406000 6076.741000  21.4500   0.0300   0.9410   0.0590   0.1380      0
426580   3987.093000 6196.569000  21.4290   0.0320   0.7100   0.0530   0.1380      0
427602   4048.535000 6189.831000  21.8840   0.0350   0.6510   0.0580   0.1380      0
299787   4056.687000 6117.958000  21.4560   0.0390   0.4420   0.0870   0.1380      0
426053   3957.127000 6259.382000  22.0920   0.0400   0.9660   0.0780   0.1380      0
296207   3834.275000 6106.220000  22.0910   0.0430   0.7000   0.0810   0.1380      0
428116   4080.097000 6221.239000  21.8860   0.0440   0.8600   0.1300   0.1380      0
297792   3933.829000 6121.739000  21.3810   0.0530   0.6840   0.0630   0.1380      0
425962   3952.400000 6258.683000  21.8760   0.0530   0.6550   0.0720   0.1380      0
300220   4083.267000 6145.086000  22.1110   0.0530   1.1000   0.1280   0.1380      0
297722   3929.621000 6154.161000  22.2220   0.0540   0.8280   0.0990   0.1380      0
296673   3865.049000 6025.574000  22.1190   0.0770   1.1950   0.1450   0.1380      0
299025   4011.604000 5975.958000  21.1620   0.0230   0.7360   0.0440   0.1370      0
298985   4009.099000 6037.741000  21.5030   0.0270   0.8910   0.0530   0.1370      0
298515   3978.937000 6149.063000  21.5110   0.0280   0.8480   0.0550   0.1370      0
297169   3896.340000 6038.743000  21.3450   0.0380   0.7030   0.0530   0.1370      0
427549   4045.054000 6268.360000  21.7580   0.0450   0.7560   0.0760   0.1370      0
299493   4037.508000 6113.213000  22.3840   0.0740   0.8010   0.1000   0.1370      0
297402   3910.187000 6110.404000  21.0290   0.0290   0.7580   0.0470   0.1360      0
428191   4084.927000 6201.487000  21.3980   0.0310   0.6320   0.0510   0.1360      0
299520   4039.117000 6073.291000  21.8730   0.0460   0.9130   0.0770   0.1360      0
294983   3753.629000 6110.604000  22.1080   0.0550   0.9980   0.1280   0.1360      0
295437   3782.347000 6084.597000  19.9780   0.0120   0.0970   0.0270   0.1350      0
300621   4109.834000 6119.301000  21.0580   0.0210   0.7350   0.0510   0.1350      0
427452   4038.721000 6232.982000  22.0930   0.0440   0.8320   0.0750   0.1350      0
298471   3975.862000 6120.859000  21.8660   0.0480   0.8870   0.0820   0.1350      0
427234   4024.482000 6182.533000  22.2110   0.0530   0.8500   0.1050   0.1350      0
296946   3882.170000 5958.317000  22.4340   0.0620   0.8010   0.1180   0.1350      0
425434   3920.534000 6233.194000  22.5720   0.0880   0.9890   0.1600   0.1350      0
425595   3930.418000 6279.427000  22.1030   0.1070   1.0450   0.1420   0.1350      0
423713   3819.542000 6262.131000  20.8830   0.0190   0.5750   0.0270   0.1340      0
426652   3991.092000 6244.729000  20.6130   0.0220   0.2670   0.0290   0.1340      0
295487   3786.494000 6026.078000  21.8530   0.0420   0.8700   0.0640   0.1340      0
298468   3975.827000 6127.451000  21.3970   0.0440   0.5310   0.0530   0.1340      0
298083   3953.030000 6131.068000  21.7560   0.0450   1.2340   0.0970   0.1340      0
297810   3935.641000 6031.991000  21.4460   0.0480   0.9260   0.0930   0.1340      0
299059   4013.074000 6168.557000  21.4030   0.0620   0.7560   0.1100   0.1340      0
300125   4077.464000 6049.160000  22.4360   0.0640   0.8140   0.0930   0.1340      0
299642   4046.334000 6127.952000  21.7850   0.0660   0.7910   0.0890   0.1340      0
296762   3870.310000 6032.043000  21.8120   0.0690   0.7610   0.0990   0.1340      0
297351   3907.060000 6163.120000  20.4000   0.0170   0.4330   0.0210   0.1330      0
297573   3919.865000 6043.439000  21.3840   0.0280   0.5990   0.0430   0.1330      0
300380   4093.223000 6170.796000  21.3620   0.0280   0.6420   0.0490   0.1330      0
426931   4007.435000 6200.742000  22.1120   0.0410   0.9980   0.0870   0.1330      0
426944   4008.186000 6190.009000  22.3650   0.0740   0.8430   0.1030   0.1330      0
426149   3962.316000 6195.894000  21.4250   0.0250   0.4780   0.0360   0.1320      0
297158   3895.916000 5969.146000  21.1880   0.0290   0.8490   0.0680   0.1320      0
425887   3948.310000 6185.140000  21.4170   0.0310   1.0130   0.1150   0.1320      0
299265   4024.409000 6086.218000  21.7640   0.0410   0.9830   0.0850   0.1320      0
300274   4086.304000 6088.395000  21.7900   0.0430   0.7140   0.0650   0.1320      0
295741   3803.740000 6079.143000  21.9120   0.0480   0.9990   0.0780   0.1320      0
298597   3984.929000 6010.632000  22.1580   0.0500   0.8610   0.0930   0.1320      0
297543   3918.047000 6046.898000  21.7940   0.0600   0.8120   0.0980   0.1320      0
297452   3912.863000 5989.093000  22.2000   0.0680   0.8680   0.1030   0.1320      0
296227   3835.578000 6111.013000  22.4200   0.0810   0.8370   0.1290   0.1320      0
425231   3908.662000 6278.434000  22.3810   0.0830   0.8480   0.1230   0.1320      0
424935   3891.720000 6179.413000  21.3970   0.0340   0.5230   0.0590   0.1310      0
424401   3861.257000 6272.658000  21.4830   0.0430   0.8360   0.0650   0.1310      0
296652   3864.102000 6120.079000  22.1220   0.0560   0.9800   0.0960   0.1310      0
425629   3932.465000 6197.641000  22.1270   0.0610   0.9660   0.1150   0.1310      0
425027   3897.289000 6192.612000  21.7520   0.0620   1.2420   0.0940   0.1310      0
297076   3890.768000 6046.681000  22.4170   0.0650   0.8350   0.1210   0.1310      0
424391   3860.754000 6268.328000  22.2740   0.0690   0.8800   0.1170   0.1310      0
425076   3899.923000 6223.038000  21.7580   0.0750   1.0280   0.1060   0.1310      0
424408   3861.571000 6283.701000  22.2760   0.0790   0.8830   0.1170   0.1310      0
295775   3806.097000 6093.771000  22.3970   0.0800   0.8470   0.1330   0.1310      0
299995   4069.815000 6003.550000  22.4110   0.0990   0.8540   0.1480   0.1310      0
297570   3919.626000 6018.016000  21.3900   0.0290   0.5580   0.0590   0.1300      0
296426   3848.355000 6015.203000  21.8380   0.0390   0.6840   0.0640   0.1300      0
295960   3818.884000 6164.207000  21.4290   0.0420   0.9240   0.0960   0.1300      0
299989   4069.233000 6032.233000  22.1620   0.0520   1.3610   0.1560   0.1300      0
424384   3860.229000 6213.502000  21.3920   0.0580   0.9380   0.0950   0.1300      0
297021   3886.851000 6115.512000  21.4310   0.0600   0.9030   0.0790   0.1300      0
425680   3935.808000 6200.398000  22.3330   0.0720   0.8820   0.1230   0.1300      0
296558   3857.993000 5961.341000  22.6210   0.0940   1.3150   0.1800   0.1300      0
298647   3987.791000 6031.040000  20.3940   0.0190   1.5930   0.0410   0.1290      0
296100   3827.907000 6105.233000  21.1380   0.0220   0.7440   0.0340   0.1290      0
428149   4081.914000 6238.130000  21.7790   0.0350   0.9220   0.0740   0.1290      0
298220   3960.796000 6168.471000  21.7880   0.0410   0.8980   0.0670   0.1290      0
427406   4035.561000 6249.471000  21.8360   0.0430   0.8540   0.0670   0.1290      0
300406   4094.784000 6089.835000  21.8480   0.0460   0.7890   0.0760   0.1290      0
296400   3846.778000 6126.310000  20.7690   0.0550   0.5300   0.0590   0.1290      0
300291   4087.143000 6145.704000  21.3370   0.0330   0.8550   0.0500   0.1280      0
295857   3812.004000 6024.980000  21.0270   0.0530   1.2260   0.0660   0.1280      0
297650   3925.134000 5946.437000  22.3190   0.0600   0.9180   0.1450   0.1280      0
297136   3894.797000 6010.553000  21.6500   0.0890   1.6870   0.1430   0.1280      0
424761   3881.716000 6193.769000  22.1840   0.1690   1.2020   0.2190   0.1280      0
424189   3849.846000 6221.534000  21.1340   0.0240   0.7290   0.0470   0.1270      0
427290   4028.604000 6237.179000  21.3920   0.0270   0.8920   0.0550   0.1270      0
297476   3914.519000 6072.513000  21.3980   0.0440   1.0150   0.1240   0.1270      0
424644   3875.802000 6242.579000  21.8140   0.0460   0.8450   0.0780   0.1270      0
299767   4055.392000 6070.559000  21.8630   0.0490   1.5400   0.1890   0.1270      0
299862   4061.350000 6063.772000  20.7290   0.0270   0.7670   0.0520   0.1260      0
423308   3794.849000 6202.770000  21.7910   0.0450   0.9500   0.0780   0.1260      0
426315   3971.600000 6184.541000  22.3490   0.0600   0.9180   0.1200   0.1260      0
295537   3789.760000 6034.931000  20.4440   0.0190   0.4940   0.0270   0.1250      0
296776   3870.910000 6004.654000  19.9280   0.0220   0.6420   0.0330   0.1250      0
426640   3990.544000 6223.887000  21.8090   0.0360   0.9000   0.0710   0.1250      0
299409   4032.300000 5967.668000  21.8400   0.0410   0.7390   0.0650   0.1250      0
295229   3769.301000 6048.765000  20.9260   0.0180   0.7660   0.0280   0.1240      0
300553   4105.198000 6085.747000  21.8200   0.0420   0.7670   0.0730   0.1240      0
424674   3877.404000 6263.280000  22.2660   0.0680   0.9430   0.1140   0.1240      0
297815   3935.960000 6130.971000  21.8870   0.0750   1.0760   0.1430   0.1240      0
427360   4033.048000 6233.906000  22.5620   0.0930   1.1780   0.1810   0.1240      0
298174   3958.753000 5989.917000  22.4890   0.1000   1.0590   0.2340   0.1240      0
425526   3926.432000 6288.523000  21.4290   0.0310   0.7680   0.0500   0.1220      0
428462   4100.191000 6193.844000  21.5000   0.0400   1.3050   0.0760   0.1220      0
298159   3957.694000 6027.976000  22.2020   0.0510   0.9390   0.0980   0.1220      0
296311   3841.071000 6158.534000  22.3100   0.0690   0.9680   0.1170   0.1220      0
427287   4028.396000 6268.757000  22.5510   0.0790   1.0920   0.1400   0.1220      0
300592   4107.591000 6058.769000  20.5700   0.0280   0.9490   0.0560   0.1210      0
299964   4067.823000 6065.701000  22.1680   0.0560   0.9870   0.1030   0.1210      0
295726   3802.671000 6058.044000  22.3870   0.1020   0.9950   0.1650   0.1210      0
300604   4108.533000 6158.862000  22.3530   0.0560   1.0080   0.1360   0.1200      0
297065   3890.239000 6026.321000  22.3100   0.0690   0.9860   0.1130   0.1200      0
298459   3975.511000 6031.796000  22.2880   0.0860   1.0320   0.1660   0.1200      0
297087   3891.475000 6056.067000  21.8910   0.0750   1.3380   0.1550   0.1190      0
299529   4039.544000 6146.916000  22.2970   0.0600   1.0060   0.1160   0.1180      0
299768   4055.542000 6000.743000  22.5050   0.0850   1.5410   0.2040   0.1180      0
296579   3859.456000 6018.273000  22.2230   0.0990   1.1180   0.1470   0.1180      0
425546   3927.653000 6189.238000  20.8060   0.0560   1.2930   0.1010   0.1170      0
297517   3916.741000 6086.568000  21.1030   0.0300   0.7380   0.0420   0.1160      0
426260   3968.480000 6222.863000  22.4890   0.0780   1.0760   0.1560   0.1160      0
296296   3840.354000 6101.831000  22.4280   0.0910   1.2010   0.2260   0.1160      0
298304   3965.844000 6068.116000  21.3880   0.0380   0.7680   0.0520   0.1140      0
427313   4030.101000 6197.548000  22.4950   0.0710   1.1410   0.1390   0.1130      0
426611   3988.576000 6286.416000  22.4840   0.0720   1.2350   0.1500   0.1130      0
426517   3982.931000 6197.195000  22.4010   0.0790   1.0790   0.1320   0.1130      0
427180   4020.580000 6203.007000  20.2660   0.0200   0.5190   0.0260   0.1120      0
296041   3823.754000 6016.433000  19.5310   0.0290  -0.0910   0.0300   0.1120      0
428071   4076.701000 6185.752000  22.3680   0.0680   1.1490   0.1350   0.1120      0
297705   3928.690000 5941.016000  22.3170   0.0540   1.1700   0.1250   0.1110      0
297856   3939.204000 6007.138000  21.8440   0.0560   1.0500   0.1040   0.1110      0
297338   3906.560000 5941.189000  22.2110   0.0670   1.1140   0.1120   0.1110      0
425257   3910.027000 6222.076000  21.0840   0.0300   0.9460   0.0510   0.1100      0
297310   3904.837000 6171.988000  22.3140   0.1130   1.4150   0.1900   0.1100      0
300465   4098.453000 6035.872000  19.7460   0.0410  -0.0620   0.0510   0.1090      0
300081   4074.666000 6002.153000  20.7120   0.0260   0.5780   0.0340   0.1080      0
299413   4032.429000 6132.521000  18.6830   0.0130   1.5600   0.0380   0.1060      0
299623   4045.043000 6022.988000  22.2660   0.0650   1.2470   0.1290   0.1050      0
298268   3963.780000 6163.246000  20.7420   0.0140   0.4350   0.0220   0.1040      0
298997   4009.585000 6013.916000  20.4290   0.0200   0.8070   0.1060   0.1030      0
296877   3877.819000 5976.340000  20.7650   0.0380   0.4810   0.0430   0.1020      0
300442   4097.311000 6147.463000  20.9060   0.0290   0.6900   0.0360   0.1010      0
424967   3893.271000 6297.357000  21.1100   0.0400   0.9150   0.0540   0.1010      0
299167   4018.710000 6107.376000  21.0680   0.0740   0.9760   0.0980   0.0970      0
299170   4018.831000 5969.911000  20.9690   0.0340   0.8310   0.0420   0.0800      0
