#ID x y mag e_mag col1 e_col1 memb_prob sel
20470    921.932000 1113.948000  19.2030   0.0070   0.0710   0.0090   0.6950      1
27301    1232.530000 1053.730000  19.3040   0.0090   0.1180   0.0160   0.6770      1
25555    1154.096000 1204.743000  19.2190   0.0050   0.0730   0.0090   0.6630      1
23651    1067.167000 1095.835000  19.1940   0.0090   0.1720   0.0110   0.6530      1
23539    1062.745000 1088.778000  18.6050   0.0140   0.2120   0.0160   0.6430      1
25541    1153.347000 1198.174000  20.0850   0.0100  -0.0380   0.0130   0.6390      1
24669    1112.839000 1050.444000  19.8420   0.0130   0.3260   0.0160   0.6240      1
21478    971.184000 1069.592000  19.8380   0.0120   0.3530   0.0140   0.6220      1
26690    1204.907000 1069.563000  19.3760   0.0060   0.0980   0.0100   0.6190      1
24938    1125.450000 937.896000  20.0730   0.0130  -0.0710   0.0150   0.6170      1
22039    994.455000 1256.129000  20.0720   0.0100  -0.0790   0.0130   0.6130      1
23962    1079.485000 1129.270000  19.3540   0.0220   0.0750   0.0230   0.6130      1
25427    1147.822000 1137.432000  19.9570   0.0100   0.1640   0.0130   0.6010      1
23187    1046.675000 1100.810000  19.3950   0.0090   0.0500   0.0140   0.5920      1
23291    1051.212000 1088.991000  19.3020   0.0080   0.1690   0.0100   0.5870      1
21281    961.367000 1069.745000  19.3820   0.0080   0.1500   0.0100   0.5830      1
23950    1078.969000 1084.481000  18.5450   0.0140   0.1630   0.0360   0.5780      1
23926    1078.214000 1102.403000  19.4440   0.0140   0.1740   0.0160   0.5760      1
22907    1034.311000 927.712000  19.4410   0.0080   0.0890   0.0370   0.5690      1
22606    1020.661000 1086.202000  19.2330   0.0120   0.2010   0.0140   0.5680      1
22622    1021.061000 1072.686000  19.8920   0.0100   0.3220   0.0130   0.5630      1
20855    941.068000 1134.642000  19.9680   0.0120   0.1310   0.0140   0.5590      1
26813    1210.563000 1136.445000  20.1640   0.0090   0.3150   0.0140   0.5530      1
24844    1121.000000 1025.958000  20.0280   0.0120  -0.0110   0.0140   0.5520      1
23585    1064.615000 1085.170000  19.2500   0.0190   0.0830   0.0220   0.5470      1
20347    916.277000 987.369000  18.6530   0.0040   0.2620   0.0070   0.5460      1
26076    1176.843000 1164.668000  19.4750   0.0060   0.1080   0.0110   0.5460      1
23708    1069.689000 1040.872000  20.2830   0.0110   0.1620   0.0140   0.5420      1
23274    1050.745000 1094.985000  19.9610   0.0100   0.1170   0.0130   0.5410      1
24322    1096.053000 1056.963000  19.7180   0.0130   0.1160   0.0150   0.5380      1
27009    1219.153000 1107.600000  19.1090   0.0100   0.1900   0.0120   0.5290      1
22053    995.248000 962.734000  20.1480   0.0110   0.3460   0.0130   0.5160      1
20197    909.899000 990.226000  18.6080   0.0050   0.0450   0.0070   0.5080      1
24363    1097.790000 1114.413000  18.7430   0.0050   0.1810   0.0090   0.5080      1
23264    1050.349000 1199.195000  20.0040   0.0100   0.1850   0.0150   0.5080      1
21290    962.034000 1077.766000  19.9830   0.0280   0.1580   0.0300   0.5080      1
23314    1052.445000 1011.338000  20.4830   0.0140   0.1650   0.0200   0.5060      1
23424    1057.344000 1131.296000  19.4490   0.0060  -0.0810   0.0100   0.5050      1
26004    1173.036000 979.485000  20.1910   0.0140   0.3410   0.0180   0.5010      1
24429    1100.848000 921.141000  20.4990   0.0120   0.3240   0.0170   0.4990      1
25808    1164.651000 1044.513000  20.1310   0.0190  -0.0560   0.0210   0.4950      1
22784    1028.659000 1075.047000  19.3740   0.0330   0.2420   0.0520   0.4950      1
27098    1223.299000 1090.956000  19.7090   0.0070   0.0910   0.0100   0.4940      1
25100    1132.303000 1251.097000  19.9920   0.0110   0.0130   0.0130   0.4930      1
25008    1128.263000 1037.103000  19.4120   0.0070   0.0150   0.0100   0.4920      1
21937    990.067000 1092.515000  19.7300   0.0090   0.0870   0.0120   0.4910      1
23469    1059.253000 1028.180000  20.5660   0.0140   0.3840   0.0200   0.4880      1
24359    1097.752000 1248.620000  20.1530   0.0120   0.2990   0.0160   0.4820      1
24465    1102.516000 1214.035000  20.5580   0.0210   0.3470   0.0320   0.4810      1
24094    1085.371000 1062.614000  19.7450   0.0090   0.1490   0.0130   0.4790      1
22665    1023.326000 1062.451000  20.4700   0.0130   0.3250   0.0160   0.4770      1
23288    1051.183000 946.007000  18.9620   0.0070  -0.0340   0.0080   0.4760      1
23412    1056.577000 913.043000  20.8480   0.0160   1.0810   0.0300   0.4700      1
22295    1006.132000 1089.421000  20.1670   0.0090   0.2930   0.0130   0.4660      1
22773    1028.135000 1117.314000  19.1270   0.0220   0.1160   0.0230   0.4650      1
25136    1133.789000 1160.608000  19.9930   0.0090   0.3690   0.0130   0.4640      1
26457    1193.460000 1189.298000  20.1340   0.0080  -0.0690   0.0110   0.4590      1
26718    1206.076000 1002.155000  20.1320   0.0110   0.3340   0.0150   0.4590      1
24220    1091.092000 1273.152000  20.2980   0.0130   0.4940   0.0190   0.4500      1
20928    945.353000 995.898000  20.5860   0.0200   0.3650   0.0230   0.4470      1
22934    1035.545000 1196.642000  19.4040   0.0060  -0.0980   0.0080   0.4460      1
25400    1146.867000 989.040000  20.5460   0.0170   0.3840   0.0200   0.4430      1
21964    991.212000 1085.291000  20.3840   0.0160   0.3080   0.0200   0.4400      1
26216    1182.324000 1036.464000  20.3110   0.0110   0.1950   0.0140   0.4360      1
23871    1076.114000 972.468000  20.5110   0.0140   0.1650   0.0180   0.4340      1
22207    1002.491000 1065.768000  20.4470   0.0120   0.2100   0.0160   0.4280      1
23563    1063.795000 1113.541000  20.5140   0.0150   0.2810   0.0230   0.4270      1
23113    1043.878000 1256.723000  20.3070   0.0120   0.0850   0.0160   0.4220      1
23341    1053.608000 1213.959000  20.5750   0.0150   0.3190   0.0230   0.4180      1
22467    1013.923000 1082.571000  20.5310   0.0150   0.3780   0.0190   0.4140      1
24396    1099.505000 1085.884000  20.4600   0.0170   0.2780   0.0220   0.4120      1
22834    1030.447000 1211.919000  20.5350   0.0250   0.2940   0.0280   0.4110      1
21848    986.621000 1157.913000  20.6770   0.0140   0.2960   0.0180   0.4100      1
23923    1078.023000 1097.515000  20.4620   0.0180   0.2700   0.0270   0.4040      1
22143    999.607000 965.732000  20.6700   0.0190   0.2590   0.0250   0.4040      1
21579    975.103000 1250.218000  20.3740   0.0140   0.4290   0.0170   0.4010      1
22713    1025.312000 1113.151000  22.8370   0.1030   1.5970   0.2320   0.3990      1
27297    1232.431000 1117.787000  18.7070   0.0050   1.8100   0.0100   0.3970      1
22511    1016.121000 1115.342000  20.2970   0.0100   0.5230   0.0180   0.3970      1
24164    1088.134000 1018.197000  20.6810   0.0130   0.2540   0.0180   0.3970      1
22419    1011.553000 924.456000  20.4080   0.0110   0.1390   0.0150   0.3950      1
23312    1052.389000 1140.051000  21.0100   0.0160   0.4940   0.0240   0.3950      1
25237    1138.916000 939.042000  18.7620   0.0130   1.6890   0.0220   0.3940      1
21969    991.402000 1170.951000  20.8690   0.0170   0.2490   0.0260   0.3890      1
23970    1079.736000 1112.431000  20.6790   0.0190   0.2790   0.0240   0.3890      1
24489    1103.703000 1110.950000  20.3760   0.0160   0.2790   0.0210   0.3880      1
23397    1055.979000 1114.910000  20.2820   0.0140   0.0820   0.0170   0.3870      1
25662    1158.430000 1177.789000  20.1980   0.0130   0.0130   0.0160   0.3800      1
22949    1035.995000 1080.080000  20.5240   0.0270   0.2710   0.0290   0.3800      1
23686    1068.607000 1140.067000  20.4720   0.0160   0.1100   0.0190   0.3790      1
21395    967.081000 1094.114000  20.9980   0.0170   0.4870   0.0240   0.3790      1
25938    1170.567000 1207.685000  20.8640   0.0640   1.0900   0.0730   0.3790      1
20354    916.564000 1053.025000  20.3000   0.0090   0.5320   0.0120   0.3780      1
23379    1055.486000 1207.299000  19.4830   0.0100  -0.0890   0.0120   0.3770      1
23031    1039.669000 1111.140000  20.3760   0.0170   0.0960   0.0200   0.3750      1
20042    903.990000 1130.010000  18.7610   0.0050   1.7760   0.0090   0.3730      1
21641    977.915000 1038.585000  20.3380   0.0150   0.4500   0.0240   0.3730      1
22056    995.370000 1094.257000  20.3810   0.0150   0.3390   0.0270   0.3710      1
25188    1136.274000 1071.829000  20.6590   0.0130   0.3110   0.0180   0.3700      1
21730    981.630000 1122.492000  20.6410   0.0150   0.2330   0.0190   0.3690      1
22874    1032.655000 1043.487000  19.2970   0.0070  -0.0280   0.0080   0.3630      1
23073    1042.148000 1127.425000  20.4120   0.0140   0.4170   0.0190   0.3630      1
24578    1108.401000 979.825000  20.9680   0.0270   1.1260   0.0400   0.3620      1
23149    1045.280000 972.111000  20.8450   0.0150   0.2410   0.0180   0.3610      1
21568    974.577000 1130.336000  20.4760   0.0180   0.2250   0.0210   0.3610      1
23526    1062.076000 1095.535000  20.3270   0.0250   0.1820   0.0360   0.3600      1
22680    1023.931000 944.837000  20.4250   0.0260   0.3270   0.0300   0.3580      1
22150    999.882000 1230.566000  21.4490   0.0280   1.1470   0.0470   0.3460      1
22481    1014.718000 1090.370000  20.9580   0.0730   1.0970   0.1020   0.3350      1
23369    1054.960000 1170.403000  17.7460   0.0030  -0.3180   0.0060   0.3320      1
22872    1032.500000 1075.596000  18.2290   0.0080   0.6860   0.0110   0.3310      1
25072    1131.072000 1088.920000  20.4940   0.0130   2.0440   0.0410   0.3310      1
23952    1078.990000 1078.731000  20.5500   0.0530  -0.5250   0.0750   0.3310      1
21070    951.395000 1128.776000  23.2210   0.1130   1.1040   0.2310   0.3250      1
23467    1059.209000 1119.382000  21.4720   0.0820   0.0770   0.0870   0.3220      1
24298    1094.917000 1101.357000  21.6360   0.0370   0.3460   0.0500   0.3180      1
24476    1103.074000 1265.956000  19.8600   0.0090   1.1490   0.0130   0.3110      1
23337    1053.521000 1229.491000  19.8500   0.0080   0.6730   0.0120   0.3090      1
25461    1149.270000 1152.076000  20.1290   0.0120   0.6040   0.0180   0.3080      1
24622    1110.380000 1100.275000  20.4500   0.0550   2.9060   0.0880   0.3060      1
23631    1066.589000 1075.010000  18.3420   0.0050   1.0450   0.0090   0.2940      1
24008    1081.977000 1195.017000  22.8360   0.1390   1.3490   0.2210   0.2940      1
19631    884.051000 1023.451000  23.0800   0.1070   0.8770   0.1500   0.2930      1
24236    1091.755000 1075.724000  21.7120   0.0410   0.3380   0.0490   0.2910      1
22701    1024.826000 1010.593000  21.6110   0.0430   0.3340   0.0520   0.2910      1
21485    971.527000 996.754000  22.2230   0.0600   1.5380   0.1010   0.2730      1
24655    1112.131000 971.617000  23.4540   0.1450   0.7270   0.2100   0.2700      1
23095    1043.081000 1251.767000  22.7290   0.0820   1.2110   0.1500   0.2690      1
20472    922.000000 1074.573000  23.0070   0.0970   0.8680   0.1430   0.2680      1
24305    1095.174000 1088.219000  22.8310   0.1180   1.1880   0.1790   0.2680      1
24958    1126.407000 1220.050000  22.7770   0.0810   1.1600   0.1550   0.2640      1
27390    1236.376000 1114.678000  22.9410   0.1480   1.1040   0.1960   0.2610      1
25736    1161.750000 1234.147000  22.7700   0.1020   1.1870   0.1680   0.2600      1
20573    927.125000 1007.799000  21.3590   0.0270   0.8150   0.0370   0.2580      1
22953    1036.123000 1007.619000  21.6410   0.0300   1.4140   0.0600   0.2560      1
21199    957.573000 955.397000  21.5550   0.0250   0.5810   0.0350   0.2470      1
21738    981.903000 1043.027000  22.8950   0.1100   1.0310   0.1940   0.2460      1
22783    1028.604000 964.840000  21.3800   0.0300   0.8100   0.0430   0.2450      1
21895    988.312000 1165.685000  21.3890   0.0260   0.7810   0.0370   0.2420      1
26505    1195.927000 1128.569000  22.9370   0.0960   0.9010   0.1430   0.2410      1
24497    1104.218000 977.490000  21.4990   0.0290   0.5870   0.0390   0.2400      1
24058    1083.990000 982.481000  22.7400   0.0940   1.1160   0.1370   0.2400      1
23448    1058.215000 1274.648000  22.9580   0.0950   0.7760   0.1440   0.2390      1
20774    937.548000 1028.106000  21.5420   0.0320   0.6220   0.0390   0.2370      1
23517    1061.398000 912.051000  21.5230   0.0260   0.6670   0.0370   0.2320      1
27119    1224.519000 1130.973000  21.3590   0.0200   0.6160   0.0280   0.2310      1
23671    1068.044000 1180.788000  21.5620   0.0280   0.6150   0.0390   0.2310      1
26686    1204.738000 1013.341000  22.7470   0.0740   1.0490   0.1140   0.2310      1
21240    959.491000 1123.447000  21.4840   0.0260   0.6250   0.0380   0.2290      1
23111    1043.803000 1020.994000  21.4760   0.0260   0.6170   0.0400   0.2280      1
20155    908.058000 1111.860000  21.4030   0.0220   0.7740   0.0310   0.2270      1
27435    1238.581000 1120.616000  22.9180   0.1100   0.5090   0.1300   0.2260      1
27094    1223.190000 1082.424000  21.5500   0.0330   0.6500   0.0410   0.2240      1
22208    1002.551000 1238.304000  21.3950   0.0330   0.8310   0.0540   0.2240      1
21926    989.646000 982.143000  23.0200   0.1630   0.4920   0.2240   0.2240      1
20869    941.811000 1052.589000  21.5180   0.0250   0.7080   0.0340   0.2230      1
19985    901.133000 1067.952000  21.4560   0.0310   0.6030   0.0440   0.2220      1
24946    1125.976000 1150.479000  21.3550   0.0230   0.5980   0.0320   0.2200      1
25219    1137.417000 1218.463000  21.4040   0.0250   0.5830   0.0330   0.2190      1
21958    990.920000 938.435000  21.4450   0.0270   0.5890   0.0420   0.2190      1
22264    1004.837000 1141.259000  21.0390   0.0180   1.1920   0.0280   0.4790      0
24561    1107.665000 1195.816000  20.9280   0.0210   1.2230   0.0340   0.4640      0
24483    1103.459000 1091.533000  20.0330   0.0100   0.1950   0.0130   0.4560      0
25544    1153.581000 1116.038000  20.0100   0.0150   0.2610   0.0180   0.4390      0
26683    1204.414000 1088.071000  19.2320   0.0070   0.3830   0.0100   0.4310      0
20633    930.743000 1143.176000  19.9430   0.0110   0.4000   0.0140   0.4310      0
27381    1236.118000 1052.756000  18.8730   0.0050   0.2850   0.0120   0.4280      0
24814    1119.742000 1006.584000  20.3710   0.0110   0.8290   0.0180   0.4270      0
23103    1043.305000 1074.797000  19.5040   0.0070   0.1010   0.0100   0.4250      0
23138    1044.845000 1109.566000  19.9090   0.0150   0.3010   0.0330   0.4130      0
24089    1085.072000 1093.716000  19.7870   0.0100   0.0890   0.0150   0.4110      0
24320    1096.028000 1110.610000  19.7490   0.0120   0.3150   0.0190   0.3910      0
20418    919.589000 1117.304000  21.0810   0.0300   1.2220   0.0850   0.3910      0
26814    1210.607000 1105.498000  20.2230   0.0090   0.3350   0.0140   0.3890      0
23340    1053.584000 938.837000  20.5090   0.0140   1.5120   0.0280   0.3850      0
25838    1165.904000 1023.868000  19.6660   0.0080   0.1560   0.0120   0.3830      0
20977    947.172000 1003.590000  20.4850   0.0160   1.6660   0.0350   0.3760      0
26482    1194.909000 1083.497000  18.8360   0.0060   1.6920   0.0120   0.3670      0
21835    986.198000 1139.249000  18.7590   0.0160   1.6800   0.0190   0.3660      0
21131    953.960000 1224.062000  19.3560   0.0070   1.7200   0.0130   0.3590      0
26706    1205.607000 1046.003000  20.2590   0.0120   0.3520   0.0160   0.3570      0
24590    1109.095000 1011.096000  19.9150   0.0090   0.2280   0.0120   0.3560      0
24662    1112.619000 963.633000  20.7880   0.0170   0.4390   0.0200   0.3560      0
21090    952.208000 997.286000  20.6350   0.0130   0.1840   0.0180   0.3540      0
22616    1020.914000 1106.927000  20.4740   0.0140   1.4800   0.0300   0.3530      0
24063    1084.205000 936.623000  20.8980   0.0230   0.2310   0.0260   0.3530      0
26528    1197.907000 1100.108000  20.6470   0.0150   0.1720   0.0200   0.3520      0
25659    1158.326000 1071.651000  20.1680   0.0120   0.1150   0.0150   0.3510      0
20061    904.473000 1187.791000  20.3640   0.0120   0.3390   0.0160   0.3490      0
26349    1188.962000 1109.098000  19.7830   0.0100   0.0350   0.0120   0.3480      0
22741    1026.828000 1076.906000  18.5600   0.0110  -0.2970   0.0160   0.3470      0
23164    1045.646000 1066.267000  20.3500   0.0190   0.2840   0.0230   0.3450      0
25243    1139.233000 1003.499000  19.8370   0.0070   1.7520   0.0170   0.3440      0
26975    1217.713000 1032.312000  20.9020   0.0170   0.2390   0.0230   0.3430      0
20723    934.735000 1088.984000  20.4040   0.0150   0.4380   0.0190   0.3410      0
23679    1068.436000 1091.349000  19.7150   0.0400   0.3140   0.0420   0.3390      0
20537    924.930000 1201.063000  20.7890   0.0150   0.4600   0.0210   0.3360      0
19536    879.998000 1074.415000  18.6800   0.0040   1.5740   0.0090   0.3350      0
23023    1039.358000 1258.503000  21.0110   0.0160   0.5170   0.0270   0.3350      0
25119    1132.961000 1093.091000  20.5370   0.0180   0.1880   0.0220   0.3350      0
20538    924.955000 1029.621000  18.4770   0.0040  -0.1300   0.0060   0.3340      0
24821    1120.025000 1201.204000  17.6980   0.0030   1.5580   0.0070   0.3310      0
21014    948.749000 992.862000  18.8690   0.0070   1.7150   0.0110   0.3310      0
25026    1128.767000 1120.834000  20.6800   0.0160   0.1240   0.0200   0.3300      0
22890    1033.623000 1242.433000  19.2430   0.0060   1.4040   0.0130   0.3260      0
25786    1163.630000 1216.341000  20.2820   0.0120   0.4560   0.0160   0.3260      0
25226    1138.316000 1152.284000  21.5460   0.0380  -0.0140   0.0640   0.3260      0
21107    952.830000 1165.673000  19.6850   0.0090   0.3090   0.0290   0.3250      0
24386    1099.007000 1215.169000  20.0570   0.0130   0.3610   0.0210   0.3250      0
25939    1170.588000 1001.038000  20.7600   0.0180   0.4400   0.0230   0.3240      0
20803    938.767000 1013.639000  17.8600   0.0030   1.7320   0.0060   0.3230      0
23992    1081.330000 1259.413000  18.6850   0.0080   1.5470   0.0120   0.3230      0
22871    1032.421000 1108.327000  21.0400   0.0290   0.4730   0.0370   0.3220      0
23140    1044.917000 1123.149000  21.0440   0.0250   0.4860   0.0340   0.3210      0
21974    991.507000 1122.114000  17.3210   0.0030   2.0910   0.0080   0.3200      0
23615    1065.902000 971.042000  20.6830   0.0160   0.1470   0.0190   0.3200      0
25886    1168.024000 1190.344000  19.0930   0.0060  -0.0830   0.0080   0.3190      0
24937    1125.274000 1214.681000  21.1290   0.0190   0.5870   0.0250   0.3190      0
22863    1031.794000 1097.543000  19.9000   0.0100   1.6840   0.0260   0.3180      0
22276    1005.503000 958.622000  20.9610   0.0190   0.3560   0.0230   0.3180      0
25693    1159.770000 1060.401000  19.3860   0.0060   1.5720   0.0130   0.3170      0
23662    1067.678000 1018.216000  19.0020   0.0610   0.1670   0.0610   0.3170      0
24240    1091.903000 923.431000  20.4730   0.0130   0.4020   0.0170   0.3160      0
23520    1061.644000 1085.237000  20.0390   0.0440   0.0530   0.0620   0.3150      0
26100    1177.927000 945.449000  21.0360   0.0210   0.4410   0.0280   0.3140      0
26884    1213.607000 1186.774000  17.9240   0.0040  -0.4010   0.0060   0.3120      0
26611    1201.619000 1145.495000  18.8130   0.0050   1.4590   0.0090   0.3120      0
23502    1060.661000 1064.690000  18.0070   0.0040   1.6760   0.0080   0.3110      0
23192    1046.832000 939.579000  20.7870   0.0160   0.7310   0.0250   0.3110      0
22064    995.986000 1159.675000  20.5540   0.0150   0.1940   0.0190   0.3100      0
20930    945.415000 988.509000  18.0530   0.0040   1.6020   0.0070   0.3060      0
23129    1044.378000 1106.479000  18.4530   0.0090   1.3040   0.0220   0.3060      0
20901    943.734000 1093.065000  17.8850   0.0100  -0.2410   0.0120   0.3060      0
24588    1108.803000 1155.417000  21.0430   0.0210   0.4360   0.0280   0.3060      0
23567    1063.997000 1191.595000  18.7330   0.0050  -0.2820   0.0080   0.3040      0
24081    1084.857000 1097.402000  20.3980   0.0190   0.0580   0.0270   0.3040      0
24347    1097.143000 943.872000  19.5360   0.0110   0.4230   0.0130   0.3030      0
24302    1095.052000 957.442000  20.5390   0.0130   1.4290   0.0250   0.3020      0
26374    1190.029000 1158.087000  20.9790   0.0210   0.4840   0.0270   0.3020      0
25701    1160.201000 1089.052000  21.0870   0.0220   0.5870   0.0300   0.3010      0
24906    1123.755000 1064.404000  20.7930   0.0240   0.4370   0.0280   0.3010      0
23435    1057.578000 983.182000  20.4580   0.0350   0.9690   0.0450   0.3010      0
21442    969.227000 1042.774000  19.6940   0.0070   0.5280   0.0100   0.2970      0
23056    1041.260000 1024.748000  19.3130   0.0090   1.6100   0.0150   0.2970      0
24206    1089.989000 1062.808000  21.1110   0.0270   0.6130   0.0370   0.2970      0
26052    1175.316000 1160.498000  20.5260   0.0180   0.4140   0.0280   0.2960      0
23896    1076.963000 1266.912000  21.4690   0.0330   1.0790   0.0500   0.2960      0
25365    1144.986000 1220.578000  18.4840   0.0040   1.8330   0.0120   0.2950      0
24533    1106.332000 1217.576000  18.7580   0.0050   1.4910   0.0090   0.2930      0
26854    1212.505000 1060.971000  20.2680   0.0110  -0.0860   0.0150   0.2920      0
27233    1229.220000 1034.230000  18.7840   0.0050   1.5130   0.0110   0.2910      0
25513    1151.945000 1058.175000  20.7270   0.0150   0.3530   0.0240   0.2910      0
23032    1039.701000 1016.651000  20.7370   0.0180   0.3970   0.0200   0.2910      0
23877    1076.363000 1132.847000  20.5990   0.0180   0.9810   0.0320   0.2910      0
24936    1125.238000 1242.060000  20.8720   0.0140   0.8700   0.0230   0.2900      0
26455    1193.421000 989.852000  21.0920   0.0270   0.5700   0.0340   0.2900      0
20870    941.891000 1161.566000  18.6800   0.0040   1.8280   0.0100   0.2890      0
24944    1125.876000 1097.207000  21.0520   0.0220   0.9700   0.0410   0.2890      0
23118    1043.981000 1068.320000  20.3840   0.0260   0.1690   0.0390   0.2890      0
25829    1165.577000 1010.150000  21.6890   0.0350   0.3960   0.0520   0.2890      0
22279    1005.605000 1240.356000  20.6790   0.0180   0.4930   0.0270   0.2880      0
25948    1170.955000 1024.470000  20.4030   0.0110   0.7300   0.0180   0.2870      0
25793    1164.038000 999.441000  20.2850   0.0120   0.0000   0.0140   0.2870      0
24073    1084.539000 1026.548000  21.3770   0.0400   1.0940   0.0620   0.2870      0
19836    893.474000 1152.503000  18.7220   0.0450  -0.0360   0.0450   0.2860      0
20875    942.222000 966.850000  19.2190   0.0060   1.7610   0.0120   0.2850      0
21459    970.144000 1189.967000  19.6490   0.0090   1.8150   0.0220   0.2840      0
25133    1133.660000 1033.375000  21.1290   0.0250   0.5780   0.0390   0.2830      0
27082    1222.669000 1103.740000  21.0150   0.0240   1.3650   0.0460   0.2820      0
24505    1104.772000 1249.955000  21.1240   0.0260   1.3220   0.0440   0.2820      0
22897    1033.823000 1037.024000  20.1110   0.0580   0.2880   0.0670   0.2810      0
24402    1099.784000 1147.000000  18.5530   0.0040   1.9190   0.0110   0.2790      0
22270    1005.127000 1123.890000  19.5210   0.0090  -0.0510   0.0120   0.2790      0
26967    1217.248000 1129.835000  21.1060   0.0270   0.6320   0.0400   0.2780      0
23227    1048.466000 1010.198000  20.6620   0.0220   0.4780   0.0270   0.2770      0
23580    1064.455000 1002.443000  20.1610   0.0100   0.5880   0.0150   0.2760      0
20725    934.754000 1098.792000  19.5110   0.0080   1.0510   0.0110   0.2750      0
23050    1040.888000 1097.514000  20.1820   0.0280   0.0610   0.0320   0.2740      0
24740    1116.034000 1019.540000  20.9700   0.0290   0.3650   0.0340   0.2740      0
21791    984.536000 979.056000  18.3800   0.0080  -0.2610   0.0130   0.2720      0
24307    1095.274000 1179.069000  21.2170   0.0270   0.2760   0.0330   0.2720      0
24358    1097.653000 1039.339000  20.7150   0.0190   0.3470   0.0270   0.2710      0
21692    980.213000 1013.755000  21.0800   0.0190   0.6380   0.0250   0.2690      0
21436    969.013000 940.585000  20.2880   0.0130   0.6340   0.0160   0.2680      0
21299    962.414000 1119.996000  21.0980   0.0200   0.4480   0.0270   0.2680      0
25765    1162.933000 1208.941000  21.3240   0.0320   1.0850   0.0850   0.2680      0
21885    987.950000 1103.245000  21.0990   0.0150   0.3920   0.0220   0.2670      0
21386    966.475000 934.993000  19.5740   0.0080  -0.0380   0.0090   0.2660      0
26581    1200.518000 1080.308000  20.2940   0.0110   0.6090   0.0160   0.2650      0
25430    1148.029000 1159.088000  21.7130   0.0370   1.1370   0.0630   0.2630      0
25557    1154.160000 1050.379000  20.9930   0.0160   0.3570   0.0240   0.2620      0
23774    1071.930000 1152.884000  19.3040   0.0060  -0.2310   0.0090   0.2610      0
24741    1116.063000 1243.857000  19.9270   0.0100   0.6920   0.0140   0.2610      0
24894    1123.141000 1118.768000  21.0350   0.0200   0.5280   0.0300   0.2610      0
25565    1154.406000 1155.111000  20.6050   0.0120   0.1410   0.0180   0.2590      0
25421    1147.591000 1047.528000  21.1570   0.0200   0.3940   0.0290   0.2590      0
23075    1042.219000 1176.185000  19.6240   0.0070  -0.1060   0.0100   0.2580      0
24513    1105.165000 1052.884000  20.8580   0.0170   1.6780   0.0460   0.2580      0
22036    994.365000 1077.661000  21.0770   0.0230   0.6290   0.0300   0.2580      0
21967    991.360000 1066.341000  21.1080   0.0310   0.4370   0.0350   0.2580      0
27519    1242.368000 1110.751000  19.6060   0.0080   0.6920   0.0120   0.2570      0
21522    973.010000 1003.089000  20.9120   0.0220   1.5910   0.0380   0.2560      0
24154    1087.722000 1219.329000  20.0320   0.0180   0.5720   0.0320   0.2530      0
20468    921.901000 1109.202000  18.9340   0.0060   1.4810   0.0100   0.2520      0
23302    1051.519000 1017.619000  20.9850   0.0160   0.4130   0.0210   0.2500      0
24718    1114.903000 1116.385000  20.9820   0.0230   0.3270   0.0270   0.2500      0
21676    979.736000 1171.707000  21.5460   0.0240   0.5540   0.0320   0.2500      0
22513    1016.168000 1142.838000  20.2230   0.0280   0.0530   0.0500   0.2490      0
23987    1081.077000 1091.965000  20.7880   0.0300   0.3540   0.0410   0.2480      0
21875    987.777000 935.332000  22.6730   0.0620   1.2270   0.1710   0.2480      0
24600    1109.423000 1124.594000  18.3660   0.0030   1.5360   0.0090   0.2460      0
21854    986.803000 1088.167000  18.4900   0.0040   1.7180   0.0100   0.2460      0
22842    1030.830000 1125.637000  21.2820   0.0270   1.1000   0.0460   0.2460      0
21947    990.627000 1050.280000  23.0340   0.1240   0.6590   0.1540   0.2460      0
22936    1035.582000 1071.857000  19.2570   0.0070  -0.0890   0.0100   0.2450      0
23696    1069.022000 1257.895000  21.1760   0.0250   0.4250   0.0310   0.2450      0
24902    1123.485000 1074.941000  21.1740   0.0260   0.3410   0.0350   0.2450      0
24048    1083.471000 1033.885000  21.6790   0.0350   0.4520   0.0430   0.2450      0
20154    908.030000 1118.470000  20.6670   0.0180   0.4440   0.0270   0.2440      0
24238    1091.811000 1219.587000  20.9670   0.0210   0.5060   0.0360   0.2420      0
24978    1127.100000 1249.138000  20.1740   0.0130   0.4280   0.0160   0.2400      0
25141    1134.125000 955.904000  21.2730   0.0660   0.1600   0.0750   0.2400      0
21986    992.025000 1116.690000  20.0980   0.0150   0.1760   0.0190   0.2390      0
23772    1071.925000 1173.399000  21.0850   0.0170   0.5200   0.0260   0.2390      0
24010    1082.045000 1095.199000  21.0880   0.0630   0.4670   0.1040   0.2390      0
19666    885.396000 1051.790000  21.2660   0.0190   0.8540   0.0280   0.2380      0
25676    1159.022000 1197.208000  22.9420   0.1120   0.8870   0.1650   0.2380      0
24643    1111.687000 1110.177000  20.7380   0.0180   0.4660   0.0230   0.2360      0
22664    1023.307000 1138.632000  21.1180   0.0220   0.9460   0.0390   0.2360      0
25288    1141.058000 1124.078000  21.3260   0.0280   0.9510   0.0380   0.2360      0
22466    1013.868000 1036.282000  21.7200   0.0380   1.0810   0.0580   0.2350      0
25821    1165.134000 1125.640000  21.5590   0.0270   0.5530   0.0390   0.2340      0
22394    1010.876000 1115.001000  20.8500   0.0200   0.1530   0.0250   0.2330      0
22309    1006.777000 1151.297000  20.9640   0.0230   0.7470   0.0300   0.2330      0
24002    1081.633000 1050.579000  21.1900   0.0260   0.3380   0.0320   0.2330      0
23880    1076.416000 1115.003000  20.7990   0.0200   0.3320   0.0260   0.2320      0
23824    1074.473000 1091.500000  20.3230   0.0210   0.0040   0.0240   0.2320      0
21144    954.516000 1203.050000  20.7520   0.0150   0.6650   0.0220   0.2310      0
22667    1023.338000 1239.165000  20.8080   0.0160   0.1440   0.0200   0.2310      0
24799    1119.099000 1080.544000  21.1540   0.0210   0.5820   0.0310   0.2310      0
23825    1074.518000 1157.881000  21.1850   0.0220   0.4660   0.0380   0.2270      0
19870    895.468000 1043.748000  20.7330   0.0190   0.6140   0.0250   0.2250      0
24619    1110.281000 1082.635000  20.8170   0.0220   0.2350   0.0270   0.2250      0
25552    1153.792000 994.780000  21.6920   0.0330   1.3570   0.0650   0.2250      0
20544    925.182000 1178.888000  21.4960   0.0250   0.9950   0.0470   0.2230      0
22014    993.476000 1175.509000  21.1270   0.0620   0.5460   0.0650   0.2230      0
25147    1134.346000 1037.126000  19.7340   0.0070   1.6220   0.0220   0.2220      0
25716    1160.787000 1218.841000  21.7860   0.0490   1.1530   0.0930   0.2220      0
25814    1164.965000 982.410000  22.7130   0.0760   1.0780   0.2060   0.2220      0
24400    1099.714000 1199.342000  18.5440   0.0050   1.6240   0.0100   0.2210      0
21832    986.099000 1028.796000  20.9260   0.0170   0.3720   0.0210   0.2210      0
23108    1043.644000 1134.008000  21.0900   0.0200   0.6740   0.0280   0.2210      0
24212    1090.667000 1135.689000  21.5620   0.0390   0.5620   0.0540   0.2200      0
22318    1007.128000 1120.229000  20.7240   0.0550   0.1530   0.0600   0.2200      0
26667    1203.750000 1170.473000  22.9190   0.1120   0.7050   0.1550   0.2200      0
23194    1046.843000 983.821000  21.4090   0.0240   0.5560   0.0320   0.2190      0
19638    884.253000 1151.420000  21.3960   0.0240   0.4120   0.0340   0.2190      0
23395    1055.947000 1010.143000  21.3480   0.0360   0.7860   0.0560   0.2190      0
21008    948.467000 969.633000  21.7370   0.0550   1.0820   0.0690   0.2190      0
23026    1039.506000 1115.528000  22.9850   0.1080   0.2990   0.1390   0.2190      0
23918    1077.901000 1192.918000  18.6190   0.0040   1.6200   0.0100   0.2180      0
23233    1048.717000 955.214000  21.6740   0.0320   0.4870   0.0420   0.2180      0
24547    1107.317000 1077.368000  22.8560   0.0830   0.5410   0.1160   0.2180      0
23300    1051.461000 1035.865000  21.3830   0.0210   0.9090   0.0370   0.2170      0
22140    999.485000 999.208000  21.2040   0.0210   0.4270   0.0320   0.2160      0
25946    1170.917000 1112.252000  21.4730   0.0240   0.5360   0.0370   0.2160      0
21113    953.426000 964.446000  21.4050   0.0280   0.6090   0.0350   0.2160      0
24657    1112.199000 1233.187000  21.5600   0.0290   0.6610   0.0380   0.2160      0
22756    1027.468000 1203.214000  21.4040   0.0310   0.5360   0.0410   0.2160      0
26262    1184.952000 1168.546000  21.5310   0.0320   0.7050   0.0420   0.2150      0
24719    1115.010000 1203.473000  20.9600   0.0310   0.9810   0.0410   0.2140      0
25650    1157.709000 1117.377000  18.5970   0.0040   1.7400   0.0110   0.2130      0
19917    897.985000 1124.764000  20.9690   0.0190   0.6890   0.0240   0.2130      0
23629    1066.546000 1121.879000  20.3540   0.0190  -0.0740   0.0250   0.2130      0
23489    1060.150000 996.771000  21.4450   0.0250   0.5290   0.0340   0.2130      0
21482    971.393000 1196.488000  21.3920   0.0280   0.5130   0.0370   0.2130      0
25837    1165.839000 1240.883000  21.5030   0.0400   1.0910   0.1260   0.2130      0
24340    1096.859000 923.906000  21.3570   0.0500   0.7960   0.0590   0.2130      0
24811    1119.528000 1073.879000  21.6830   0.0550   1.1220   0.0830   0.2130      0
23123    1044.120000 1049.907000  21.4660   0.0230   0.6670   0.0310   0.2110      0
20313    914.965000 1124.682000  21.1770   0.0190   0.5000   0.0250   0.2100      0
19751    889.779000 1019.715000  21.1080   0.0250   1.5060   0.0350   0.2100      0
22473    1014.236000 1105.931000  21.4210   0.0390   0.4740   0.0890   0.2100      0
25249    1139.514000 1041.911000  21.3640   0.0220   0.6510   0.0370   0.2090      0
20838    940.170000 986.694000  21.4280   0.0340   0.4970   0.0430   0.2090      0
24275    1094.014000 1151.709000  21.4140   0.0360   0.4290   0.0420   0.2090      0
25954    1171.104000 1036.118000  21.7480   0.0360   1.0480   0.0680   0.2090      0
20490    922.661000 1213.219000  21.0900   0.0180   0.3190   0.0240   0.2080      0
24641    1111.444000 1029.213000  21.3840   0.0520   0.9310   0.0670   0.2080      0
22091    997.378000 1096.263000  21.5170   0.0660   0.6000   0.1100   0.2080      0
21841    986.440000 1183.332000  20.2150   0.0100   0.2660   0.0140   0.2070      0
20925    945.284000 1174.398000  18.4590   0.0040   1.5780   0.0080   0.2060      0
22711    1025.095000 1211.137000  20.6560   0.0190   0.5370   0.0260   0.2060      0
22893    1033.729000 1120.076000  21.5400   0.0440   0.5100   0.0540   0.2060      0
23280    1050.896000 1150.917000  21.3800   0.0250   0.7230   0.0350   0.2050      0
27007    1219.101000 1160.351000  21.4810   0.0330   0.6980   0.0470   0.2050      0
23911    1077.625000 1242.763000  20.7470   0.0430  -0.0380   0.0590   0.2050      0
21421    968.433000 961.198000  22.6760   0.0710   0.9980   0.1090   0.2050      0
27029    1219.906000 1163.976000  21.4430   0.0240   0.4360   0.0360   0.2040      0
25096    1132.183000 994.245000  21.3860   0.0230   0.7190   0.0340   0.2030      0
21664    979.121000 1084.043000  21.5080   0.0260   0.5080   0.0370   0.2030      0
27149    1225.788000 1046.893000  21.5650   0.0310   0.6800   0.0430   0.2030      0
24466    1102.549000 1024.720000  21.4270   0.0330   0.6500   0.0410   0.2020      0
27022    1219.731000 1113.402000  22.8050   0.0850   0.8580   0.1470   0.2020      0
23831    1074.762000 923.968000  21.3550   0.0240   0.5230   0.0320   0.2010      0
26056    1175.505000 1031.983000  21.1790   0.0310   0.4960   0.0350   0.2010      0
22486    1014.935000 1138.192000  21.6270   0.0380   0.4550   0.0510   0.2000      0
20979    947.492000 1210.801000  21.5850   0.0390   0.5470   0.0480   0.2000      0
24377    1098.533000 917.092000  22.5750   0.0650   1.1880   0.1220   0.2000      0
23851    1075.578000 1040.036000  22.4800   0.0830   1.2930   0.1370   0.2000      0
27438    1238.655000 1033.045000  19.6740   0.0090  -0.0290   0.0120   0.1990      0
21532    973.469000 964.265000  21.5540   0.0310   0.7170   0.0420   0.1990      0
24375    1098.417000 1068.148000  20.9170   0.0340   0.3350   0.0370   0.1980      0
20248    911.928000 1023.039000  21.4040   0.0500   0.7350   0.0770   0.1980      0
24091    1085.231000 1218.088000  21.4000   0.0650   0.7170   0.1280   0.1980      0
23519    1061.551000 1042.657000  21.5160   0.0380   0.7400   0.0460   0.1970      0
25157    1134.704000 1132.741000  21.7120   0.0390   0.4870   0.0490   0.1970      0
21995    992.451000 1043.018000  20.6310   0.0730  -0.2070   0.0760   0.1970      0
20133    906.995000 988.146000  21.4650   0.0450   0.7160   0.0770   0.1960      0
21006    948.371000 1015.063000  22.7800   0.0880   0.5300   0.1120   0.1960      0
22144    999.612000 1180.597000  22.7140   0.0880   0.9120   0.1320   0.1960      0
25406    1147.110000 1249.982000  22.6840   0.0930   0.9740   0.1410   0.1960      0
23415    1056.733000 1080.325000  20.8270   0.0310   0.6810   0.0390   0.1950      0
23391    1055.841000 1216.537000  21.3770   0.0320   0.4540   0.0460   0.1940      0
25179    1135.926000 1150.027000  21.4250   0.0320   0.9490   0.0790   0.1920      0
24968    1126.740000 1170.442000  22.7250   0.0800   0.8590   0.1250   0.1920      0
25633    1156.934000 955.350000  21.5400   0.0830   0.4040   0.0930   0.1920      0
23551    1063.363000 966.966000  20.0270   0.0130   1.5970   0.0200   0.1910      0
22350    1008.687000 1100.465000  21.3410   0.0270   0.5710   0.0330   0.1910      0
23534    1062.651000 1098.385000  21.1210   0.0300   0.6850   0.0500   0.1910      0
25539    1153.302000 971.652000  21.5650   0.0310   0.4950   0.0380   0.1910      0
24461    1102.320000 1260.446000  22.7720   0.0880   0.7850   0.1330   0.1910      0
26102    1178.122000 1209.348000  20.1480   0.0190   0.8100   0.0220   0.1900      0
24388    1099.140000 1131.139000  20.7650   0.0280   0.1200   0.0340   0.1900      0
24035    1082.942000 977.265000  19.8950   0.0250   0.0310   0.0270   0.1890      0
20897    943.615000 1079.989000  21.4350   0.0310   0.8320   0.0400   0.1890      0
20630    930.588000 1194.218000  22.6430   0.0680   0.9440   0.1030   0.1890      0
22423    1011.791000 1227.442000  22.7880   0.0880   0.6940   0.1150   0.1890      0
20947    945.967000 1214.466000  21.3410   0.0330   0.6500   0.0420   0.1880      0
20906    943.916000 1002.798000  21.6010   0.0470   0.6090   0.0630   0.1870      0
20984    947.593000 1073.272000  20.6790   0.0120   0.7310   0.0180   0.1860      0
27016    1219.327000 986.919000  20.8460   0.0190   0.3200   0.0250   0.1860      0
25418    1147.498000 921.006000  22.7100   0.0810   0.8250   0.1110   0.1860      0
23166    1045.832000 1129.323000  22.7620   0.1050   0.5210   0.1500   0.1860      0
23262    1050.261000 1079.509000  21.3320   0.0340   0.6340   0.0450   0.1850      0
24436    1101.288000 1236.731000  22.3000   0.0520   0.5250   0.0710   0.1850      0
24051    1083.508000 1213.701000  21.6210   0.0650   0.5840   0.0770   0.1850      0
22407    1011.163000 1011.500000  22.4600   0.0660   1.2180   0.1190   0.1850      0
25849    1166.429000 973.373000  21.4770   0.0270   0.4770   0.0390   0.1840      0
23853    1075.701000 1072.296000  20.0540   0.0380   1.1230   0.0550   0.1840      0
22179    1000.929000 1055.006000  22.6340   0.0720   0.9210   0.1060   0.1830      0
25085    1131.750000 987.061000  22.6940   0.0810   0.8060   0.1080   0.1830      0
20094    905.601000 1032.712000  22.7040   0.0840   0.8000   0.1050   0.1830      0
23667    1067.853000 940.142000  22.6350   0.0840   0.9520   0.1180   0.1830      0
26527    1197.901000 1168.131000  21.6840   0.0360   0.5380   0.0440   0.1810      0
24521    1105.722000 1128.523000  21.5190   0.0380   0.7790   0.0510   0.1810      0
20581    927.622000 1171.996000  22.4460   0.0830   1.2680   0.1620   0.1810      0
23142    1045.000000 1062.462000  22.6040   0.0920   1.0180   0.1600   0.1800      0
22075    996.693000 1228.258000  20.6900   0.0180   0.6340   0.0240   0.1790      0
23659    1067.530000 1114.607000  21.2450   0.0350   0.8560   0.0530   0.1790      0
20242    911.794000 1069.411000  21.5680   0.0740   0.7300   0.0780   0.1790      0
25622    1156.382000 1150.769000  22.5560   0.0840   1.1300   0.1620   0.1790      0
23813    1073.879000 962.106000  20.5920   0.0130   0.0520   0.0170   0.1780      0
23756    1071.357000 1267.196000  21.2050   0.0180   0.5620   0.0300   0.1780      0
26190    1181.326000 1144.235000  21.2220   0.0190   0.4670   0.0260   0.1780      0
20551    925.547000 1013.925000  21.7080   0.0320   0.6690   0.0400   0.1780      0
24592    1109.170000 1169.707000  21.5310   0.0320   0.7880   0.0450   0.1780      0
23206    1047.478000 1082.500000  21.5430   0.0390   0.7720   0.0580   0.1780      0
21636    977.874000 1057.034000  21.7430   0.0420   0.7010   0.0510   0.1780      0
24666    1112.702000 1221.206000  22.6220   0.0690   0.8850   0.1180   0.1780      0
21118    953.545000 1119.551000  22.7160   0.0970   0.6550   0.1230   0.1780      0
25689    1159.610000 1206.856000  22.4670   0.0970   1.2050   0.1390   0.1780      0
25251    1139.540000 1060.727000  21.7370   0.0320   0.6070   0.0510   0.1770      0
20022    903.407000 1021.763000  21.8790   0.0350   1.3040   0.0640   0.1770      0
20323    915.652000 979.587000  21.7680   0.0400   0.6760   0.0480   0.1770      0
26442    1192.757000 1108.209000  21.6260   0.0450   0.5580   0.0740   0.1770      0
25723    1161.072000 1165.146000  22.6430   0.0840   0.8350   0.1200   0.1770      0
22785    1028.688000 958.139000  21.1550   0.0160   0.8160   0.0250   0.1760      0
25214    1137.239000 1246.035000  21.4330   0.0260   0.7050   0.0360   0.1760      0
27329    1233.564000 1020.039000  22.2830   0.0540   0.5590   0.0810   0.1760      0
25256    1139.737000 1131.562000  22.6140   0.0790   0.9290   0.1070   0.1760      0
24758    1117.122000 1168.336000  21.7770   0.0340   0.6460   0.0550   0.1750      0
25432    1148.205000 929.397000  21.7670   0.0350   0.7050   0.0510   0.1750      0
25019    1128.592000 929.098000  20.6590   0.0140   1.6680   0.0340   0.1740      0
23584    1064.610000 1029.935000  21.4570   0.0290   0.9120   0.0420   0.1740      0
24671    1112.846000 1065.416000  21.7000   0.0320   0.6680   0.0460   0.1740      0
24257    1092.746000 1123.125000  21.6770   0.0320   0.7630   0.0510   0.1740      0
27376    1235.901000 1083.702000  21.7740   0.0380   0.6800   0.0530   0.1740      0
25352    1144.288000 1019.143000  21.8370   0.0450   1.0320   0.0610   0.1740      0
20622    929.959000 1117.259000  22.6510   0.0840   0.7660   0.1080   0.1740      0
24683    1113.489000 953.744000  21.5700   0.0290   0.7480   0.0440   0.1730      0
22310    1006.796000 1203.349000  21.6110   0.0340   0.6150   0.0590   0.1730      0
26597    1201.244000 1203.754000  21.6960   0.0410   0.6890   0.0550   0.1730      0
24062    1084.199000 998.201000  22.2930   0.0580   0.5840   0.0840   0.1730      0
25230    1138.479000 1052.528000  22.6070   0.0680   0.8700   0.1060   0.1730      0
21373    965.811000 1032.827000  21.6910   0.0300   0.8360   0.0460   0.1720      0
26077    1176.854000 974.929000  21.7120   0.0370   0.7820   0.0590   0.1720      0
21046    950.250000 1047.620000  22.4310   0.0520   1.1510   0.0920   0.1720      0
20510    923.820000 1058.922000  21.5830   0.0920   0.7620   0.0960   0.1720      0
26293    1186.488000 1073.443000  21.7640   0.0330   0.7250   0.0540   0.1710      0
24538    1106.610000 1082.150000  21.7020   0.0460   0.6560   0.0700   0.1710      0
25129    1133.480000 1015.981000  22.5870   0.0700   0.9710   0.1180   0.1710      0
24790    1118.748000 1175.207000  21.1830   0.0220   0.5850   0.0330   0.1700      0
21374    965.865000 1069.097000  21.6810   0.0420   0.7430   0.0620   0.1700      0
21293    962.099000 937.810000  21.7340   0.0480   0.5930   0.0570   0.1700      0
21610    976.803000 1125.070000  22.4520   0.0680   1.1540   0.1120   0.1700      0
25018    1128.547000 1195.505000  21.6590   0.0270   0.7580   0.0420   0.1690      0
21706    980.788000 1018.446000  21.4690   0.0280   0.8260   0.0360   0.1690      0
21125    953.715000 1135.936000  21.6650   0.0340   0.7670   0.0430   0.1690      0
24728    1115.545000 1133.154000  21.7140   0.0420   0.7980   0.0780   0.1690      0
22445    1013.066000 948.081000  21.6840   0.0470   0.6910   0.0580   0.1690      0
22372    1009.993000 1036.475000  22.2950   0.0610   0.6180   0.0740   0.1690      0
21586    975.597000 1109.281000  22.2530   0.0640   0.5590   0.0800   0.1690      0
22554    1017.941000 1237.509000  21.3320   0.0260   0.5070   0.0350   0.1680      0
22562    1018.164000 1016.019000  21.4840   0.0300   0.8240   0.0370   0.1680      0
25376    1145.502000 1072.302000  21.6730   0.0320   0.5650   0.0420   0.1680      0
26152    1179.910000 1026.434000  21.7890   0.0350   0.6660   0.0580   0.1680      0
19805    892.106000 1125.259000  21.7910   0.0370   0.6250   0.0490   0.1680      0
21866    987.329000 1072.757000  22.2920   0.0440   0.9030   0.0730   0.1680      0
22104    997.894000 1264.236000  22.3320   0.0450   0.7840   0.0880   0.1680      0
23022    1039.358000 1137.845000  22.3250   0.0520   0.7990   0.0760   0.1680      0
21470    970.860000 1162.481000  22.3080   0.0540   0.8160   0.0750   0.1680      0
24204    1089.842000 1028.909000  22.3680   0.0640   0.6660   0.0830   0.1680      0
25057    1130.311000 969.368000  22.3830   0.0640   0.6680   0.0860   0.1680      0
24739    1116.027000 1028.524000  22.3580   0.0700   0.6510   0.0980   0.1680      0
23984    1080.924000 1256.238000  21.4930   0.0980   1.3210   0.1300   0.1680      0
22289    1005.947000 917.999000  20.9080   0.0240   0.5130   0.0290   0.1670      0
25920    1169.873000 1096.054000  22.3430   0.0480   0.8390   0.0780   0.1670      0
24988    1127.564000 1048.667000  21.3380   0.0290   0.4820   0.0390   0.1660      0
21988    992.134000 1101.074000  22.6330   0.0690   0.6380   0.1010   0.1660      0
24862    1121.644000 1097.321000  22.5760   0.1080   0.8440   0.1800   0.1660      0
22084    997.155000 1224.584000  22.3720   0.0680   0.7130   0.1030   0.1650      0
23826    1074.542000 1136.414000  21.7090   0.0400   0.8560   0.0660   0.1640      0
22474    1014.327000 1055.562000  22.2730   0.0530   0.8950   0.0800   0.1640      0
22585    1019.543000 990.789000  22.2680   0.0550   0.8000   0.0860   0.1640      0
22061    995.859000 1200.586000  22.2640   0.0560   0.8320   0.0790   0.1640      0
19957    899.647000 1150.619000  22.2930   0.0620   0.8690   0.0950   0.1640      0
20126    906.650000 1168.729000  22.4810   0.0660   0.6080   0.0860   0.1640      0
25586    1154.972000 1231.614000  22.5780   0.0660   0.7950   0.1010   0.1640      0
24098    1085.616000 1057.101000  22.5680   0.0790   0.9360   0.1300   0.1640      0
22707    1025.009000 1195.885000  19.5720   0.0070   0.1040   0.0100   0.1630      0
22952    1036.097000 1091.802000  20.9630   0.0340   0.8110   0.0390   0.1630      0
22102    997.825000 1021.601000  21.6900   0.0400   0.8570   0.0550   0.1630      0
24231    1091.713000 1252.961000  22.4140   0.0620   0.7250   0.0960   0.1630      0
25573    1154.628000 1091.040000  22.2620   0.0740   0.6220   0.1090   0.1630      0
21021    949.066000 975.303000  22.3460   0.0840   0.7810   0.1090   0.1630      0
23698    1069.208000 1083.114000  21.2260   0.0320   0.4840   0.0490   0.1620      0
23344    1053.742000 1054.026000  21.5840   0.0390   1.0380   0.0570   0.1620      0
23242    1049.131000 1030.636000  22.2500   0.0520   0.8450   0.0750   0.1620      0
26383    1190.477000 1205.066000  22.2720   0.0630   0.8430   0.0910   0.1620      0
26053    1175.381000 1141.774000  22.5640   0.0630   0.7900   0.0950   0.1620      0
24905    1123.649000 921.299000  22.4600   0.0650   0.6950   0.0930   0.1620      0
23084    1042.680000 1029.956000  22.3680   0.0650   0.8300   0.0970   0.1620      0
21735    981.808000 1072.426000  22.3570   0.0670   0.8660   0.0840   0.1620      0
27231    1228.954000 1168.365000  22.3480   0.0670   0.8760   0.0990   0.1620      0
23253    1049.723000 1073.177000  22.3710   0.0680   0.7770   0.1610   0.1620      0
26380    1190.319000 1077.911000  21.8390   0.0360   0.9980   0.0660   0.1610      0
25820    1165.116000 992.904000  21.7110   0.0480   0.9460   0.0690   0.1610      0
27315    1233.071000 1165.858000  22.5630   0.0700   0.8450   0.1060   0.1610      0
20522    924.276000 1209.204000  22.3980   0.0800   0.7700   0.1260   0.1610      0
23912    1077.640000 1240.396000  20.4980   0.0330   0.7490   0.0450   0.1600      0
25021    1128.627000 1062.618000  21.7820   0.0420   0.5790   0.0590   0.1600      0
21438    969.032000 1013.726000  22.3110   0.0590   0.9580   0.0890   0.1600      0
21618    977.018000 951.990000  22.4440   0.0590   1.1030   0.0950   0.1600      0
23547    1063.199000 1046.928000  22.2530   0.0610   0.7160   0.0980   0.1600      0
23665    1067.769000 1104.439000  22.4770   0.0620   0.7050   0.0910   0.1600      0
21828    985.925000 968.937000  22.5800   0.0710   0.6070   0.1000   0.1600      0
25950    1171.001000 1123.323000  22.3930   0.0730   0.8180   0.1000   0.1600      0
24548    1107.330000 1152.537000  22.5190   0.0810   1.0200   0.1660   0.1600      0
22865    1032.119000 1173.916000  22.5090   0.0890   0.7190   0.1150   0.1600      0
25967    1171.678000 1173.686000  21.8040   0.0460   0.6480   0.0590   0.1590      0
20643    931.108000 1031.092000  21.7490   0.0460   0.9430   0.0720   0.1590      0
20230    911.190000 1104.059000  22.3500   0.0600   0.9410   0.0860   0.1590      0
27535    1243.018000 1058.763000  22.3620   0.0630   0.9220   0.1060   0.1590      0
23049    1040.773000 1072.166000  22.2910   0.0790   0.8840   0.1560   0.1590      0
26201    1181.654000 1193.381000  22.4800   0.1040   1.0310   0.1500   0.1590      0
23572    1064.164000 1253.757000  21.9960   0.0390   1.0070   0.0650   0.1580      0
23319    1052.685000 1058.504000  21.7290   0.0470   0.8490   0.0560   0.1580      0
23847    1075.396000 947.727000  22.2430   0.0550   0.8610   0.0810   0.1580      0
22746    1027.091000 944.577000  21.7480   0.0760   0.7780   0.0910   0.1580      0
19467    876.844000 1050.414000  21.6280   0.0260   0.6080   0.0360   0.1570      0
20361    916.969000 1198.595000  21.7880   0.0320   0.7480   0.0520   0.1570      0
23787    1072.555000 1096.661000  21.5380   0.0440   0.9350   0.0730   0.1570      0
22793    1028.984000 1238.953000  21.7980   0.0460   0.7030   0.0710   0.1570      0
24563    1107.740000 1089.488000  22.3950   0.0560   1.0750   0.1330   0.1570      0
26541    1198.734000 1005.949000  22.2410   0.0600   0.8080   0.0870   0.1570      0
23409    1056.446000 1107.086000  22.2020   0.0640   1.2690   0.1230   0.1570      0
26848    1212.215000 1064.932000  22.3570   0.0660   1.0570   0.1260   0.1570      0
21148    954.910000 1081.085000  22.4860   0.0840   0.7740   0.1250   0.1570      0
24846    1121.096000 1207.209000  22.3570   0.0850   0.9520   0.1230   0.1570      0
24299    1094.999000 1068.122000  22.2670   0.0930   0.7340   0.1720   0.1570      0
25058    1130.344000 1256.788000  21.8560   0.0370   0.9940   0.0600   0.1560      0
21980    991.826000 1208.425000  21.8300   0.0380   0.9810   0.0620   0.1560      0
20554    925.730000 1175.010000  22.3490   0.0580   1.0240   0.1040   0.1560      0
24577    1108.390000 1265.241000  22.4830   0.0680   0.7720   0.0970   0.1560      0
26914    1214.634000 1110.430000  22.2740   0.0750   0.9550   0.1010   0.1560      0
25049    1129.857000 1237.671000  21.6310   0.0350   0.6920   0.0450   0.1550      0
25052    1130.059000 1232.537000  22.2270   0.0460   0.8890   0.0730   0.1550      0
22972    1037.160000 1189.120000  22.5150   0.0640   0.7960   0.1030   0.1550      0
26204    1181.803000 998.816000  22.5360   0.0750   0.9290   0.1070   0.1550      0
21688    980.098000 922.499000  21.2070   0.0230   0.8020   0.0290   0.1540      0
23259    1050.078000 1103.713000  20.7410   0.0330   0.2120   0.0530   0.1540      0
21393    967.037000 929.521000  21.7460   0.0390   0.9200   0.0520   0.1540      0
25306    1142.003000 1179.660000  21.9600   0.0390   0.8550   0.0610   0.1540      0
21207    957.922000 1119.420000  21.9680   0.0420   0.9300   0.0670   0.1540      0
25596    1155.504000 1251.190000  22.2060   0.0650   0.6720   0.0810   0.1540      0
20642    931.072000 1098.976000  21.7960   0.0700   0.6230   0.0810   0.1540      0
22412    1011.366000 944.432000  22.3870   0.0770   1.0110   0.1160   0.1540      0
21811    985.208000 1177.393000  22.2770   0.0390   1.0890   0.0870   0.1530      0
23134    1044.722000 1162.287000  22.1540   0.0440   0.6440   0.0640   0.1530      0
23507    1061.007000 1023.542000  22.2170   0.0590   0.7330   0.1000   0.1530      0
21390    966.711000 1141.849000  22.3790   0.0600   0.9610   0.0860   0.1530      0
21171    956.312000 1029.397000  21.2940   0.0190   0.6080   0.0310   0.1520      0
22096    997.560000 994.260000  20.9320   0.0310   0.5430   0.0360   0.1520      0
27025    1219.825000 1191.756000  21.2800   0.0390   0.3210   0.0480   0.1520      0
24899    1123.413000 1112.349000  21.9470   0.0390   0.8160   0.0600   0.1520      0
25198    1136.696000 1030.701000  21.9490   0.0410   0.8940   0.0770   0.1520      0
20165    908.592000 1148.723000  21.9830   0.0450   0.8950   0.0620   0.1520      0
22653    1022.693000 1051.857000  22.2510   0.0530   1.1340   0.0830   0.1520      0
20158    908.123000 1121.488000  21.8610   0.0540   1.0100   0.0970   0.1520      0
24480    1103.209000 1232.798000  22.2420   0.0550   0.9860   0.0870   0.1520      0
22392    1010.837000 1203.196000  22.2450   0.0590   1.0740   0.1220   0.1520      0
21082    951.743000 1032.625000  22.4940   0.0790   0.8790   0.1100   0.1520      0
22641    1021.954000 973.987000  22.2080   0.0420   0.7440   0.0610   0.1510      0
20859    941.225000 1102.368000  22.2110   0.0550   0.7460   0.0770   0.1510      0
27559    1243.953000 1091.437000  22.2200   0.0580   0.8110   0.0720   0.1510      0
24422    1100.634000 986.117000  22.4450   0.0640   0.8530   0.0880   0.1510      0
24277    1094.137000 1040.096000  20.2800   0.0130   1.5410   0.0390   0.1500      0
20922    945.209000 1114.489000  21.9430   0.0380   0.7840   0.0510   0.1500      0
22570    1018.678000 1260.676000  22.4480   0.0610   0.8500   0.0840   0.1500      0
23082    1042.558000 1034.833000  22.4570   0.0620   1.0330   0.1030   0.1500      0
24528    1106.126000 1035.142000  22.4880   0.0640   0.8450   0.0950   0.1500      0
27328    1233.532000 1129.978000  22.0320   0.0370   0.9330   0.0570   0.1490      0
26089    1177.683000 1023.376000  21.9330   0.0430   0.8290   0.0660   0.1490      0
21052    950.718000 1227.738000  21.9330   0.0440   0.8250   0.0660   0.1490      0
21614    976.876000 996.594000  21.6630   0.0590   0.8940   0.0680   0.1490      0
21748    982.377000 1007.889000  22.2130   0.0590   0.8260   0.0750   0.1490      0
23934    1078.427000 1000.788000  20.9730   0.0220   0.2350   0.0260   0.1480      0
20848    940.824000 1072.672000  20.8790   0.0220   0.5290   0.0280   0.1480      0
22978    1037.262000 979.123000  21.2990   0.0290   0.7460   0.0580   0.1480      0
23729    1070.573000 1023.693000  21.9890   0.0410   1.0920   0.0840   0.1480      0
23402    1056.231000 993.903000  22.2180   0.0420   0.9650   0.0680   0.1480      0
21465    970.544000 1129.880000  21.5420   0.0470   0.8880   0.0630   0.1480      0
21116    953.516000 1142.070000  22.1580   0.0510   0.6680   0.0690   0.1480      0
25894    1168.600000 1044.441000  21.9500   0.0550   0.9320   0.1130   0.1480      0
20514    923.995000 987.090000  22.4710   0.0600   0.8590   0.0870   0.1480      0
22922    1035.007000 1124.497000  22.2230   0.0620   1.0710   0.0990   0.1480      0
20939    945.673000 1059.475000  21.6280   0.0310   0.7890   0.0440   0.1470      0
24080    1084.827000 916.377000  21.7850   0.0350   0.8020   0.0490   0.1470      0
23172    1046.022000 1054.166000  22.2050   0.0500   0.8050   0.0690   0.1470      0
25159    1134.824000 978.169000  22.1490   0.0520   1.1810   0.0880   0.1470      0
23256    1049.750000 1070.156000  21.8010   0.0520   0.8790   0.1090   0.1470      0
26585    1200.679000 1127.529000  21.5630   0.0300   0.8310   0.0460   0.1460      0
21000    948.263000 1118.880000  21.9600   0.0400   0.7620   0.0600   0.1460      0
25364    1144.961000 1133.775000  21.9380   0.0410   0.7820   0.0640   0.1460      0
21620    977.121000 1156.333000  22.0470   0.0410   0.9640   0.0640   0.1460      0
23822    1074.296000 954.477000  22.1380   0.0470   0.6670   0.0620   0.1460      0
27179    1226.893000 1013.145000  22.1680   0.0470   0.6900   0.0730   0.1460      0
22247    1004.265000 1082.178000  22.2140   0.0660   0.9880   0.0890   0.1460      0
22490    1015.049000 1241.456000  21.2700   0.0250   0.6610   0.0350   0.1450      0
23564    1063.802000 1184.763000  21.9400   0.0430   0.7750   0.0650   0.1450      0
22072    996.484000 1150.195000  22.0200   0.0450   0.9040   0.0670   0.1450      0
26391    1190.607000 1118.920000  21.9060   0.0460   0.8650   0.0610   0.1450      0
21451    969.570000 1243.720000  22.0440   0.0460   0.9760   0.0730   0.1450      0
25883    1167.713000 1242.821000  21.7950   0.0710   0.4710   0.0800   0.1450      0
25190    1136.445000 1251.591000  21.5570   0.0340   0.9280   0.0610   0.1440      0
23021    1039.353000 944.570000  21.8070   0.0410   0.7870   0.0510   0.1440      0
23041    1040.198000 1145.739000  22.2020   0.0480   0.8890   0.0790   0.1440      0
25646    1157.586000 1202.319000  21.9780   0.0910   1.1970   0.1440   0.1440      0
25861    1166.985000 1032.682000  21.0620   0.0200   0.1990   0.0240   0.1430      0
19657    885.144000 1105.352000  22.1650   0.0440   1.0880   0.0670   0.1430      0
19797    891.923000 1010.896000  22.1680   0.0620   1.0940   0.0810   0.1430      0
26604    1201.434000 996.150000  22.0100   0.0390   0.8540   0.0640   0.1420      0
21573    974.826000 1029.825000  21.9110   0.0430   0.7790   0.0540   0.1420      0
21357    965.034000 976.432000  22.0000   0.0520   0.8320   0.0650   0.1420      0
22205    1002.376000 1049.554000  21.8920   0.0410   0.8780   0.0740   0.1410      0
20500    923.415000 1125.879000  22.0550   0.0410   0.9750   0.0790   0.1410      0
24449    1101.812000 1044.867000  21.9970   0.0430   0.7720   0.0620   0.1410      0
21864    987.292000 1067.408000  21.8160   0.0430   0.8130   0.0630   0.1410      0
24141    1087.234000 1245.795000  22.1100   0.0460   0.6560   0.0670   0.1410      0
24443    1101.433000 1243.390000  21.2390   0.0240   0.5880   0.0320   0.1400      0
25299    1141.487000 1222.728000  22.0290   0.0730   0.9660   0.1110   0.1400      0
22151    999.914000 1090.143000  22.4430   0.0990   0.1040   0.1100   0.1400      0
22702    1024.854000 1102.453000  21.3280   0.0340   0.4140   0.0390   0.1390      0
27648    1248.579000 1067.772000  21.9740   0.0440   0.7240   0.0610   0.1390      0
23185    1046.621000 1231.949000  21.9900   0.0470   0.3680   0.0600   0.1390      0
26082    1177.109000 1220.953000  22.1140   0.0470   0.6670   0.0710   0.1390      0
20392    918.042000 974.182000  22.1350   0.0500   1.0980   0.0720   0.1390      0
22909    1034.387000 1113.089000  20.8800   0.0330   0.6920   0.0390   0.1380      0
23285    1051.052000 1157.150000  21.8410   0.0340   0.6860   0.0520   0.1380      0
22488    1014.969000 1103.177000  21.1320   0.0340   0.8110   0.0760   0.1380      0
23158    1045.482000 922.010000  21.3020   0.0360   0.5220   0.0450   0.1380      0
22213    1002.808000 1249.620000  21.8320   0.0480   0.8600   0.0650   0.1380      0
25313    1142.217000 1010.226000  21.9180   0.0500   0.7480   0.0670   0.1380      0
21638    977.879000 1042.967000  21.2980   0.0540   0.3870   0.0610   0.1380      0
22245    1004.188000 1194.583000  22.1010   0.0540   0.5910   0.0690   0.1380      0
24019    1082.294000 1159.254000  22.1590   0.0680   0.7400   0.0900   0.1380      0
23535    1062.659000 1050.197000  21.8570   0.0450   0.7900   0.0710   0.1370      0
23606    1065.549000 947.911000  22.1120   0.0470   0.6910   0.0600   0.1370      0
24495    1104.162000 1049.018000  22.1380   0.0720   0.7140   0.0950   0.1370      0
27464    1239.776000 1066.549000  21.2090   0.0280   0.9920   0.0430   0.1360      0
23849    1075.432000 903.267000  21.8390   0.0290   0.7570   0.0450   0.1360      0
25670    1158.840000 1020.076000  21.8250   0.0360   0.8440   0.0560   0.1360      0
20521    924.247000 1096.131000  21.9960   0.0390   0.7000   0.0550   0.1360      0
20021    903.285000 1053.276000  21.8450   0.0400   0.8460   0.0510   0.1360      0
23392    1055.869000 1057.021000  21.9990   0.0640   0.7540   0.1030   0.1360      0
20547    925.465000 1206.282000  21.2530   0.0320   0.6420   0.0390   0.1350      0
23364    1054.675000 1194.018000  22.0200   0.0450   0.7520   0.0680   0.1350      0
22627    1021.215000 1153.608000  22.0160   0.0490   0.7300   0.0610   0.1350      0
24353    1097.394000 1096.261000  22.0450   0.0560   1.1910   0.1030   0.1350      0
23368    1054.788000 1084.021000  22.0610   0.0600   0.9560   0.0910   0.1350      0
23832    1074.804000 1024.283000  21.6290   0.0370   0.8920   0.0670   0.1340      0
24446    1101.537000 1097.181000  21.8900   0.0460   0.7440   0.0610   0.1340      0
19858    894.846000 1134.849000  22.0200   0.0510   0.7490   0.0750   0.1340      0
23381    1055.522000 1076.760000  20.8670   0.0720   0.6460   0.0810   0.1340      0
25522    1152.434000 983.728000  21.8480   0.0320   0.6610   0.0490   0.1330      0
20182    909.180000 1021.749000  22.1150   0.0830   0.9230   0.0960   0.1330      0
20646    931.199000 985.360000  22.0370   0.0450   0.7080   0.0590   0.1320      0
21319    963.479000 1198.235000  22.1630   0.0490   0.9920   0.0740   0.1320      0
26992    1218.694000 1078.878000  22.0810   0.0520   0.5860   0.0660   0.1320      0
24833    1120.501000 1093.394000  21.0010   0.0640   0.8000   0.0670   0.1320      0
25751    1162.243000 1163.862000  22.5670   0.1120   0.3710   0.1300   0.1320      0
25846    1166.270000 978.881000  21.2460   0.0230   0.5300   0.0320   0.1310      0
23471    1059.362000 1251.124000  21.9820   0.0340   0.6770   0.0480   0.1310      0
21425    968.652000 983.197000  21.8690   0.0380   0.7260   0.0530   0.1310      0
24472    1102.795000 1119.215000  22.1610   0.0580   0.8650   0.0890   0.1310      0
21771    983.295000 1106.895000  22.1590   0.0590   0.8390   0.0710   0.1300      0
22935    1035.564000 981.608000  21.8860   0.0430   0.7140   0.0570   0.1290      0
25799    1164.232000 1131.682000  22.0550   0.0520   0.7530   0.0710   0.1290      0
21575    974.948000 1191.167000  20.8740   0.0470   0.6470   0.0580   0.1280      0
26016    1173.777000 961.030000  22.0380   0.0480   0.6370   0.0610   0.1280      0
23241    1049.113000 1044.536000  20.9940   0.0190   0.6500   0.0280   0.1250      0
22248    1004.280000 1176.693000  22.0600   0.0490   0.7770   0.0650   0.1250      0
26394    1190.706000 1197.675000  22.1500   0.0480   0.8880   0.0740   0.1240      0
23562    1063.756000 958.548000  21.9470   0.0440   0.6670   0.0580   0.1220      0
24644    1111.714000 1131.963000  21.2940   0.0290   0.4340   0.0430   0.1180      0
24150    1087.585000 921.244000  22.0840   0.0420   0.7900   0.0610   0.1180      0
20719    934.441000 975.851000  21.9460   0.0570   0.4460   0.0670   0.1180      0
23428    1057.407000 1258.185000  21.8410   0.0350   0.5140   0.0490   0.1170      0
27217    1228.360000 1005.195000  22.0870   0.0380   0.8590   0.0760   0.1170      0
20961    946.510000 1102.615000  22.1250   0.0470   0.8490   0.0660   0.1170      0
26150    1179.714000 1196.155000  20.8420   0.0210   0.5980   0.0310   0.1120      0
21509    972.242000 1222.017000  22.0010   0.0450   0.5730   0.0600   0.1090      0
22089    997.374000 937.346000  21.9800   0.0510   0.5620   0.0690   0.1080      0
23378    1055.458000 1069.868000  21.2190   0.0480   0.7340   0.0530   0.1070      0
23683    1068.509000 926.793000  21.8990   0.0390   0.6000   0.0510   0.1050      0
21043    950.153000 1166.331000  20.5500   0.0400   0.7610   0.0920   0.0870      0
23298    1051.385000 1109.007000  20.8810   0.0270   0.4380   0.0400   0.0850      0
