#ID x y mag e_mag col1 e_col1 memb_prob sel
79501    6952.557000 963.083000  19.6840   0.0130   0.7750   0.0160   0.4750      1
78668    6884.866000 958.609000  19.7240   0.0090   0.7480   0.0170   0.4530      1
79725    6971.132000 954.743000  19.8300   0.0070   0.8410   0.0120   0.4240      1
78346    6856.632000 804.731000  19.9330   0.0070   0.6470   0.0110   0.4210      1
77572    6791.753000 937.561000  19.7190   0.0100   0.6940   0.0120   0.4170      1
80602    7047.927000 903.977000  19.6830   0.0380   0.7170   0.0430   0.4040      1
78467    6866.645000 1117.206000  19.9130   0.0090   0.8370   0.0130   0.3970      1
79235    6929.990000 915.770000  19.6300   0.0130   0.5620   0.0160   0.3820      1
79362    6940.871000 950.500000  19.7960   0.0340   0.8410   0.0500   0.3560      1
78035    6829.268000 1039.865000  19.7100   0.0080   0.5410   0.0110   0.3460      1
78976    6908.655000 961.067000  19.4920   0.0510   0.6970   0.0580   0.3320      1
78330    6855.366000 1025.560000  19.3040   0.0060   1.5860   0.0120   0.3260      1
78916    6904.242000 985.589000  19.9660   0.0150   0.6740   0.0230   0.3260      1
80221    7013.588000 864.171000  19.5770   0.0130   0.3700   0.0140   0.3250      1
77893    6818.750000 891.240000  19.1490   0.0050   0.0670   0.0070   0.3230      1
78911    6903.743000 1028.607000  19.5530   0.0070   0.5930   0.0090   0.3200      1
78364    6857.473000 967.102000  19.3930   0.0060   0.7080   0.0140   0.3080      1
79328    6938.639000 971.030000  19.3210   0.0090   1.7070   0.0220   0.3060      1
79457    6948.947000 1118.218000  19.5100   0.0050   0.1940   0.0060   0.3050      1
79218    6928.834000 837.404000  19.5280   0.0050   0.1950   0.0070   0.3040      1
79602    6960.107000 909.577000  19.3210   0.0300   0.6920   0.0400   0.3040      1
80077    7001.123000 1032.126000  18.5480   0.0040   2.0710   0.0090   0.2990      1
80556    7044.464000 964.052000  19.3680   0.0070   1.6380   0.0210   0.2960      1
79547    6955.972000 931.690000  19.3260   0.0210   1.6810   0.0320   0.2960      1
80279    7020.121000 1056.935000  19.9540   0.0100   0.2150   0.0320   0.2920      1
80027    6997.407000 976.635000  19.2280   0.0050   0.1510   0.0060   0.2910      1
78011    6827.956000 1131.108000  19.1540   0.0080   2.1300   0.0190   0.2900      1
80429    7033.746000 943.964000  18.4420   0.0040   2.0130   0.0080   0.2880      1
78243    6848.223000 1026.068000  18.7100   0.0050   1.9580   0.0100   0.2840      1
77392    6774.414000 945.248000  20.2860   0.0090   0.3640   0.0110   0.2810      1
79106    6920.761000 1016.896000  18.5230   0.0050   2.0060   0.0090   0.2790      1
79706    6968.939000 784.224000  19.9370   0.0140   0.1650   0.0300   0.2750      1
79378    6942.830000 1064.494000  19.4950   0.0230   0.3850   0.0240   0.2750      1
77039    6743.880000 1002.198000  19.0590   0.0040   1.5770   0.0070   0.2720      1
78708    6887.931000 952.915000  20.2780   0.0140   0.3790   0.0180   0.2720      1
77783    6808.741000 811.163000  19.9450   0.0080   0.1090   0.0090   0.2710      1
78648    6882.923000 948.931000  18.4360   0.0050   2.0630   0.0280   0.2700      1
79431    6946.628000 1060.948000  19.0510   0.0060   1.6390   0.0320   0.2660      1
77041    6744.078000 953.616000  18.5260   0.0060   2.1020   0.0100   0.2650      1
78453    6865.250000 1049.105000  19.9670   0.0130   0.1730   0.0140   0.2640      1
78097    6835.035000 906.167000  20.9190   0.0200   0.1950   0.0280   0.2630      1
79910    6986.899000 863.727000  20.4910   0.0100   0.7780   0.0160   0.2600      1
80265    7018.374000 844.257000  22.2590   0.0360   2.1980   0.1490   0.2570      1
79869    6982.998000 1072.587000  18.1660   0.0070   1.8340   0.0090   0.2550      1
79249    6931.487000 878.610000  19.9560   0.0110   0.2460   0.0290   0.2540      1
80020    6996.891000 848.424000  22.0890   0.0420   2.7900   0.1890   0.2530      1
79477    6950.736000 926.006000  18.4100   0.0060   2.1720   0.0300   0.2520      1
77869    6816.932000 1074.303000  19.0030   0.0040   1.9840   0.0080   0.2510      1
80645    7051.632000 864.954000  18.0870   0.0030   2.3190   0.0070   0.2500      1
80566    7045.304000 952.187000  18.0590   0.0040   2.3220   0.0070   0.2500      1
78536    6873.389000 840.173000  20.2920   0.0130   0.4010   0.0160   0.2500      1
77749    6806.373000 1114.968000  19.0380   0.0040   1.7540   0.0070   0.2490      1
78159    6840.184000 854.008000  20.3200   0.0120   0.3640   0.0150   0.2490      1
79715    6969.598000 1124.139000  18.9130   0.0070   2.0280   0.0120   0.2480      1
78238    6847.913000 861.581000  16.9380   0.0030   2.5590   0.0060   0.2470      1
78969    6908.502000 912.418000  18.9950   0.0060   1.9820   0.0160   0.2460      1
77702    6801.778000 997.347000  19.9370   0.0070   0.3790   0.0100   0.2400      1
79456    6948.884000 931.625000  19.9540   0.0150   0.4010   0.0210   0.2350      1
79055    6916.205000 927.938000  16.9600   0.0270   2.5280   0.0390   0.2280      1
79495    6952.283000 874.919000  20.4920   0.0120   0.5430   0.0160   0.2270      1
78928    6904.877000 916.616000  20.2000   0.0130   0.8330   0.0260   0.2260      1
80505    7039.968000 1007.987000  20.1800   0.0110   0.1180   0.0410   0.2240      1
80726    7057.440000 1008.057000  20.3780   0.0120   0.1620   0.0220   0.2240      1
78071    6833.229000 799.746000  20.4380   0.0110   0.9260   0.0190   0.2220      1
78723    6888.935000 771.217000  20.1740   0.0090   0.2290   0.0110   0.2180      1
78469    6866.776000 800.536000  20.2300   0.0120   0.1400   0.0220   0.2180      1
78274    6850.778000 931.012000  19.9610   0.0230   0.7620   0.0330   0.2170      1
78436    6863.654000 880.757000  20.4870   0.0250   0.9780   0.0330   0.2170      1
78878    6901.557000 822.861000  20.0920   0.0070   0.2240   0.0090   0.2150      1
76854    6727.979000 916.341000  20.4820   0.0130   0.8370   0.0180   0.2150      1
79989    6994.359000 817.770000  19.9380   0.0170   0.3150   0.0180   0.2110      1
77716    6803.458000 1027.574000  20.8830   0.0130   0.4910   0.0180   0.2100      1
80722    7056.818000 919.179000  21.0660   0.0160   0.9380   0.0250   0.2100      1
78185    6842.484000 976.240000  21.0600   0.0150   0.9360   0.0270   0.2090      1
77344    6771.393000 1054.212000  20.6170   0.0130   1.0180   0.0270   0.2060      1
78768    6892.881000 1042.157000  20.2730   0.0150   0.7640   0.0190   0.2050      1
78345    6856.501000 1104.089000  20.0150   0.0070   0.4630   0.0090   0.2040      1
81089    7089.654000 970.634000  20.1440   0.0090   0.1950   0.0110   0.2040      1
79545    6955.888000 1012.398000  20.0750   0.0100   0.3560   0.0120   0.1980      1
79530    6954.649000 1089.500000  20.3110   0.0100   0.7830   0.0150   0.1980      1
79234    6929.969000 815.023000  20.6980   0.0140   1.0480   0.0220   0.1970      1
78260    6850.027000 987.564000  20.5230   0.0250   0.9790   0.0300   0.1910      1
77885    6818.071000 973.809000  20.7140   0.0310   0.9700   0.0460   0.1860      1
79929    6988.615000 856.502000  21.0640   0.0210   0.9170   0.0280   0.1840      1
80140    7006.520000 1004.063000  17.4720   0.0030   2.4890   0.0050   0.1820      1
80181    7009.954000 1081.418000  21.0300   0.0120   0.7600   0.0220   0.1810      1
77349    6771.725000 821.693000  16.9460   0.0040  -0.1280   0.0060   0.1800      1
77865    6816.595000 1041.819000  18.1610   0.0040   2.7670   0.0130   0.1790      1
80790    7062.321000 898.895000  17.4670   0.0040   2.7620   0.0140   0.1790      1
78953    6907.229000 1057.565000  21.0250   0.0140   0.7960   0.0210   0.1760      1
78589    6877.411000 1140.783000  22.2960   0.0400   1.8700   0.1050   0.1750      1
78201    6844.349000 781.809000  16.6440   0.0030   0.1280   0.0090   0.1740      1
77725    6804.412000 1104.401000  21.2000   0.0190   0.7550   0.0250   0.1720      1
79914    6987.608000 1123.886000  16.9440   0.0040   3.0210   0.0060   0.1710      1
79438    6947.259000 775.757000  21.3400   0.0220   0.7860   0.0290   0.1700      1
78795    6895.050000 878.035000  21.0350   0.0150   0.7490   0.0320   0.1680      1
78220    6846.504000 1121.752000  20.8250   0.0130   0.6280   0.0210   0.1640      1
80380    7029.303000 1066.462000  21.1940   0.0140   0.5820   0.0270   0.1640      1
79573    6957.955000 948.249000  17.4150   0.0160   0.0880   0.0160   0.1640      1
79366    6941.233000 1029.894000  21.2180   0.0170   0.7550   0.0250   0.1610      1
80598    7047.666000 937.712000  22.3640   0.0550   1.9550   0.1660   0.1600      1
77623    6796.357000 872.976000  21.1640   0.0190   0.7630   0.0250   0.1590      1
78328    6855.176000 871.972000  20.8510   0.0160   0.5750   0.0410   0.1570      1
77293    6766.292000 995.792000  21.1280   0.0200   0.7610   0.0300   0.1570      1
77862    6816.363000 1060.389000  21.0810   0.0140   0.5250   0.0210   0.1560      1
77347    6771.591000 931.719000  21.0510   0.0160   0.5650   0.0220   0.1560      1
79932    6988.943000 800.520000  20.8790   0.0180   0.5600   0.0230   0.1560      1
79630    6962.943000 989.742000  22.2750   0.0470   1.9280   0.2070   0.1560      1
80942    7076.292000 937.316000  21.1390   0.0130   0.5030   0.0200   0.1550      1
78798    6895.556000 1021.989000  21.0290   0.0140   0.8250   0.0230   0.1530      1
80291    7021.588000 980.395000  21.1470   0.0230   0.5180   0.0280   0.1520      1
78715    6888.364000 1023.523000  21.3620   0.0260   0.7340   0.0360   0.1520      1
80590    7046.947000 922.476000  22.4010   0.0470   2.0510   0.2040   0.1480      1
80226    7013.797000 1105.952000  23.2200   0.1050  -0.1060   0.1160   0.1430      1
78597    6878.149000 932.516000  20.4120   0.0340  -0.2950   0.0480   0.1240      1
78957    6907.493000 954.732000  19.7080   0.0410   0.5780   0.0590   0.3000      0
79472    6949.778000 918.233000  19.6710   0.0460   0.5430   0.0640   0.2970      0
79875    6983.634000 1056.015000  19.3790   0.0050  -0.0710   0.0060   0.2960      0
77595    6794.048000 985.693000  19.2830   0.0050   0.6430   0.0070   0.2920      0
78823    6897.362000 791.956000  19.1110   0.0070   0.0570   0.0080   0.2740      0
79292    6935.612000 857.405000  19.9590   0.0090   0.0380   0.0100   0.2690      0
79831    6980.062000 891.863000  18.0450   0.0170  -0.0940   0.0200   0.2650      0
79127    6922.569000 1112.623000  19.8930   0.0070   0.4840   0.0090   0.2640      0
80249    7016.243000 999.229000  20.8900   0.0150   1.2870   0.0240   0.2640      0
78693    6887.168000 853.861000  19.9140   0.0100   0.5440   0.0210   0.2600      0
80678    7053.881000 898.973000  19.4140   0.0110   0.1460   0.0130   0.2600      0
77606    6794.863000 914.801000  19.1900   0.0050  -0.0780   0.0060   0.2570      0
79693    6968.076000 857.403000  18.0070   0.0030  -0.0480   0.0040   0.2560      0
79010    6912.009000 836.216000  19.8740   0.0060   0.5090   0.0140   0.2560      0
78724    6888.994000 901.008000  19.4760   0.0140   0.1670   0.0160   0.2500      0
79732    6971.868000 849.333000  20.9040   0.0160   0.1810   0.0250   0.2500      0
80404    7031.472000 977.149000  19.3580   0.0050  -0.0880   0.0060   0.2490      0
78871    6901.318000 1090.628000  19.4570   0.0060   1.7360   0.0130   0.2430      0
78125    6837.514000 1103.691000  20.3890   0.0100   1.5870   0.0210   0.2430      0
79611    6961.140000 1107.738000  20.4130   0.0090   1.5500   0.0190   0.2410      0
78999    6911.295000 986.810000  19.0640   0.0070   1.7090   0.0110   0.2380      0
80573    7045.711000 932.990000  19.4240   0.0300   1.6850   0.0320   0.2380      0
78442    6864.081000 998.567000  21.8530   0.0610  -0.0790   0.0760   0.2350      0
80157    7007.909000 1095.250000  18.1220   0.0030   1.7700   0.0060   0.2310      0
80232    7014.570000 914.702000  18.5230   0.0040   1.6430   0.0070   0.2280      0
79497    6952.329000 1108.700000  19.0110   0.0040   1.9060   0.0100   0.2280      0
78669    6884.874000 1073.840000  21.9360   0.0760  -0.1490   0.0810   0.2280      0
77903    6819.684000 1126.703000  19.8860   0.0400   0.5930   0.0410   0.2260      0
79205    6927.925000 866.968000  18.7010   0.0050   1.8550   0.0080   0.2250      0
80029    6997.660000 886.165000  18.0170   0.0040  -0.2470   0.0120   0.2220      0
80601    7047.800000 1046.492000  19.1660   0.0040   2.0810   0.0110   0.2210      0
80885    7071.905000 875.115000  20.6590   0.0110   1.9980   0.0290   0.2200      0
78949    6907.006000 1144.603000  18.4410   0.0040   1.5460   0.0060   0.2190      0
77754    6806.747000 954.903000  19.4620   0.0060   0.1070   0.0140   0.2190      0
78275    6850.823000 1116.706000  20.6840   0.0110   2.1240   0.0380   0.2190      0
79647    6964.244000 916.894000  18.7330   0.0170   1.8780   0.0210   0.2190      0
77562    6790.878000 1013.317000  18.3900   0.0030   2.1410   0.0090   0.2180      0
77620    6795.905000 952.771000  19.1910   0.0050   1.2700   0.0080   0.2180      0
79402    6944.775000 967.722000  19.4590   0.0070   1.8180   0.0150   0.2180      0
80343    7026.066000 940.477000  18.2020   0.0150   1.7360   0.0160   0.2180      0
79143    6923.680000 905.206000  19.0280   0.0050   0.2390   0.0090   0.2140      0
79639    6963.541000 1132.595000  18.0730   0.0080  -0.1030   0.0090   0.2130      0
79671    6966.113000 1070.365000  18.8460   0.0040   1.8720   0.0100   0.2070      0
79535    6955.235000 1021.229000  19.3290   0.0070   0.1170   0.0100   0.2070      0
77836    6813.547000 1048.912000  18.8560   0.0080   1.6450   0.0130   0.2060      0
77732    6804.759000 1087.986000  18.7770   0.0040   1.9100   0.0090   0.1980      0
80366    7028.248000 996.310000  18.8600   0.0050   1.8940   0.0090   0.1980      0
79239    6930.635000 1020.328000  20.5260   0.0120   0.3670   0.0190   0.1980      0
78203    6844.525000 896.156000  20.5160   0.0170   0.3750   0.0200   0.1980      0
80953    7077.554000 974.287000  19.1220   0.0040   2.0990   0.0080   0.1970      0
79004    6911.578000 804.420000  20.1170   0.0100   0.2800   0.0160   0.1970      0
79665    6965.522000 1055.918000  20.6160   0.0110   0.6240   0.0160   0.1970      0
78610    6879.046000 983.635000  20.5220   0.0120   0.4040   0.0210   0.1970      0
79946    6990.643000 929.769000  19.9900   0.0200   0.5590   0.0280   0.1970      0
79624    6962.177000 1018.292000  18.9050   0.0050   1.9560   0.0200   0.1950      0
79781    6976.195000 939.143000  20.5020   0.0140   0.5180   0.0290   0.1950      0
77123    6751.138000 919.912000  21.9030   0.0420   0.0820   0.0570   0.1950      0
79467    6949.549000 855.607000  19.2040   0.0040   2.1660   0.0160   0.1940      0
78646    6882.824000 1088.782000  20.1490   0.0190   0.2940   0.0200   0.1940      0
78045    6830.624000 839.708000  20.0500   0.0110   0.0550   0.0200   0.1930      0
77629    6796.632000 1075.203000  20.8250   0.0130   1.2570   0.0220   0.1930      0
79816    6978.604000 820.353000  19.2090   0.0050   1.3130   0.0470   0.1900      0
78960    6907.729000 1079.265000  20.0790   0.0080   0.3970   0.0110   0.1900      0
78811    6896.110000 949.415000  20.0100   0.0190   0.5660   0.0530   0.1900      0
78903    6903.395000 885.766000  20.3490   0.0110   0.3160   0.0140   0.1880      0
77996    6827.087000 790.348000  20.1800   0.0380   0.1520   0.0500   0.1880      0
79361    6940.828000 890.724000  19.7960   0.0070   0.4570   0.0250   0.1840      0
78463    6865.942000 1079.564000  20.6700   0.0100   0.9790   0.0160   0.1840      0
77486    6783.626000 860.176000  20.4910   0.0140   0.5510   0.0370   0.1840      0
78934    6905.543000 922.608000  20.2290   0.0140   0.7530   0.0210   0.1830      0
77919    6820.679000 998.793000  21.3440   0.0230   1.5770   0.0440   0.1820      0
78841    6899.050000 1012.539000  19.9930   0.0070   0.4300   0.0090   0.1810      0
79171    6925.139000 979.426000  17.2490   0.0030  -0.1790   0.0040   0.1790      0
79053    6915.932000 973.017000  19.1620   0.0050   1.4680   0.0190   0.1790      0
78359    6857.026000 861.612000  19.1120   0.0060  -0.1080   0.0100   0.1790      0
78129    6837.681000 833.517000  19.1670   0.0060   0.1710   0.0140   0.1790      0
78462    6865.837000 1102.438000  20.4060   0.0120   0.8680   0.0160   0.1790      0
77574    6792.036000 855.903000  20.9220   0.0180   0.2810   0.0220   0.1790      0
78674    6885.335000 1079.837000  17.4280   0.0040   2.1860   0.0060   0.1780      0
79627    6962.573000 1033.027000  20.0150   0.0070   1.3850   0.0150   0.1780      0
79930    6988.624000 901.494000  18.8620   0.0080   1.6360   0.0330   0.1780      0
79612    6961.228000 939.908000  19.3420   0.0100   0.0220   0.0120   0.1780      0
79868    6982.970000 1021.918000  18.0190   0.0060   3.5510   0.0180   0.1770      0
78943    6906.241000 1038.278000  17.7310   0.0040   3.3720   0.0090   0.1760      0
78591    6877.590000 889.127000  16.7130   0.0050   2.0260   0.0070   0.1760      0
78014    6828.031000 904.604000  18.9120   0.0050   1.5280   0.0180   0.1760      0
79528    6954.378000 1129.133000  20.4610   0.0110   0.1350   0.0150   0.1760      0
80937    7076.104000 944.143000  20.7150   0.0120   0.9480   0.0170   0.1760      0
80246    7015.825000 948.940000  20.8470   0.0150   0.2650   0.0170   0.1760      0
80560    7044.834000 996.094000  20.6740   0.0130   0.4430   0.0180   0.1750      0
78038    6829.760000 847.428000  19.9450   0.0140   0.0000   0.0220   0.1750      0
80984    7079.373000 897.795000  20.2230   0.0150   0.5180   0.0190   0.1750      0
80069    7000.331000 814.192000  19.9930   0.0180   0.0890   0.0190   0.1750      0
79423    6946.272000 837.015000  20.2630   0.0250   0.3460   0.0340   0.1750      0
76841    6727.140000 957.533000  20.7720   0.0120   0.3180   0.0140   0.1740      0
77990    6826.579000 1016.592000  17.6860   0.0030   2.2620   0.0200   0.1730      0
79242    6930.813000 955.370000  17.9140   0.0150   1.3370   0.0470   0.1730      0
78788    6894.644000 1090.546000  20.4620   0.0170   0.5240   0.0200   0.1730      0
76835    6726.856000 978.082000  18.5180   0.0040  -0.2000   0.0080   0.1720      0
79147    6923.743000 1011.620000  20.2030   0.0180   0.5140   0.0220   0.1720      0
77487    6783.690000 980.800000  20.6050   0.0170   0.5890   0.0210   0.1710      0
78115    6836.614000 1015.417000  20.1730   0.0180   0.3010   0.0230   0.1710      0
77384    6773.701000 889.235000  16.3080   0.0080   2.3400   0.0090   0.1700      0
80371    7028.391000 1039.339000  20.6200   0.0130   0.5350   0.0180   0.1700      0
80950    7077.397000 1001.583000  16.3740   0.0180   3.0720   0.0180   0.1700      0
79104    6920.642000 921.716000  19.4680   0.0410   0.1190   0.0540   0.1700      0
76987    6739.466000 878.257000  19.5750   0.0050   0.1330   0.0090   0.1690      0
78585    6877.205000 973.968000  17.6610   0.0040   2.3740   0.0060   0.1680      0
80167    7009.002000 821.383000  18.4810   0.0120   1.7240   0.0140   0.1670      0
79014    6912.459000 901.903000  17.5050   0.0040   2.1240   0.0150   0.1660      0
79922    6987.946000 993.447000  20.6900   0.0150   0.4350   0.0190   0.1660      0
79690    6967.787000 978.571000  20.9690   0.0250   0.1680   0.0510   0.1660      0
78502    6869.750000 1108.438000  20.1860   0.0070   0.4230   0.0090   0.1650      0
80355    7027.020000 865.175000  20.7980   0.0160   0.3360   0.0190   0.1650      0
80555    7044.396000 1037.604000  17.9670   0.0030   2.3720   0.0180   0.1640      0
80156    7007.802000 951.755000  19.3620   0.0060   0.2320   0.0080   0.1640      0
77452    6780.510000 1088.051000  21.4350   0.0210   1.1060   0.0360   0.1640      0
78349    6856.663000 776.721000  17.2820   0.0030   2.4840   0.0090   0.1630      0
78318    6854.482000 984.356000  20.8830   0.0200   0.4460   0.0270   0.1630      0
78947    6906.777000 1137.492000  20.3960   0.0220   0.0880   0.0260   0.1630      0
79129    6922.891000 990.017000  20.0390   0.0240   0.5600   0.0280   0.1630      0
79061    6916.718000 787.465000  18.2400   0.0030  -0.2040   0.0040   0.1620      0
77490    6783.947000 1022.548000  18.5190   0.0030   0.1570   0.0040   0.1620      0
77801    6810.844000 869.405000  18.9330   0.0030   0.1720   0.0050   0.1620      0
78307    6853.458000 1096.890000  20.4510   0.0110   0.4640   0.0150   0.1620      0
80784    7061.883000 1001.273000  17.1440   0.0020  -0.0920   0.0030   0.1600      0
79562    6957.066000 849.132000  19.3920   0.0140  -0.0100   0.0280   0.1600      0
78157    6840.050000 879.565000  20.4410   0.0230   0.8020   0.0260   0.1590      0
78682    6885.998000 924.373000  20.2880   0.0330   1.4500   0.0480   0.1590      0
78528    6872.792000 831.093000  18.4510   0.0040   0.0220   0.0050   0.1580      0
78466    6866.220000 780.675000  17.4420   0.0030   1.8710   0.0090   0.1570      0
78266    6850.382000 996.957000  18.7550   0.0080   1.5050   0.0130   0.1570      0
77155    6753.284000 927.362000  20.3600   0.0120   0.5230   0.0170   0.1570      0
78735    6889.890000 962.797000  20.9440   0.0210   1.3290   0.0450   0.1570      0
79807    6978.096000 969.245000  20.0990   0.0140   0.4130   0.0190   0.1560      0
77098    6749.413000 990.812000  20.2920   0.0210  -0.0710   0.0240   0.1560      0
77171    6755.085000 1047.805000  20.5240   0.0100   0.2900   0.0130   0.1550      0
79000    6911.303000 1018.883000  20.0460   0.0090   1.5080   0.0230   0.1530      0
79387    6943.343000 905.367000  17.9420   0.0150   1.9530   0.0200   0.1520      0
77900    6819.370000 935.079000  17.8640   0.0040  -0.1370   0.0050   0.1510      0
79870    6982.999000 978.479000  18.9850   0.0040   1.7760   0.0120   0.1510      0
78632    6881.516000 1015.042000  19.8660   0.0070   1.2430   0.0110   0.1510      0
77857    6815.861000 969.430000  20.2100   0.0320   0.2220   0.0350   0.1510      0
79371    6941.623000 1047.551000  19.5260   0.0070   1.5840   0.0160   0.1500      0
78422    6862.937000 1087.484000  21.2350   0.0150   0.4860   0.0210   0.1500      0
80743    7059.074000 888.776000  21.4110   0.0240   1.1180   0.0380   0.1500      0
77348    6771.703000 900.465000  18.8840   0.0050   0.1320   0.0060   0.1490      0
80290    7021.540000 874.734000  19.5590   0.0050   0.0100   0.0060   0.1490      0
78154    6839.829000 1008.185000  19.2870   0.0050   2.0250   0.0120   0.1490      0
77238    6760.715000 889.586000  18.5360   0.0090   1.8730   0.0110   0.1490      0
79674    6966.355000 878.668000  20.6280   0.0150   0.5190   0.0200   0.1490      0
79102    6920.531000 1133.075000  20.8710   0.0180   0.5720   0.0450   0.1490      0
79574    6958.043000 982.987000  21.1800   0.0220   0.5380   0.0340   0.1490      0
79305    6936.162000 819.840000  21.1930   0.0300   0.7530   0.0390   0.1490      0
77925    6821.349000 851.200000  20.5820   0.0110   0.6090   0.0160   0.1480      0
77233    6760.355000 954.016000  20.4190   0.0120   0.1800   0.0140   0.1480      0
80000    6994.975000 1004.523000  21.3540   0.0200   0.1940   0.0440   0.1480      0
77540    6788.454000 890.282000  21.1220   0.0340   0.7220   0.0380   0.1480      0
77721    6803.849000 872.346000  20.7300   0.0110   1.1710   0.0230   0.1470      0
78338    6855.996000 833.055000  20.2620   0.0130  -0.0890   0.0260   0.1470      0
80148    7007.034000 797.855000  21.5210   0.0240   0.7910   0.0350   0.1470      0
77622    6796.345000 925.755000  19.0550   0.0040   1.3180   0.0090   0.1460      0
79557    6956.871000 938.609000  20.1650   0.0220   0.0630   0.0280   0.1460      0
77357    6772.468000 915.117000  20.5010   0.0230   0.4230   0.0390   0.1460      0
78847    6899.846000 905.548000  20.2440   0.0300   0.1540   0.0560   0.1460      0
78812    6896.160000 866.331000  21.3360   0.0310   0.8010   0.0370   0.1460      0
78287    6851.806000 901.788000  19.7150   0.0330   1.0720   0.0440   0.1460      0
80288    7021.378000 888.903000  20.4500   0.0480   0.1190   0.0520   0.1460      0
79175    6925.565000 821.701000  20.7580   0.0130   0.2840   0.0160   0.1450      0
79332    6938.894000 846.300000  21.1670   0.0200   0.5670   0.0260   0.1450      0
79144    6923.682000 869.820000  20.8470   0.0260   0.2460   0.0290   0.1450      0
79003    6911.362000 883.012000  18.8320   0.0040   0.0780   0.0050   0.1440      0
78511    6870.558000 856.968000  18.6760   0.0150   1.8520   0.0170   0.1440      0
77765    6807.398000 930.575000  17.8660   0.0190   0.0670   0.0220   0.1440      0
77442    6778.871000 993.408000  21.2090   0.0220   0.7770   0.0360   0.1440      0
77883    6817.941000 824.930000  21.0740   0.0260   0.7170   0.0310   0.1440      0
78464    6865.965000 1126.936000  21.9000   0.0390   1.6310   0.0910   0.1440      0
78391    6859.544000 885.811000  21.3350   0.0560   1.5160   0.0810   0.1440      0
79775    6975.869000 931.127000  19.2190   0.0190   0.0710   0.0230   0.1430      0
80253    7017.093000 991.489000  20.6650   0.0150   0.4230   0.0180   0.1420      0
78073    6833.481000 1025.214000  21.0620   0.0160   1.4390   0.0550   0.1420      0
80327    7024.649000 1021.109000  21.3240   0.0220   0.7460   0.0320   0.1420      0
79336    6939.038000 990.691000  21.2110   0.0220   0.4970   0.0340   0.1420      0
80612    7048.637000 843.923000  21.1330   0.0290   0.5170   0.0380   0.1420      0
80988    7079.738000 952.569000  21.9750   0.0320   1.5190   0.0830   0.1420      0
78822    6897.336000 959.171000  20.8090   0.0130   1.7370   0.0870   0.1410      0
77592    6793.845000 998.096000  20.8610   0.0150   0.6120   0.0450   0.1410      0
79426    6946.426000 1000.864000  21.1120   0.0240   0.6760   0.0350   0.1410      0
78989    6910.227000 849.019000  21.1240   0.0260   0.7670   0.0590   0.1410      0
80362    7027.849000 891.583000  19.3600   0.0050   2.0190   0.0140   0.1400      0
78458    6865.612000 1031.960000  21.4870   0.0220   0.8880   0.0330   0.1400      0
77283    6765.508000 1082.623000  21.4820   0.0230   1.0760   0.0350   0.1400      0
77285    6765.599000 860.407000  21.9610   0.0330   1.3480   0.0690   0.1400      0
77695    6801.496000 1098.967000  21.9720   0.0330   1.3970   0.0730   0.1400      0
79889    6984.775000 830.713000  21.2770   0.0160   0.2790   0.0280   0.1390      0
79717    6970.056000 809.161000  21.4450   0.0200   1.1600   0.0330   0.1390      0
77577    6792.601000 884.297000  21.3590   0.0210   1.0840   0.0300   0.1390      0
77651    6797.811000 827.172000  21.4880   0.0230   0.8860   0.0350   0.1390      0
77006    6740.996000 971.671000  21.0900   0.0320   0.6830   0.0370   0.1390      0
78709    6887.936000 969.726000  20.0670   0.0080   0.7030   0.0170   0.1380      0
78149    6839.658000 885.013000  21.3760   0.0390   0.7880   0.0460   0.1380      0
78948    6906.829000 1086.500000  20.9250   0.0760   0.1710   0.0780   0.1380      0
79515    6953.484000 900.281000  17.8010   0.0030  -0.1680   0.0040   0.1370      0
77533    6787.708000 1098.444000  20.9680   0.0180   0.9280   0.0260   0.1370      0
78449    6864.939000 1093.811000  21.3190   0.0200   0.8100   0.0300   0.1370      0
79724    6970.976000 1067.757000  20.3350   0.0210   0.2880   0.0240   0.1370      0
78997    6910.888000 827.831000  21.4930   0.0230   0.8910   0.0330   0.1370      0
77959    6824.123000 912.045000  21.5030   0.0290   0.7670   0.0420   0.1370      0
77762    6807.255000 964.786000  20.4630   0.0310   0.1540   0.0330   0.1370      0
80852    7067.744000 884.279000  21.0790   0.0410   0.9000   0.0440   0.1370      0
78407    6861.131000 1135.498000  21.3580   0.0200   1.0760   0.0300   0.1360      0
77242    6760.791000 929.244000  21.4900   0.0230   0.8910   0.0350   0.1360      0
77939    6822.445000 1007.111000  21.1140   0.0240   0.6690   0.0430   0.1360      0
80147    7007.024000 815.251000  21.4870   0.0290   0.5550   0.0400   0.1360      0
80488    7037.908000 1045.596000  18.6460   0.0040   0.1870   0.0050   0.1350      0
78843    6899.639000 855.185000  20.1090   0.0100   0.6280   0.0120   0.1350      0
78295    6852.507000 1063.985000  21.9510   0.0360   1.3210   0.0660   0.1350      0
77597    6794.143000 850.637000  21.0670   0.0450   0.8850   0.0510   0.1350      0
77596    6794.083000 1058.233000  21.5300   0.0300   0.7690   0.0380   0.1340      0
78208    6845.074000 1106.570000  22.0360   0.0350   0.3210   0.0550   0.1340      0
77483    6783.382000 867.666000  21.1660   0.0190   0.5940   0.0280   0.1330      0
77149    6752.817000 868.427000  21.9620   0.0280   1.2780   0.0740   0.1330      0
79951    6990.837000 934.336000  18.9260   0.0090   1.8010   0.0420   0.1320      0
78603    6878.633000 790.358000  20.3760   0.0120  -0.0460   0.0240   0.1320      0
80990    7079.842000 929.673000  20.9960   0.0200   0.9030   0.0270   0.1320      0
79941    6990.377000 1006.448000  21.0580   0.0200   0.5100   0.0380   0.1320      0
78890    6902.648000 804.532000  21.8840   0.0280   0.8110   0.0430   0.1320      0
76960    6736.944000 990.470000  21.9480   0.0320   1.2630   0.0590   0.1320      0
78337    6855.981000 932.433000  20.5330   0.0380   0.7740   0.0490   0.1320      0
78842    6899.116000 861.351000  21.3810   0.0390   0.8000   0.0470   0.1320      0
79716    6970.004000 1090.778000  21.1060   0.0200   0.6420   0.0270   0.1310      0
77488    6783.888000 1058.132000  20.5460   0.0330   0.7730   0.0390   0.1310      0
79814    6978.499000 1044.676000  19.0230   0.0070   0.0130   0.0080   0.1300      0
79437    6947.129000 820.005000  18.4680   0.0080  -0.1950   0.0250   0.1300      0
80115    7004.486000 1106.448000  21.2080   0.0160   0.6310   0.0260   0.1300      0
77370    6773.168000 1085.656000  20.6040   0.0170   0.6750   0.0200   0.1300      0
80006    6995.564000 1092.862000  21.1020   0.0190   0.8270   0.0430   0.1300      0
77495    6784.267000 951.727000  21.0540   0.0240   0.6970   0.0310   0.1300      0
80251    7016.440000 1074.133000  20.0510   0.0090   0.4570   0.0120   0.1290      0
78981    6908.972000 876.409000  20.4350   0.0130   0.3960   0.0160   0.1290      0
77630    6796.642000 1046.822000  21.4350   0.0230   1.0500   0.0380   0.1290      0
79636    6963.437000 836.657000  21.4890   0.0240   0.6090   0.0480   0.1290      0
78782    6894.322000 1134.849000  21.4780   0.0320   0.8160   0.0420   0.1290      0
80023    6997.206000 855.191000  21.9370   0.0350   1.2940   0.0750   0.1290      0
78078    6833.790000 991.955000  19.6620   0.0070   0.1560   0.0110   0.1280      0
78081    6833.942000 792.155000  20.5000   0.0150   0.0340   0.0230   0.1280      0
77926    6821.623000 989.528000  19.4190   0.0040   2.0620   0.0160   0.1270      0
80714    7056.214000 1062.682000  20.5740   0.0090   0.5110   0.0130   0.1270      0
79224    6929.099000 1042.835000  21.0660   0.0200   0.8350   0.0280   0.1270      0
77161    6754.143000 1019.075000  21.4010   0.0210   0.7920   0.0320   0.1270      0
79142    6923.640000 1140.695000  21.0890   0.0250   0.8580   0.0310   0.1270      0
77325    6769.663000 966.015000  22.5050   0.0460   1.1590   0.0980   0.1270      0
79320    6938.166000 1006.873000  18.7960   0.0060   1.5330   0.0290   0.1260      0
80900    7073.066000 989.987000  19.9390   0.0090   2.0200   0.0200   0.1260      0
78924    6904.676000 1045.939000  20.8610   0.0150   0.8680   0.0210   0.1260      0
79384    6943.290000 1017.402000  21.4940   0.0220   0.9060   0.0400   0.1260      0
79219    6928.838000 1115.130000  21.3990   0.0320   1.0500   0.0510   0.1260      0
79772    6975.574000 1072.534000  18.8940   0.0040   0.0110   0.0050   0.1250      0
79302    6936.128000 870.189000  19.1080   0.0190   1.5580   0.0410   0.1250      0
79487    6951.398000 996.158000  20.4820   0.0110   0.3180   0.0140   0.1240      0
78697    6887.387000 1067.661000  20.0200   0.0150   0.3340   0.0160   0.1240      0
79230    6929.483000 859.407000  20.0580   0.0190   0.2790   0.0200   0.1240      0
78224    6846.823000 803.932000  21.7460   0.0270   1.5780   0.0700   0.1240      0
79851    6981.818000 839.451000  21.4810   0.0250   1.0520   0.0380   0.1230      0
77768    6807.682000 896.468000  21.5190   0.0260   0.7290   0.0440   0.1230      0
77088    6748.297000 851.606000  21.8820   0.0310   1.1690   0.0600   0.1230      0
80620    7049.312000 859.893000  21.1690   0.0320   0.6900   0.0380   0.1230      0
78166    6840.766000 919.020000  21.5030   0.0330   0.8730   0.0420   0.1230      0
80139    7006.485000 939.828000  21.8860   0.0360   0.8110   0.0490   0.1230      0
77329    6770.070000 1036.600000  21.2790   0.0410   0.1890   0.0620   0.1230      0
80859    7068.408000 1024.862000  20.3300   0.0570   0.7590   0.0580   0.1230      0
78830    6898.051000 974.593000  20.1680   0.0120   0.4020   0.0430   0.1220      0
78177    6841.626000 1091.272000  21.1530   0.0170   1.7170   0.0420   0.1220      0
78512    6870.572000 1061.243000  21.5530   0.0200   0.7880   0.0340   0.1220      0
79527    6954.273000 887.600000  21.2340   0.0220   0.7770   0.0380   0.1220      0
77366    6772.965000 1049.486000  21.4500   0.0230   0.5580   0.0570   0.1220      0
79654    6964.724000 1040.148000  21.9180   0.0320   1.2240   0.0800   0.1220      0
78075    6833.618000 808.894000  21.9680   0.0360   0.4580   0.0470   0.1220      0
78899    6903.183000 965.554000  20.8540   0.0380   0.3100   0.0540   0.1220      0
78413    6861.803000 936.529000  20.0880   0.0460   0.9910   0.0480   0.1220      0
78236    6847.680000 1007.904000  21.4060   0.0200   0.9510   0.0340   0.1210      0
80614    7048.850000 1066.621000  22.0020   0.0340   1.2950   0.0630   0.1210      0
79521    6953.770000 860.660000  20.0290   0.0110   0.3840   0.0150   0.1200      0
79666    6965.575000 823.054000  20.7270   0.0160   0.8000   0.0220   0.1200      0
80476    7036.949000 1028.439000  21.1850   0.0180   0.6830   0.0280   0.1200      0
79360    6940.784000 938.122000  20.4330   0.0200  -0.0470   0.0500   0.1200      0
77933    6821.945000 1061.696000  20.9380   0.0210   0.3070   0.0280   0.1200      0
78825    6897.736000 882.847000  20.5450   0.0220   0.5180   0.0260   0.1200      0
79364    6940.982000 917.375000  19.0860   0.0230   0.4210   0.0350   0.1200      0
77468    6782.054000 831.034000  21.4130   0.0480   0.8070   0.0550   0.1200      0
79057    6916.352000 778.186000  21.0190   0.0650   0.8370   0.0720   0.1200      0
78574    6876.537000 1113.604000  21.8970   0.1000   0.2360   0.1040   0.1200      0
79137    6923.430000 1064.766000  21.3430   0.0150   1.1480   0.0320   0.1190      0
78418    6862.366000 841.852000  21.0730   0.0320   0.6070   0.0410   0.1190      0
80341    7025.914000 1079.404000  21.3140   0.0340   0.8110   0.0500   0.1190      0
78375    6858.244000 990.992000  21.8870   0.0340   0.8280   0.0570   0.1190      0
78376    6858.301000 954.801000  20.8760   0.0140   0.8180   0.0210   0.1180      0
80071    7000.549000 1024.656000  21.4860   0.0250   0.6530   0.0450   0.1180      0
78785    6894.475000 800.825000  21.0390   0.0290   0.6980   0.0360   0.1180      0
77993    6826.715000 1113.716000  21.5020   0.0310   1.0980   0.0390   0.1180      0
80365    7028.244000 907.730000  21.8740   0.0360   0.8020   0.0550   0.1180      0
77193    6757.022000 857.379000  22.5100   0.0530   1.0920   0.0900   0.1180      0
78212    6846.012000 891.162000  19.2080   0.0060   1.8040   0.0130   0.1170      0
78827    6897.767000 1120.034000  19.8610   0.0080   0.0990   0.0090   0.1170      0
77204    6758.038000 962.682000  20.8090   0.0240   0.5450   0.0260   0.1170      0
78086    6834.051000 868.934000  21.9210   0.0350   1.1420   0.0550   0.1170      0
80533    7042.277000 1078.710000  22.4730   0.0470   1.1620   0.0940   0.1170      0
76762    6720.942000 922.334000  22.4960   0.0560   1.2700   0.0940   0.1170      0
79607    6960.576000 961.141000  21.4200   0.0230   0.9210   0.0460   0.1160      0
79410    6945.309000 986.246000  21.9250   0.0360   1.1830   0.0900   0.1160      0
79606    6960.358000 802.545000  21.9140   0.0440   1.1660   0.0670   0.1160      0
79856    6982.288000 803.844000  20.8010   0.0120   0.5440   0.0180   0.1150      0
79090    6919.435000 875.543000  21.4030   0.0260   0.9570   0.0350   0.1150      0
79802    6977.376000 1084.079000  21.4930   0.0270   1.1850   0.0440   0.1150      0
80691    7054.667000 956.360000  21.9060   0.0410   0.8090   0.0550   0.1150      0
80196    7011.482000 922.622000  21.4360   0.0540   0.7760   0.0660   0.1150      0
80114    7004.476000 903.436000  21.1710   0.0170   1.1290   0.0380   0.1140      0
77845    6814.411000 916.013000  21.4320   0.0230   0.8950   0.0450   0.1140      0
80455    7035.742000 852.061000  21.8600   0.0280   1.1070   0.0490   0.1140      0
78980    6908.940000 1108.280000  21.8950   0.0310   0.7320   0.0500   0.1140      0
78454    6865.443000 819.485000  21.2530   0.0320   0.4900   0.0430   0.1140      0
79824    6979.245000 917.368000  20.2280   0.0380   1.0990   0.0490   0.1140      0
80550    7044.061000 919.007000  22.4990   0.0530   1.3100   0.1060   0.1140      0
79958    6991.664000 1115.111000  18.6140   0.0100   0.0370   0.0120   0.1130      0
78996    6910.857000 994.366000  21.4150   0.0310   0.9330   0.0470   0.1130      0
80158    7007.988000 839.237000  20.4550   0.0090   1.8710   0.0220   0.1120      0
80670    7053.430000 1041.172000  20.6890   0.0150   0.0980   0.0220   0.1120      0
78736    6889.927000 915.709000  20.8880   0.0210   1.1750   0.0560   0.1120      0
77984    6826.150000 834.502000  21.3750   0.0300   0.8520   0.0470   0.1120      0
78867    6901.235000 1054.462000  21.9270   0.0460   1.1730   0.0780   0.1120      0
79793    6976.864000 880.788000  21.7160   0.0720   1.7110   0.0930   0.1120      0
76794    6723.128000 935.084000  20.4100   0.0100   0.5790   0.0130   0.1110      0
78598    6878.166000 1126.550000  20.5160   0.0120   0.1450   0.0140   0.1110      0
76983    6738.921000 957.419000  20.3170   0.0140   0.1330   0.0160   0.1110      0
79935    6989.159000 985.815000  20.7720   0.0150   1.0480   0.0250   0.1110      0
77037    6743.814000 913.018000  21.3630   0.0190   1.0330   0.0360   0.1110      0
77351    6771.907000 848.812000  21.0960   0.0210   1.1590   0.0570   0.1110      0
79619    6961.727000 870.091000  21.8570   0.0270   1.1380   0.0640   0.1110      0
77165    6754.359000 1067.233000  18.6460   0.0070   1.5770   0.0150   0.1090      0
79399    6944.535000 977.009000  20.9430   0.0170   0.7820   0.0330   0.1090      0
79920    6987.893000 1043.505000  21.2260   0.0180   0.6030   0.0270   0.1090      0
80399    7031.167000 1078.446000  20.8840   0.0270   0.3980   0.0330   0.1090      0
77657    6798.041000 859.433000  21.3240   0.0210   0.5310   0.0300   0.1080      0
79035    6914.361000 1096.772000  21.4750   0.0250   0.6790   0.0410   0.1080      0
78553    6874.681000 1014.631000  21.0420   0.0140   0.6390   0.0220   0.1070      0
77558    6790.551000 878.617000  22.4680   0.0530   1.3230   0.0980   0.1070      0
78256    6849.464000 939.760000  22.1140   0.0330   1.8240   0.1230   0.1060      0
77226    6759.703000 1028.101000  22.5860   0.0830   1.3140   0.1250   0.1060      0
77496    6784.530000 810.385000  19.6500   0.0080  -0.0410   0.0200   0.1050      0
77514    6785.977000 945.002000  20.4960   0.0220   0.2650   0.0260   0.1050      0
79051    6915.725000 1115.958000  20.6760   0.0300   0.5880   0.0320   0.1050      0
77740    6805.856000 1074.511000  20.6780   0.0410   0.6030   0.0430   0.1050      0
79083    6918.772000 1080.062000  19.8790   0.0130  -0.1180   0.0230   0.1040      0
78232    6847.368000 1068.141000  21.0580   0.0140   0.2340   0.0190   0.1040      0
79290    6935.533000 888.067000  21.3620   0.0210   0.8670   0.0570   0.1040      0
79723    6970.765000 842.772000  21.2510   0.0220   0.4090   0.0310   0.1040      0
80750    7059.388000 1028.427000  21.7730   0.0290   1.4550   0.0640   0.1040      0
79645    6964.068000 811.636000  22.1130   0.0340   1.4830   0.0740   0.1040      0
78200    6844.028000 957.471000  21.3420   0.0210   0.5320   0.0340   0.1030      0
79108    6920.883000 862.234000  21.8460   0.0350   1.1810   0.0590   0.1030      0
77834    6813.476000 1106.668000  22.5350   0.0540   1.0310   0.0890   0.1030      0
81130    7092.615000 965.864000  20.9370   0.0130   0.6170   0.0180   0.1020      0
78796    6895.238000 1060.221000  22.1310   0.0430   1.5430   0.0950   0.1020      0
77826    6812.613000 1004.265000  20.8890   0.0170   0.7880   0.0260   0.1010      0
79347    6940.162000 789.766000  21.0110   0.0190   0.4240   0.0400   0.1010      0
77453    6780.518000 931.688000  21.2140   0.0260   1.0780   0.0350   0.1010      0
78425    6863.047000 1070.272000  22.0130   0.0330   1.2240   0.0500   0.1010      0
78039    6829.768000 1095.437000  20.8030   0.0380   0.3710   0.0400   0.1010      0
79484    6951.188000 1065.751000  21.3830   0.0770   0.1310   0.0800   0.1010      0
78003    6827.435000 920.057000  20.7240   0.0130   0.2820   0.0160   0.1000      0
77561    6790.734000 1084.666000  20.7330   0.0180   0.7150   0.0310   0.1000      0
81092    7089.753000 946.523000  21.4650   0.0230   0.9540   0.0330   0.1000      0
77187    6756.645000 873.557000  20.2120   0.0270   0.5840   0.0280   0.1000      0
79157    6924.056000 1049.988000  21.9090   0.0290   0.9140   0.0630   0.1000      0
78707    6887.902000 1108.153000  22.8270   0.0570   1.8750   0.1780   0.1000      0
79779    6976.046000 1013.681000  22.6130   0.0580   1.1900   0.1100   0.1000      0
78221    6846.738000 826.128000  21.7630   0.0850   0.2830   0.0880   0.1000      0
77821    6812.346000 1023.580000  21.6570   0.0240   0.8830   0.0360   0.0990      0
80323    7024.320000 818.296000  20.3420   0.0260   0.4360   0.0360   0.0990      0
80633    7050.776000 884.781000  21.5630   0.0300   0.7320   0.0380   0.0990      0
80211    7012.407000 1040.211000  22.5450   0.0630   1.4910   0.1390   0.0990      0
80120    7005.073000 846.292000  22.8930   0.0780   1.7260   0.1870   0.0990      0
77741    6805.861000 1064.428000  22.1980   0.0380   1.1300   0.0670   0.0980      0
78077    6833.788000 875.608000  21.4800   0.0200   1.3110   0.0470   0.0970      0
79853    6981.917000 1034.510000  21.2970   0.0230   0.7390   0.0330   0.0970      0
80869    7069.530000 894.198000  21.4200   0.0300   0.4920   0.0440   0.0970      0
80570    7045.475000 1053.453000  22.0580   0.0410   0.5030   0.0530   0.0970      0
80978    7078.987000 965.338000  22.4190   0.0550   1.4320   0.1030   0.0970      0
80199    7011.577000 1103.730000  22.1060   0.0560   1.7160   0.1810   0.0970      0
79468    6949.558000 787.846000  21.6420   0.0230   1.1940   0.0610   0.0960      0
78900    6903.247000 1019.882000  21.5610   0.0290   0.8030   0.0470   0.0960      0
78904    6903.407000 1071.118000  21.8770   0.0330   0.6730   0.0450   0.0960      0
80696    7055.111000 1049.264000  22.2190   0.0410   1.1690   0.0710   0.0960      0
77169    6754.805000 999.986000  22.4270   0.0520   1.1890   0.0990   0.0960      0
78130    6837.731000 912.939000  20.8260   0.0160   0.9120   0.0230   0.0950      0
80164    7008.523000 892.835000  21.0070   0.0170   0.5090   0.0350   0.0950      0
77250    6762.085000 980.867000  20.7780   0.0310   0.6130   0.0350   0.0950      0
78821    6897.279000 938.926000  20.3670   0.0330   0.4770   0.0610   0.0950      0
79260    6932.056000 1065.824000  21.9070   0.0370   0.9110   0.0590   0.0950      0
79146    6923.729000 794.247000  21.2260   0.0420   0.8240   0.0580   0.0950      0
77154    6753.143000 855.489000  22.2250   0.0420   1.7360   0.1870   0.0950      0
78791    6894.876000 784.514000  20.9030   0.0520   0.3830   0.0560   0.0950      0
78372    6857.967000 849.503000  21.6830   0.0340   0.8870   0.0490   0.0940      0
78072    6833.435000 949.281000  21.5160   0.0390   0.5530   0.0470   0.0940      0
80446    7034.944000 916.250000  22.2280   0.0400   1.1530   0.0800   0.0940      0
78186    6842.539000 1114.329000  21.7470   0.0420   0.3730   0.0650   0.0940      0
80680    7054.099000 1068.949000  22.1950   0.0420   1.1720   0.0750   0.0940      0
76966    6737.212000 935.832000  22.3400   0.0450   0.9410   0.0670   0.0940      0
76936    6734.840000 1026.423000  20.9240   0.0460   0.4410   0.0550   0.0940      0
79267    6933.136000 897.223000  21.2970   0.0490   0.4560   0.0710   0.0940      0
78176    6841.570000 1056.438000  21.6940   0.0310   0.9160   0.0490   0.0930      0
78918    6904.433000 1064.786000  22.1440   0.0350   1.3480   0.0740   0.0930      0
80915    7074.029000 912.265000  22.1900   0.0430   1.1730   0.0770   0.0930      0
78226    6846.916000 1133.011000  19.1130   0.0040   1.7950   0.0160   0.0920      0
79166    6924.856000 1086.987000  19.5520   0.0070   1.8560   0.0140   0.0920      0
78734    6889.857000 887.845000  20.9400   0.0290   0.7960   0.0400   0.0920      0
78617    6879.520000 819.248000  21.8870   0.0320   1.3960   0.0750   0.0920      0
79735    6972.077000 1029.248000  19.7590   0.0070   0.2520   0.0100   0.0910      0
78615    6879.330000 1036.691000  20.0410   0.0200   0.1340   0.0340   0.0910      0
78673    6885.145000 812.941000  21.6860   0.0250   1.3410   0.0560   0.0910      0
76797    6723.472000 1010.444000  21.9080   0.0270   0.9540   0.0480   0.0910      0
78582    6876.910000 864.117000  22.0080   0.0410   1.2030   0.0760   0.0910      0
77849    6815.167000 1084.233000  22.5810   0.0570   1.6360   0.1260   0.0910      0
78240    6848.180000 1014.573000  22.4480   0.0900   0.9930   0.1170   0.0910      0
79609    6960.786000 880.029000  20.7070   0.0150   0.5000   0.0240   0.0900      0
78406    6861.104000 1108.242000  20.8760   0.0180   0.6720   0.0220   0.0900      0
78271    6850.683000 812.750000  21.6730   0.0250   1.0750   0.0450   0.0900      0
80390    7030.320000 927.143000  21.6800   0.0340   0.9420   0.0660   0.0900      0
78755    6891.448000 938.275000  20.5670   0.0370   0.8220   0.0510   0.0900      0
80170    7009.271000 1045.783000  22.2190   0.0370   1.0490   0.0700   0.0900      0
79763    6975.019000 798.286000  22.1740   0.0370   1.3750   0.0850   0.0900      0
78278    6851.287000 1086.238000  22.3200   0.0400   0.9280   0.0720   0.0900      0
78638    6882.166000 1050.433000  21.6430   0.0500   0.4220   0.0600   0.0900      0
79439    6947.304000 1041.450000  22.4360   0.0910   0.9990   0.1220   0.0900      0
77729    6804.583000 984.209000  21.2060   0.0210   0.9940   0.0330   0.0890      0
78910    6903.727000 872.592000  21.0250   0.0220   0.3840   0.0260   0.0890      0
79821    6978.900000 865.476000  20.6870   0.0280   0.7880   0.0370   0.0890      0
79373    6941.985000 1116.180000  21.6790   0.0310   1.2320   0.0520   0.0890      0
79411    6945.354000 955.645000  20.0580   0.0380   0.7300   0.0510   0.0890      0
79667    6965.838000 1082.743000  22.1430   0.0380   0.6580   0.0600   0.0890      0
80137    7006.231000 1115.122000  20.9950   0.0390   0.5210   0.0440   0.0890      0
80822    7065.008000 979.081000  21.9110   0.0400   0.5080   0.0540   0.0890      0
78849    6899.998000 770.600000  22.4970   0.0480   2.0910   0.2060   0.0890      0
77829    6812.944000 961.296000  20.9470   0.0150   0.6970   0.0320   0.0880      0
78179    6841.880000 1067.271000  21.6410   0.0220   1.0860   0.0520   0.0880      0
81027    7083.812000 935.315000  20.8160   0.0430   0.4020   0.0450   0.0880      0
80720    7056.622000 985.467000  21.8980   0.0470   1.0180   0.0710   0.0880      0
80585    7046.683000 980.456000  22.3420   0.0470   0.4820   0.0740   0.0880      0
79838    6980.573000 785.159000  22.4490   0.0490   1.5520   0.1020   0.0880      0
78213    6846.082000 922.570000  21.8910   0.0510   1.0360   0.0690   0.0880      0
77988    6826.391000 949.102000  22.4070   0.0720   0.8890   0.1010   0.0880      0
79541    6955.640000 1036.680000  21.0830   0.0140   0.4620   0.0200   0.0870      0
79221    6928.984000 1030.167000  20.7880   0.0180   0.7000   0.0220   0.0870      0
80273    7019.165000 833.172000  21.1360   0.0180   1.0000   0.0280   0.0870      0
78293    6852.189000 841.352000  21.3030   0.0180   0.4330   0.0420   0.0870      0
80767    7061.010000 949.139000  21.2790   0.0220   0.9910   0.0290   0.0870      0
78766    6892.737000 1075.750000  21.1390   0.0350   0.9030   0.0550   0.0870      0
77642    6797.199000 854.580000  22.4060   0.0580   1.0820   0.1000   0.0870      0
80243    7015.625000 962.477000  21.6440   0.0270   0.9430   0.0470   0.0860      0
78806    6896.049000 812.418000  22.6430   0.0570   1.5920   0.1210   0.0860      0
79978    6993.197000 835.421000  19.8370   0.0080   0.1720   0.0100   0.0850      0
78030    6828.907000 1066.013000  21.2730   0.0160   0.9450   0.0290   0.0850      0
78713    6888.201000 1003.487000  21.4990   0.0250   1.0080   0.0450   0.0850      0
79799    6977.157000 992.759000  22.0900   0.0390   1.3310   0.0710   0.0850      0
78702    6887.688000 1052.382000  22.0860   0.0430   0.7010   0.0770   0.0850      0
77985    6826.229000 875.516000  22.3370   0.0490   1.4520   0.0940   0.0850      0
77777    6808.497000 905.069000  22.2210   0.0490   1.2340   0.0980   0.0850      0
80407    7031.979000 902.024000  22.3680   0.0520   0.8220   0.0760   0.0850      0
79657    6964.808000 796.454000  22.5690   0.1210   1.0300   0.1530   0.0850      0
80425    7033.268000 871.877000  21.7310   0.0300   0.6240   0.0450   0.0840      0
77542    6788.897000 962.199000  21.8220   0.0390   0.8320   0.0490   0.0840      0
78583    6877.075000 1052.635000  21.4080   0.0480   0.5610   0.0580   0.0840      0
80668    7053.223000 936.933000  21.2550   0.0190   0.8300   0.0300   0.0830      0
80091    7002.512000 1058.039000  21.5920   0.0210   0.7470   0.0300   0.0830      0
77714    6803.149000 904.310000  21.6150   0.0210   1.1070   0.0430   0.0830      0
80453    7035.646000 861.826000  22.0640   0.0340   0.7360   0.0490   0.0830      0
77261    6763.098000 1013.326000  21.8270   0.0360   1.0890   0.0580   0.0830      0
79271    6933.538000 928.831000  19.2470   0.0390  -0.0460   0.0610   0.0830      0
79553    6956.689000 967.289000  21.6750   0.0390   0.8560   0.0620   0.0830      0
79054    6916.036000 962.202000  18.4790   0.0510   1.3960   0.0590   0.0830      0
76950    6736.084000 998.373000  22.8130   0.0660   1.6660   0.1760   0.0830      0
77017    6741.832000 941.761000  22.4550   0.0670   0.8640   0.0860   0.0830      0
77142    6752.527000 931.390000  21.8270   0.0720   0.8350   0.0900   0.0830      0
77141    6752.362000 911.690000  20.6270   0.0110   0.2280   0.0150   0.0820      0
78728    6889.325000 975.869000  20.9360   0.0190   0.6600   0.0360   0.0820      0
78535    6873.355000 876.616000  20.8740   0.0260   0.7980   0.0430   0.0820      0
77881    6817.858000 944.187000  20.7970   0.0320   0.9180   0.0380   0.0820      0
80145    7006.821000 871.275000  22.1810   0.0460   0.3450   0.0590   0.0820      0
78532    6873.028000 804.495000  21.6930   0.0280   1.0860   0.0600   0.0810      0
79258    6931.927000 806.481000  21.9390   0.0320   0.9850   0.0520   0.0810      0
80509    7040.480000 838.943000  22.2040   0.0410   1.0190   0.0690   0.0810      0
77397    6774.990000 1094.072000  22.2560   0.0460   1.0190   0.0810   0.0810      0
80363    7027.997000 857.229000  22.3290   0.0530   1.4370   0.1030   0.0810      0
77341    6770.869000 1064.891000  21.9450   0.0540   0.7100   0.0800   0.0810      0
80173    7009.283000 1051.531000  22.0850   0.0630   0.6540   0.0710   0.0810      0
79318    6938.074000 1110.152000  21.7090   0.0270   0.8110   0.0400   0.0800      0
80531    7042.094000 866.921000  20.7830   0.0360   0.6900   0.0490   0.0800      0
77112    6750.409000 958.751000  21.6010   0.0360   1.1400   0.0530   0.0800      0
80433    7033.959000 890.381000  22.0520   0.0390   1.2340   0.0660   0.0800      0
80026    6997.393000 995.127000  20.5880   0.0120   0.3890   0.0140   0.0790      0
77639    6797.019000 900.383000  21.3130   0.0230   1.0060   0.0350   0.0790      0
77406    6775.944000 1067.290000  20.9920   0.0260   0.6660   0.0520   0.0790      0
78106    6835.846000 934.671000  21.9520   0.0360   0.9210   0.0850   0.0790      0
80499    7039.292000 915.688000  21.8520   0.0390   1.0250   0.0580   0.0780      0
77369    6773.091000 994.416000  22.4250   0.1070   0.4990   0.1190   0.0780      0
79070    6917.786000 800.165000  21.7390   0.0290   0.6810   0.0480   0.0770      0
78647    6882.877000 861.422000  21.6790   0.0300   0.5630   0.0540   0.0770      0
77073    6746.809000 882.102000  21.8300   0.0320   0.6580   0.0730   0.0770      0
78893    6902.881000 1078.739000  21.8110   0.0350   1.1940   0.0850   0.0770      0
79938    6989.623000 968.526000  21.6670   0.0710   0.4780   0.0800   0.0770      0
77600    6794.320000 1030.603000  21.6470   0.1050   0.8020   0.1120   0.0770      0
80076    7001.093000 1016.470000  20.7500   0.0140   0.5730   0.0210   0.0760      0
78765    6892.730000 923.443000  20.6950   0.0220   0.6890   0.0280   0.0760      0
78927    6904.862000 1104.807000  21.7040   0.0260   1.0480   0.0660   0.0760      0
77899    6819.367000 901.346000  21.7440   0.0270   0.6990   0.0540   0.0760      0
78292    6852.179000 1054.232000  21.2170   0.0390   0.9810   0.0460   0.0760      0
77917    6820.561000 807.120000  21.6080   0.0390   0.4920   0.0570   0.0760      0
78540    6873.609000 980.345000  21.3940   0.0290   0.6610   0.0420   0.0750      0
79883    6984.221000 926.308000  21.0240   0.0360   1.0410   0.0500   0.0750      0
76963    6737.144000 870.135000  21.2450   0.0160   0.5980   0.0260   0.0740      0
78060    6832.430000 1117.381000  21.6840   0.0260   0.8020   0.0450   0.0740      0
76850    6727.572000 901.029000  21.7540   0.0290   0.8220   0.0480   0.0740      0
78628    6881.280000 996.275000  21.5810   0.0310   1.1960   0.0580   0.0740      0
77303    6767.180000 1022.660000  21.7450   0.0410   1.2980   0.0560   0.0740      0
80729    7057.816000 880.808000  21.7710   0.0570   1.2790   0.1170   0.0740      0
78006    6827.515000 823.936000  21.7710   0.0420   0.7780   0.0500   0.0730      0
78366    6857.721000 1013.225000  22.2780   0.0460   1.4820   0.0990   0.0730      0
79120    6922.048000 829.525000  21.7040   0.0500   0.9790   0.0620   0.0730      0
80302    7022.291000 829.532000  22.3490   0.0490   1.2970   0.0980   0.0720      0
79201    6927.458000 1119.069000  22.0120   0.0580   0.6110   0.0780   0.0720      0
79162    6924.358000 845.846000  22.1450   0.0590   1.1140   0.0810   0.0720      0
79094    6919.819000 895.240000  20.9760   0.0250   0.3430   0.0450   0.0710      0
78972    6908.538000 1003.160000  21.3700   0.0250   0.6320   0.0480   0.0700      0
79926    6988.157000 1032.506000  21.5940   0.0480   0.2670   0.0530   0.0700      0
78332    6855.506000 1091.377000  22.5350   0.0590   0.5250   0.0880   0.0700      0
79017    6912.820000 814.638000  21.2850   0.0280   0.8970   0.0360   0.0690      0
80081    7001.877000 873.006000  21.6560   0.0280   0.6440   0.0500   0.0690      0
77905    6820.026000 1083.471000  22.7100   0.0760   1.3240   0.1580   0.0680      0
77544    6788.918000 823.489000  22.2090   0.1490   0.7460   0.1590   0.0680      0
80308    7022.808000 988.985000  21.8350   0.0360   0.9220   0.0510   0.0670      0
80580    7046.187000 1008.010000  21.1270   0.0220   0.2710   0.0440   0.0660      0
78549    6874.512000 1068.987000  22.2380   0.0360   0.8410   0.0600   0.0650      0
77502    6784.884000 991.412000  22.3430   0.0490   1.2240   0.0870   0.0650      0
80258    7017.753000 905.025000  21.6170   0.0340   0.6170   0.0440   0.0640      0
80724    7057.021000 877.458000  21.5600   0.0460   0.6320   0.0510   0.0640      0
79699    6968.778000 999.223000  21.2820   0.0170   1.1620   0.0380   0.0630      0
80194    7011.083000 986.774000  22.0160   0.0620   0.8520   0.0740   0.0620      0
78990    6910.252000 853.101000  21.7640   0.0410   0.9440   0.0620   0.0610      0
78259    6849.954000 911.307000  21.2280   0.0680   1.3810   0.0790   0.0610      0
78678    6885.584000 986.045000  21.6290   0.0370   0.7660   0.0620   0.0600      0
76947    6736.030000 912.895000  22.1240   0.0390   1.0740   0.0630   0.0600      0
77866    6816.761000 855.655000  21.7780   0.0340   0.9180   0.0520   0.0590      0
79154    6923.834000 1023.569000  22.0340   0.0390   1.1320   0.0680   0.0590      0
78963    6907.895000 776.264000  22.1110   0.0870   0.8380   0.1000   0.0580      0
80541    7042.906000 1016.159000  21.6110   0.0210   0.9460   0.0340   0.0570      0
79041    6915.021000 1058.833000  21.7680   0.0280   1.1000   0.0560   0.0560      0
78813    6896.382000 1055.275000  23.0210   0.0960   1.3730   0.2410   0.0560      0
80413    7032.423000 1059.561000  21.1330   0.0210   0.3630   0.0370   0.0550      0
78344    6856.351000 1005.718000  21.3070   0.0180   0.6490   0.0250   0.0540      0
77678    6799.877000 816.078000  22.1670   0.0540   0.8490   0.0740   0.0540      0
80264    7018.307000 890.890000  20.7640   0.0540   0.0510   0.0810   0.0530      0
80078    7001.287000 1050.557000  22.7250   0.0680   1.0530   0.1060   0.0530      0
79555    6956.771000 1076.212000  22.1150   0.0400   0.9850   0.0690   0.0510      0
80613    7048.822000 1072.802000  22.1020   0.0480   1.0080   0.0650   0.0500      0
80701    7055.399000 968.123000  23.2020   0.1760   0.8590   0.2060   0.0490      0
80070    7000.456000 943.501000  22.0340   0.0410   0.9500   0.0690   0.0440      0
