#ID x y mag e_mag col1 e_col1 memb_prob sel
187967   2514.632000 3908.328000  20.6770   0.0150   0.9120   0.0240   0.7190      1
188791   2567.524000 3743.095000  19.6550   0.0060   1.7560   0.0130   0.7010      1
189122   2588.403000 3687.797000  20.7580   0.0140   0.9630   0.0320   0.6980      1
188931   2576.137000 3810.880000  20.6480   0.0140   0.8620   0.0210   0.6960      1
189631   2619.382000 3960.325000  19.6600   0.0070   1.7360   0.0170   0.6900      1
188698   2562.025000 3664.666000  20.6640   0.0100   1.0090   0.0190   0.6860      1
189279   2598.614000 3801.394000  19.6150   0.0190   1.7470   0.0240   0.6840      1
188975   2578.708000 3795.343000  20.7500   0.0210   0.9960   0.0760   0.6800      1
188922   2575.435000 3690.161000  19.4820   0.0190   1.4190   0.0210   0.6380      1
187038   2453.882000 3812.711000  19.2200   0.0060   1.9230   0.0100   0.6300      1
191018   2709.878000 3815.486000  21.0600   0.0300   0.6620   0.0360   0.6290      1
187036   2453.785000 3799.899000  21.4760   0.0180   0.5790   0.0280   0.6190      1
189624   2619.050000 3759.340000  20.7880   0.0360   1.0180   0.0660   0.6160      1
188770   2566.075000 3851.192000  21.0300   0.0180   0.6300   0.0380   0.6070      1
191233   2724.350000 3808.902000  20.9110   0.0120   1.3990   0.0240   0.6050      1
188491   2548.426000 3910.729000  20.8830   0.0140   1.4140   0.0290   0.6020      1
187616   2491.460000 3862.640000  21.4180   0.0230   0.8690   0.0390   0.6010      1
191152   2718.631000 3803.528000  19.1700   0.0050   1.7160   0.0090   0.6000      1
189511   2613.361000 3677.328000  20.3860   0.0080   1.5920   0.0240   0.6000      1
187313   2470.903000 3714.175000  19.8200   0.0070   1.5990   0.0120   0.5920      1
189465   2610.788000 3864.271000  20.5630   0.0100   0.7910   0.0230   0.5900      1
190222   2655.140000 3708.815000  21.5010   0.0170   0.5580   0.0280   0.5900      1
189840   2630.818000 3693.569000  21.1160   0.0260  -0.2270   0.0550   0.5880      1
188228   2532.166000 3785.834000  19.6440   0.0060   0.9430   0.0090   0.5860      1
189954   2638.418000 3879.488000  21.4080   0.0230   0.8710   0.0490   0.5860      1
189290   2599.191000 3869.713000  21.5070   0.0180   0.6320   0.0280   0.5840      1
190906   2701.962000 3713.033000  20.8920   0.0130   0.5330   0.0190   0.5790      1
186808   2437.432000 3757.536000  21.0490   0.0140   0.3540   0.0180   0.5760      1
189065   2584.904000 3685.270000  19.1580   0.0060   1.5720   0.0100   0.5750      1
190676   2686.824000 3707.590000  20.5290   0.0100   1.3040   0.0190   0.5750      1
189269   2598.152000 3819.887000  21.4870   0.0200   0.5540   0.0320   0.5750      1
191096   2715.030000 3813.644000  19.5160   0.0070   1.4340   0.0100   0.5740      1
187589   2489.227000 3825.705000  21.3900   0.0160   0.8690   0.0270   0.5720      1
189794   2628.393000 3708.421000  21.5070   0.0270   0.6000   0.0440   0.5680      1
190033   2643.108000 3667.453000  20.3680   0.0080   1.6530   0.0170   0.5670      1
191455   2737.037000 3854.985000  20.9330   0.0140   1.3940   0.0290   0.5620      1
189072   2585.354000 3708.522000  21.0590   0.0130   0.6030   0.0500   0.5590      1
188043   2520.122000 3710.825000  20.5360   0.0140   1.1200   0.0200   0.5590      1
189045   2583.881000 3863.553000  21.5070   0.0190   0.7520   0.0310   0.5590      1
188523   2550.417000 3664.585000  18.9130   0.0050   2.0170   0.0100   0.5580      1
189255   2596.939000 3911.995000  21.4330   0.0170   0.7110   0.0290   0.5580      1
189984   2640.024000 3856.030000  21.1870   0.0160   0.6140   0.0230   0.5520      1
189220   2594.052000 3789.166000  21.5170   0.0300   0.6210   0.0400   0.5510      1
188466   2546.482000 3644.571000  21.0500   0.0150   0.3370   0.0190   0.5500      1
190439   2669.008000 3839.882000  20.4530   0.0100   0.1580   0.0120   0.5470      1
190704   2688.958000 3943.522000  21.2010   0.0160   0.6180   0.0240   0.5460      1
190172   2651.883000 3805.529000  21.5200   0.0200   0.7440   0.0320   0.5460      1
188123   2525.242000 3841.242000  21.4550   0.0170   0.8650   0.0300   0.5430      1
189754   2626.607000 3852.029000  21.0380   0.0160   1.2860   0.0350   0.5410      1
188893   2573.799000 3793.123000  21.4840   0.0300   0.6600   0.0480   0.5360      1
187266   2468.071000 3874.311000  21.4550   0.0210   0.8460   0.0310   0.5320      1
187619   2491.577000 3906.096000  21.1660   0.0220   0.8970   0.0300   0.5320      1
189440   2609.048000 3762.771000  20.8200   0.0290   1.3610   0.0920   0.5290      1
188947   2577.120000 3918.402000  20.7930   0.0090   0.1090   0.0110   0.5280      1
190074   2645.592000 3656.081000  20.7610   0.0110   0.6970   0.0160   0.5270      1
186698   2430.486000 3789.800000  20.9420   0.0120   0.4970   0.0160   0.5250      1
190195   2653.553000 3831.682000  21.4690   0.0300   0.6820   0.0610   0.5220      1
191279   2726.857000 3790.195000  21.4940   0.0270   0.7320   0.0770   0.5210      1
189284   2598.916000 3765.450000  21.1490   0.0140   0.8430   0.0240   0.5200      1
188149   2526.816000 3761.560000  21.1040   0.0170  -0.0330   0.0200   0.5200      1
188993   2580.338000 3784.579000  18.9440   0.0060   1.9890   0.0220   0.5180      1
188121   2525.137000 3674.172000  21.4650   0.0230   0.7880   0.0330   0.5160      1
188728   2564.205000 3637.089000  21.4590   0.0180   0.8000   0.0390   0.5130      1
190549   2677.419000 3735.014000  21.5450   0.0220   0.6870   0.0300   0.5120      1
189497   2612.714000 3793.311000  21.4150   0.0260   0.7210   0.0440   0.5110      1
190167   2651.610000 3910.903000  21.5440   0.0190   0.6270   0.0270   0.5100      1
188838   2570.318000 3828.205000  21.0290   0.0250   1.1870   0.0850   0.5090      1
189644   2620.216000 3800.984000  21.4300   0.0380   0.7170   0.0450   0.5070      1
187353   2473.507000 3728.058000  19.5280   0.0070   1.5730   0.0130   0.5040      1
187658   2494.069000 3720.094000  21.0700   0.0130   0.3660   0.0180   0.5040      1
188759   2565.767000 3766.684000  19.2450   0.0050   1.6000   0.0090   0.5020      1
189921   2635.841000 3796.533000  21.9970   0.0370   0.0470   0.0510   0.4930      1
190107   2648.468000 3732.193000  21.5020   0.0450   0.5710   0.0510   0.4930      1
189557   2615.648000 3815.811000  21.1630   0.0200   0.5930   0.0290   0.4920      1
189319   2601.250000 3787.895000  20.6260   0.0260   1.2100   0.0330   0.4920      1
187938   2512.781000 3841.837000  22.3290   0.0440   1.4820   0.0970   0.4910      1
188795   2567.869000 3794.227000  20.5550   0.0100   1.5660   0.0350   0.4870      1
189559   2615.724000 3759.377000  18.6850   0.0060   2.4750   0.0220   0.4860      1
187226   2465.361000 3888.892000  21.4530   0.0190   1.2140   0.0780   0.4850      1
187471   2480.669000 3921.861000  16.9230   0.0050   1.0220   0.0060   0.4840      1
190562   2678.316000 3779.681000  20.1160   0.0080   1.5160   0.0170   0.4840      1
191056   2712.099000 3874.171000  21.8030   0.0330   0.1200   0.0500   0.4820      1
188245   2533.120000 3897.359000  20.0900   0.0110   1.2960   0.0440   0.4810      1
187179   2462.617000 3812.113000  20.7750   0.0120   0.2070   0.0140   0.4810      1
190598   2680.957000 3800.266000  20.8130   0.0140   0.0540   0.0190   0.4790      1
188424   2543.319000 3810.325000  19.1650   0.0090   1.8650   0.0540   0.4780      1
190137   2650.124000 3862.512000  21.4000   0.0190   0.9870   0.0490   0.4750      1
188751   2565.453000 3799.392000  20.9780   0.0280   0.6690   0.0510   0.4730      1
188439   2544.831000 3708.461000  21.5170   0.0250   1.5230   0.0550   0.4720      1
188034   2519.486000 3761.083000  21.3540   0.0180   0.1740   0.0220   0.4710      1
191044   2711.159000 3718.975000  20.1510   0.0080   3.5180   0.0560   0.4680      1
189472   2611.091000 3776.233000  21.5250   0.0490   0.6740   0.0980   0.4680      1
188950   2577.191000 3698.058000  21.3500   0.0180   0.0600   0.0210   0.4660      1
190695   2688.370000 3857.617000  16.4070   0.0040  -0.1940   0.0050   0.4640      1
189382   2604.842000 3831.169000  21.4310   0.0200   0.5860   0.0550   0.4620      1
188984   2579.500000 3950.391000  21.4410   0.0180   3.2020   0.1500   0.4590      1
189260   2597.397000 3828.998000  21.8750   0.0250   0.1040   0.0410   0.4580      1
189432   2608.686000 3935.983000  21.3820   0.0270   0.1250   0.0310   0.4490      1
188768   2565.980000 3641.060000  21.6900   0.0200   0.5820   0.0410   0.4450      1
190168   2651.644000 3742.843000  21.5730   0.0200   0.6360   0.0310   0.4410      1
189134   2588.820000 3782.150000  21.4390   0.0490   0.5560   0.0610   0.4390      1
190486   2672.359000 3780.182000  21.6990   0.0230   0.0500   0.0270   0.4370      1
187838   2505.154000 3806.672000  21.9640   0.0410   0.1310   0.0570   0.4370      1
187503   2483.654000 3689.778000  21.3350   0.0160   1.1700   0.0350   0.4350      1
186901   2443.884000 3847.325000  21.3900   0.0210   0.1830   0.0250   0.4350      1
187991   2516.510000 3891.571000  21.5230   0.0210   1.2080   0.0400   0.4340      1
190306   2660.855000 3674.166000  21.7140   0.0260   0.5860   0.0440   0.4280      1
190275   2658.622000 3741.929000  21.3640   0.0150   0.3580   0.0200   0.4260      1
187138   2459.781000 3737.294000  21.7060   0.0320   0.5590   0.0430   0.4230      1
191588   2746.309000 3885.454000  21.8210   0.0520   0.1920   0.0630   0.4220      1
190014   2642.089000 3674.640000  21.5200   0.0510   0.8060   0.0570   0.4200      1
191104   2715.428000 3876.602000  21.3370   0.0300   0.1710   0.0450   0.4190      1
188432   2544.123000 3817.938000  21.6920   0.0240   0.6280   0.0420   0.4170      1
187054   2455.048000 3757.311000  21.3900   0.0470   0.9980   0.0800   0.4130      1
190584   2679.705000 3703.347000  21.3900   0.0210   0.3280   0.0300   0.4050      1
187344   2473.014000 3819.626000  21.8260   0.0230   0.7280   0.0390   0.4040      1
189535   2614.677000 3897.442000  22.1640   0.0300   0.3940   0.0430   0.4040      1
189811   2629.279000 3875.267000  21.3790   0.0170   1.1390   0.0430   0.4030      1
188664   2559.894000 3762.000000  21.6520   0.0440   0.6050   0.0530   0.4030      1
189005   2581.131000 3801.597000  21.3940   0.0290   0.5430   0.0410   0.4010      1
189155   2590.171000 3787.321000  21.4960   0.0370   0.8930   0.0620   0.3990      1
191283   2726.952000 3800.788000  22.3130   0.0660   1.4180   0.1260   0.3990      1
190452   2670.048000 3802.686000  21.7380   0.0230   0.6020   0.0350   0.3980      1
187712   2496.910000 3792.572000  22.1480   0.0290   0.4450   0.0390   0.3940      1
189760   2626.804000 3678.247000  21.6250   0.0340   0.6310   0.0420   0.3940      1
188320   2537.404000 3709.929000  21.4190   0.0180   0.2180   0.0220   0.3930      1
187447   2479.342000 3817.798000  21.5840   0.0220   0.7120   0.0350   0.3920      1
190242   2656.501000 3714.238000  21.8130   0.0270   0.6970   0.0430   0.3920      1
190163   2651.429000 3783.614000  21.5180   0.0870   0.8380   0.1300   0.3910      1
191356   2731.118000 3867.615000  21.3950   0.0170   0.3480   0.0420   0.3890      1
190001   2640.913000 3767.202000  21.6070   0.0190   0.6160   0.0290   0.3890      1
189909   2635.358000 3750.029000  21.6630   0.0660   0.6050   0.0690   0.3890      1
191565   2744.428000 3843.157000  21.7150   0.0200   0.6510   0.0300   0.3870      1
191183   2720.501000 3708.899000  21.8000   0.0200   0.7700   0.0350   0.3870      1
189041   2583.640000 3767.841000  21.8170   0.0260   0.7540   0.0480   0.3870      1
188455   2545.817000 3713.417000  21.6710   0.0210   0.6590   0.0420   0.3860      1
189028   2582.634000 3885.460000  21.6620   0.0210   0.6430   0.0710   0.3850      1
187410   2477.250000 3796.684000  21.6290   0.0320   0.5640   0.0490   0.3840      1
188065   2521.387000 3724.068000  21.8180   0.0270   0.6850   0.0370   0.3830      1
190629   2683.383000 3867.810000  21.9420   0.0550   0.1710   0.0840   0.3820      1
189880   2632.870000 3951.149000  22.1180   0.0320   0.4620   0.0450   0.3810      1
190188   2653.073000 3811.858000  21.8090   0.0280   0.7670   0.0400   0.3790      1
188644   2558.610000 3752.199000  21.7070   0.0270   0.6480   0.0660   0.3780      1
189144   2589.502000 3816.721000  21.6050   0.0250   0.6400   0.0720   0.3770      1
191204   2722.043000 3745.404000  22.0880   0.0290   0.4580   0.0380   0.3760      1
187975   2515.143000 3782.786000  20.7450   0.0110   0.4760   0.0220   0.3710      1
189314   2600.855000 3851.175000  21.6090   0.0250   0.6900   0.0350   0.3710      1
189769   2627.378000 3783.781000  21.6950   0.0350   0.4900   0.0510   0.3710      1
191337   2730.165000 3694.274000  21.6870   0.0220   0.4700   0.0300   0.3700      1
190498   2673.422000 3676.015000  21.7820   0.0230   0.3500   0.0310   0.3700      1
189519   2613.722000 3786.875000  21.6330   0.0300   0.5230   0.0410   0.3700      1
190290   2659.810000 3686.257000  22.0000   0.0290   0.4520   0.0390   0.3680      1
189108   2587.864000 3710.861000  22.0960   0.0400   0.3640   0.0510   0.3660      1
188183   2528.897000 3725.942000  22.0920   0.0360   0.4670   0.0460   0.3650      1
187534   2485.489000 3714.696000  21.9900   0.0300   0.4560   0.0430   0.3600      1
191711   2754.205000 3840.957000  22.0800   0.0370   0.4660   0.0470   0.3590      1
190517   2674.995000 3893.206000  22.1040   0.0280   0.7330   0.0390   0.3570      1
190234   2655.708000 3892.867000  22.1110   0.0280   0.7240   0.0450   0.3560      1
188046   2520.230000 3822.738000  21.6580   0.0240   0.6930   0.0590   0.3550      1
191494   2739.608000 3827.340000  21.3640   0.0470   0.5930   0.0520   0.3530      1
190927   2703.278000 3914.514000  21.3330   0.0180   0.6340   0.0270   0.3510      1
191691   2753.209000 3817.885000  22.2620   0.0310   0.7010   0.0460   0.3510      1
189974   2639.368000 3926.067000  21.7390   0.0220   0.6780   0.0450   0.3470      1
190966   2706.237000 3807.085000  21.7620   0.0230   0.6680   0.0370   0.3470      1
189743   2625.664000 3719.226000  21.8140   0.0410   0.6700   0.0470   0.3470      1
189979   2639.573000 3728.062000  22.0110   0.0300   0.9040   0.0450   0.3460      1
189302   2600.034000 3771.066000  21.7490   0.0570   0.5670   0.0660   0.3460      1
190313   2661.233000 3664.268000  21.6920   0.0280   0.6850   0.1110   0.3450      1
191266   2726.053000 3881.926000  22.0860   0.0310   0.7370   0.0420   0.3450      1
189956   2638.511000 3775.275000  21.7650   0.0310   0.7280   0.0450   0.3450      1
190377   2665.279000 3805.924000  22.2460   0.0290   0.7110   0.0570   0.3440      1
189939   2637.381000 3889.298000  22.2230   0.0300   0.7050   0.0510   0.3440      1
187886   2508.714000 3731.426000  22.1160   0.0390   0.6760   0.0500   0.3420      1
189636   2619.609000 3718.754000  21.8590   0.0290   0.7330   0.0420   0.3410      1
190770   2692.948000 3787.532000  22.0870   0.0310   0.8020   0.0610   0.3410      1
189844   2630.999000 3945.632000  22.2250   0.0350   0.7250   0.0520   0.3410      1
188366   2540.632000 3925.044000  22.1370   0.0350   0.6780   0.0540   0.3410      1
190677   2686.851000 3677.801000  21.7610   0.0430   0.5850   0.0500   0.3400      1
187043   2454.172000 3806.878000  21.6130   0.0230   0.7790   0.0340   0.3390      1
188000   2517.267000 3794.095000  22.1650   0.0290   0.7190   0.0470   0.3390      1
188075   2522.095000 3775.868000  22.1560   0.0330   0.7410   0.0480   0.3390      1
189651   2620.738000 3956.444000  22.1110   0.0430   0.7300   0.0670   0.3390      1
190254   2657.384000 3773.306000  22.2820   0.0380   0.7010   0.0640   0.3380      1
191440   2736.264000 3903.156000  22.0840   0.0400   0.7680   0.0570   0.3380      1
191010   2709.345000 3710.980000  22.0820   0.0270   0.6530   0.0430   0.3360      1
188807   2568.535000 3730.694000  22.2840   0.0330   0.7560   0.0600   0.3360      1
190872   2699.547000 3694.114000  22.1020   0.0340   0.8050   0.0600   0.3360      1
188657   2559.611000 3777.960000  22.0700   0.0350   0.8220   0.0520   0.3360      1
188283   2535.266000 3704.944000  22.2110   0.0350   0.6840   0.0550   0.3360      1
187829   2504.616000 3665.443000  22.0470   0.0320   0.8440   0.0480   0.3350      1
188066   2521.493000 3815.449000  22.0650   0.0340   0.8410   0.0500   0.3350      1
189661   2621.162000 3814.120000  22.1020   0.0390   0.6470   0.0600   0.3340      1
187482   2481.754000 3708.587000  22.1060   0.0330   0.6040   0.0500   0.3330      1
191109   2715.700000 3916.840000  22.2480   0.0390   0.6600   0.0600   0.3320      1
190099   2647.468000 3804.847000  22.2700   0.0470   0.7510   0.0600   0.3320      1
188247   2533.221000 3710.591000  22.2710   0.0490   0.6950   0.0720   0.3320      1
186863   2440.741000 3824.020000  22.7220   0.0480   0.7330   0.0800   0.3310      1
191586   2746.171000 3777.662000  22.6580   0.0510   0.7360   0.0770   0.3310      1
187144   2459.988000 3819.179000  22.1070   0.0290   0.8250   0.0490   0.3300      1
191166   2719.700000 3698.836000  22.7180   0.0500   0.7740   0.0790   0.3300      1
188688   2561.302000 3674.907000  21.6070   0.0190   0.7960   0.0310   0.3290      1
188415   2542.977000 3867.635000  22.1760   0.0310   0.6650   0.0450   0.3290      1
190752   2692.009000 3906.190000  22.2970   0.0440   0.6630   0.0590   0.3290      1
189296   2599.517000 3894.843000  22.6920   0.0520   0.6990   0.0790   0.3290      1
189399   2606.308000 3661.976000  22.0950   0.0560   0.7660   0.0680   0.3290      1
189252   2596.781000 3838.708000  22.0490   0.0340   0.8450   0.0640   0.3280      1
186976   2449.197000 3808.144000  22.2180   0.0370   0.7510   0.0600   0.3280      1
188874   2572.158000 3899.010000  22.2510   0.0380   0.6520   0.0640   0.3280      1
187187   2463.023000 3769.068000  22.1860   0.0390   0.7450   0.0600   0.3280      1
190861   2698.656000 3828.904000  22.6210   0.0420   0.6510   0.0650   0.3280      1
188404   2542.423000 3887.276000  22.2770   0.0420   0.7740   0.0600   0.3270      1
188877   2572.274000 3879.625000  22.1150   0.0390   0.5990   0.0540   0.3260      1
191189   2720.974000 3894.091000  22.1990   0.0420   0.7500   0.0620   0.3260      1
187729   2498.281000 3681.657000  22.6130   0.0440   0.7620   0.0720   0.3260      1
190897   2701.404000 3766.312000  22.6990   0.0510   0.7830   0.0920   0.3260      1
187703   2496.408000 3686.865000  22.7360   0.0550   0.7260   0.0830   0.3260      1
187393   2476.005000 3832.702000  21.9960   0.0480   0.9360   0.0590   0.3200      1
189532   2614.542000 3835.504000  22.0140   0.0410   0.8710   0.0650   0.3170      1
187646   2493.361000 3856.396000  23.4810   0.1000   0.5520   0.1510   0.3160      1
187632   2492.653000 3920.515000  21.4940   0.0270   1.0170   0.0380   0.3090      1
190008   2641.594000 3748.849000  22.7350   0.0490   0.9040   0.0810   0.3090      1
191351   2730.894000 3820.301000  22.7940   0.0570   0.8910   0.1020   0.3090      1
187225   2465.306000 3843.828000  22.7740   0.0570   0.9880   0.1350   0.3080      1
189116   2588.143000 3746.644000  22.6970   0.0740   0.9010   0.1230   0.3080      1
187875   2507.999000 3658.635000  22.9790   0.0780   0.6790   0.1240   0.3020      1
188942   2576.825000 3838.058000  23.4930   0.0980   0.5980   0.1750   0.3020      1
191125   2716.842000 3831.334000  23.0010   0.0780   0.5450   0.0970   0.3000      1
188968   2578.302000 3747.895000  23.0210   0.0740   0.6650   0.1180   0.2960      1
188313   2536.976000 3938.565000  23.0350   0.0640   0.6360   0.1150   0.2950      1
190023   2642.606000 3951.872000  22.9670   0.0640   0.6450   0.2100   0.2930      1
191510   2740.670000 3709.525000  23.4880   0.0940   0.6820   0.1590   0.2870      1
187562   2487.724000 3805.718000  23.2560   0.0780   1.5100   0.2290   0.2580      1
188273   2534.450000 3726.278000  23.2600   0.0840   1.4710   0.2320   0.2520      1
187751   2500.105000 3740.301000  23.1490   0.0790   1.5870   0.2050   0.2380      1
189815   2629.440000 3787.479000  19.7490   0.0190   0.9320   0.0300   0.5730      0
189266   2597.793000 3806.501000  20.4080   0.0160   0.9700   0.0360   0.5700      0
188662   2559.757000 3809.289000  20.5210   0.0360   0.8360   0.0410   0.5630      0
190128   2649.384000 3787.279000  19.8410   0.0070   0.0580   0.0100   0.5140      0
189598   2617.957000 3745.693000  19.8320   0.0080  -0.3250   0.0110   0.5110      0
191623   2748.511000 3824.109000  20.8650   0.0160   0.5320   0.0190   0.5090      0
188781   2566.937000 3658.177000  20.0600   0.0080   0.1420   0.0090   0.4960      0
190308   2660.914000 3760.039000  20.4790   0.0140   0.1900   0.0230   0.4880      0
186989   2449.766000 3839.144000  20.7750   0.0120   1.5260   0.0270   0.4870      0
191039   2710.709000 3755.087000  19.0840   0.0050   0.6920   0.0060   0.4830      0
188851   2571.048000 3718.284000  18.2110   0.0040   1.8920   0.0060   0.4820      0
190723   2690.171000 3874.288000  21.0150   0.0200   1.1570   0.0310   0.4820      0
189686   2622.875000 3937.643000  20.0600   0.0090  -0.0840   0.0100   0.4810      0
187382   2475.036000 3693.174000  19.5970   0.0050   1.5890   0.0100   0.4740      0
189762   2626.945000 3648.449000  19.8490   0.0070   0.0940   0.0080   0.4740      0
188170   2528.094000 3898.699000  20.8900   0.0140   1.4770   0.0300   0.4710      0
189902   2635.008000 3925.125000  20.2350   0.0080   0.2710   0.0110   0.4680      0
188957   2577.553000 3843.508000  21.2390   0.0140   0.6740   0.0270   0.4670      0
189042   2583.686000 3638.206000  20.3790   0.0100   1.5370   0.0200   0.4660      0
188110   2524.643000 3766.371000  20.9010   0.0150   1.2670   0.0290   0.4650      0
190592   2680.462000 3718.079000  19.1840   0.0040   1.4600   0.0160   0.4640      0
190224   2655.195000 3689.583000  20.7940   0.0110   0.0010   0.0140   0.4630      0
187723   2497.837000 3862.652000  20.0540   0.0080  -0.2550   0.0100   0.4600      0
186865   2440.875000 3839.123000  18.4350   0.0040   1.2790   0.0060   0.4590      0
190817   2695.644000 3760.717000  20.0840   0.0100   0.2000   0.0130   0.4580      0
189166   2591.017000 3852.615000  19.0130   0.0050   1.6480   0.0080   0.4570      0
188201   2530.280000 3680.728000  20.3650   0.0080   2.5020   0.0330   0.4570      0
190706   2689.171000 3778.918000  17.8000   0.0030  -0.2340   0.0030   0.4560      0
188890   2573.374000 3909.534000  21.1050   0.0440   0.6980   0.0460   0.4550      0
187519   2484.877000 3769.057000  20.2480   0.0080   0.1330   0.0110   0.4520      0
190941   2704.303000 3733.565000  19.1670   0.0050  -0.1780   0.0060   0.4500      0
188656   2559.574000 3895.344000  20.8450   0.0120   0.2410   0.0150   0.4500      0
191045   2711.185000 3698.252000  20.7590   0.0130   0.0980   0.0150   0.4500      0
187774   2501.430000 3698.417000  19.4010   0.0050   1.4800   0.0090   0.4490      0
189771   2627.455000 3865.477000  20.4210   0.0110   0.1380   0.0130   0.4450      0
187377   2474.886000 3735.824000  17.9870   0.0040   1.8230   0.0070   0.4430      0
187738   2499.077000 3843.497000  17.8200   0.0040   2.3640   0.0060   0.4410      0
189415   2607.454000 3673.968000  21.0090   0.0120   0.1720   0.0160   0.4410      0
190335   2662.659000 3764.035000  18.8120   0.0040  -0.3020   0.0050   0.4400      0
189468   2610.873000 3888.247000  19.1650   0.0050   1.4840   0.0120   0.4380      0
189763   2627.085000 3800.339000  17.0030   0.0050   2.0930   0.0060   0.4370      0
189085   2586.562000 3951.428000  19.7700   0.0090   1.7040   0.0690   0.4370      0
189866   2632.106000 3820.750000  20.2300   0.0110   0.1420   0.0400   0.4330      0
189208   2593.527000 3782.619000  20.3500   0.0440   1.1870   0.0470   0.4310      0
188420   2543.258000 3834.236000  19.3380   0.0050   1.6200   0.0140   0.4290      0
187689   2495.688000 3869.250000  19.8640   0.0060   1.4830   0.0120   0.4290      0
188629   2557.624000 3940.480000  20.8870   0.0110   0.2410   0.0150   0.4290      0
189606   2618.360000 3847.843000  18.5360   0.0070  -0.2430   0.0110   0.4260      0
188120   2525.029000 3733.554000  20.7030   0.0100   1.6330   0.0240   0.4260      0
191615   2747.891000 3772.027000  20.9110   0.0110   0.3640   0.0160   0.4260      0
190159   2651.253000 3949.247000  20.4980   0.0160   1.4850   0.0460   0.4260      0
189940   2637.542000 3758.840000  19.9860   0.0220   2.0180   0.0390   0.4260      0
190484   2672.138000 3714.546000  18.2130   0.0040   2.0350   0.0060   0.4230      0
188135   2525.958000 3796.779000  20.1590   0.0110   0.2830   0.0140   0.4220      0
189922   2635.899000 3756.312000  20.1090   0.0130  -0.0170   0.0160   0.4200      0
190090   2646.823000 3839.633000  21.0360   0.0140   0.1750   0.0210   0.4200      0
187437   2478.433000 3839.101000  21.3070   0.0130   0.0860   0.0180   0.4190      0
189655   2621.006000 3695.103000  21.1270   0.0140   0.1820   0.0330   0.4180      0
187291   2469.447000 3891.140000  21.2460   0.0160   0.9110   0.0280   0.4160      0
190441   2669.198000 3956.185000  19.1790   0.0200   1.3370   0.0220   0.4160      0
190956   2705.533000 3871.405000  19.7030   0.0060   1.5670   0.0130   0.4150      0
187473   2480.954000 3772.320000  20.9480   0.0170   0.4230   0.0200   0.4150      0
190689   2687.986000 3805.902000  18.8670   0.0040   1.5960   0.0130   0.4140      0
190880   2699.962000 3758.434000  20.8190   0.0290   0.0890   0.0310   0.4140      0
191052   2711.704000 3850.746000  20.9600   0.0140   0.5960   0.0180   0.4130      0
190988   2707.817000 3762.093000  20.1060   0.0070  -0.2590   0.0080   0.4120      0
187467   2480.369000 3728.717000  19.1110   0.0230   1.7550   0.0470   0.4120      0
190435   2668.820000 3791.802000  21.0610   0.0180  -0.0010   0.0250   0.4110      0
188803   2568.379000 3772.760000  19.8200   0.0110  -0.2340   0.0120   0.4100      0
186884   2442.251000 3794.186000  21.1140   0.0120   0.1780   0.0170   0.4060      0
187904   2510.135000 3810.872000  21.0560   0.0150   0.2170   0.0210   0.4050      0
189286   2598.933000 3901.816000  20.3630   0.0080  -0.0240   0.0090   0.4020      0
189137   2588.904000 3774.847000  19.1380   0.0070   1.5570   0.0370   0.4010      0
189696   2623.362000 3869.640000  21.0580   0.0160   0.2800   0.0200   0.4010      0
188804   2568.389000 3803.436000  18.9830   0.0110   1.2800   0.0140   0.4000      0
187946   2513.285000 3801.135000  21.2400   0.0190   0.7010   0.0290   0.3990      0
189231   2594.540000 3775.942000  21.1240   0.0300   0.7360   0.0590   0.3960      0
189457   2610.202000 3809.802000  21.0270   0.0190   0.8300   0.0390   0.3930      0
187705   2496.569000 3834.467000  18.8910   0.0040   1.5380   0.0090   0.3920      0
188368   2540.905000 3814.636000  22.0340   0.0980  -0.2520   0.1020   0.3920      0
188825   2569.372000 3929.887000  21.3120   0.0130   0.1870   0.0180   0.3900      0
188527   2550.598000 3863.655000  20.1000   0.0140   1.6780   0.0400   0.3880      0
187698   2496.375000 3875.564000  20.9500   0.0120   0.0450   0.0150   0.3860      0
189198   2592.928000 3749.163000  19.3530   0.0060   1.8180   0.0170   0.3850      0
189380   2604.830000 3826.111000  20.6290   0.0440   0.6850   0.0510   0.3840      0
189012   2581.737000 3872.344000  22.4300   0.0450   1.5110   0.1830   0.3800      0
191220   2723.203000 3847.801000  18.9210   0.0040   1.4140   0.0060   0.3780      0
189536   2614.734000 3932.541000  19.0970   0.0070  -0.1930   0.0080   0.3780      0
190751   2691.991000 3921.056000  21.2810   0.0180   1.4900   0.0400   0.3780      0
187763   2500.961000 3802.149000  18.7390   0.0040   1.5940   0.0080   0.3770      0
189132   2588.655000 3669.223000  19.5100   0.0060  -0.2090   0.0070   0.3760      0
188584   2554.331000 3921.095000  19.2340   0.0040  -0.2250   0.0050   0.3750      0
187383   2475.236000 3909.028000  20.7590   0.0360   0.2280   0.0370   0.3740      0
188827   2569.608000 3831.326000  21.5000   0.0320   1.3290   0.1520   0.3710      0
190731   2690.860000 3820.838000  21.1440   0.0200   1.0070   0.0280   0.3700      0
187892   2509.103000 3697.054000  21.7470   0.0450   1.9720   0.0980   0.3700      0
187402   2476.684000 3802.522000  18.7240   0.0050   1.6830   0.0080   0.3680      0
191416   2734.814000 3732.402000  21.3030   0.0160   1.4960   0.0380   0.3670      0
190931   2703.618000 3677.182000  18.6730   0.0040  -0.2600   0.0050   0.3660      0
189799   2628.819000 3878.099000  22.0190   0.0830   0.0550   0.1510   0.3650      0
190208   2654.244000 3917.913000  18.6850   0.0050   1.4380   0.0080   0.3620      0
188674   2560.421000 3724.672000  22.1860   0.0340   0.3890   0.0520   0.3600      0
189893   2634.101000 3771.586000  21.9890   0.0330   0.4550   0.0420   0.3580      0
189253   2596.914000 3834.026000  21.8300   0.0370   0.3150   0.0500   0.3580      0
187045   2454.194000 3820.945000  21.2680   0.0220   0.6370   0.0300   0.3570      0
190616   2682.169000 3699.198000  20.3270   0.0080   0.0180   0.0210   0.3560      0
188533   2550.834000 3803.210000  20.9250   0.0130   0.0670   0.0160   0.3560      0
187322   2471.629000 3782.307000  22.1130   0.0410   0.4740   0.0580   0.3560      0
189705   2623.669000 3640.741000  21.2310   0.0260   0.5640   0.0310   0.3550      0
188050   2520.532000 3875.958000  20.6250   0.0090  -0.0570   0.0110   0.3540      0
189172   2591.509000 3793.711000  21.2570   0.0210   0.9660   0.0420   0.3540      0
188289   2535.618000 3796.310000  21.3600   0.0260   0.5510   0.0310   0.3540      0
189387   2605.474000 3819.828000  21.0070   0.0460   0.4550   0.0500   0.3540      0
188902   2574.217000 3669.167000  19.3930   0.0060   1.6030   0.0100   0.3530      0
188354   2539.676000 3901.651000  21.9590   0.0230   0.4230   0.0350   0.3490      0
190135   2649.968000 3831.632000  21.0290   0.0380   0.2950   0.0400   0.3480      0
187182   2462.770000 3847.773000  21.3940   0.0190   0.2540   0.0240   0.3470      0
187843   2505.443000 3855.625000  21.4520   0.0200   0.2430   0.0310   0.3470      0
191583   2745.950000 3710.972000  22.1180   0.0560   0.0310   0.0690   0.3470      0
189541   2615.049000 3706.165000  22.7090   0.0480   1.3200   0.1230   0.3440      0
189412   2607.126000 3793.582000  21.7410   0.0600   0.1640   0.0700   0.3420      0
189000   2580.876000 3807.116000  21.3790   0.0380   0.5020   0.0430   0.3380      0
189411   2607.059000 3716.306000  22.7080   0.0490   1.2460   0.1040   0.3370      0
189324   2601.499000 3813.695000  21.7630   0.0410   0.2940   0.0510   0.3350      0
190602   2681.226000 3908.337000  20.3600   0.0090  -0.0830   0.0160   0.3330      0
188567   2552.714000 3742.940000  21.5860   0.0250   0.2290   0.0310   0.3330      0
187769   2501.140000 3856.234000  21.6030   0.0210   0.2180   0.0310   0.3320      0
189938   2637.349000 3819.155000  21.6000   0.0210   0.5470   0.0390   0.3310      0
187997   2516.868000 3880.382000  22.6450   0.0640   1.3370   0.1090   0.3310      0
187520   2484.918000 3902.589000  21.7840   0.0210   1.2210   0.0520   0.3300      0
188904   2574.419000 3801.359000  22.6840   0.0550   0.2840   0.0960   0.3300      0
187406   2476.919000 3755.835000  22.3280   0.0400   1.2300   0.0760   0.3290      0
190336   2662.733000 3646.879000  20.4830   0.0110   0.0350   0.0140   0.3280      0
191389   2732.920000 3718.307000  22.0350   0.0280   0.4950   0.0430   0.3280      0
188029   2519.077000 3826.517000  22.1170   0.0710   0.4820   0.0800   0.3280      0
187685   2495.417000 3839.251000  21.7570   0.0370   0.3130   0.0520   0.3270      0
190531   2675.863000 3827.540000  22.3760   0.0510   0.2300   0.0790   0.3270      0
189580   2617.084000 3866.231000  21.7540   0.0190   0.4960   0.0400   0.3250      0
187950   2513.461000 3727.800000  21.7570   0.0310   0.7410   0.0410   0.3250      0
189650   2620.710000 3726.804000  22.7670   0.0500   0.7410   0.0750   0.3250      0
190824   2696.130000 3690.705000  22.6110   0.0560   0.7060   0.0790   0.3250      0
189632   2619.446000 3894.185000  22.1190   0.0310   0.5670   0.0480   0.3240      0
188730   2564.345000 3671.111000  22.1050   0.0380   0.5700   0.0500   0.3240      0
186900   2443.726000 3858.108000  22.6050   0.0540   0.7090   0.0760   0.3240      0
189199   2592.956000 3906.424000  22.0750   0.0310   0.5790   0.0430   0.3230      0
188096   2523.610000 3848.422000  22.0840   0.0450   0.6510   0.0600   0.3230      0
191353   2730.951000 3852.443000  22.7510   0.0570   0.7940   0.0880   0.3230      0
190496   2673.073000 3845.956000  22.2730   0.0360   0.6300   0.0550   0.3220      0
189730   2624.813000 3961.583000  22.3430   0.0490   0.3120   0.0640   0.3220      0
190012   2641.959000 3840.550000  22.6820   0.0580   0.7630   0.1130   0.3220      0
189331   2601.850000 3834.809000  21.7910   0.0930  -0.1860   0.0970   0.3220      0
188350   2539.386000 3831.698000  21.6610   0.0260   0.7370   0.0410   0.3210      0
191887   2766.755000 3805.416000  22.6850   0.0510   0.6600   0.0810   0.3210      0
191230   2724.035000 3887.195000  22.7630   0.0530   0.7360   0.0920   0.3210      0
188576   2553.419000 3644.901000  22.6140   0.0550   0.6290   0.0740   0.3210      0
188142   2526.536000 3932.173000  20.5630   0.0190   0.4450   0.0210   0.3200      0
189206   2593.449000 3705.419000  22.3130   0.0380   0.7780   0.0590   0.3200      0
187978   2515.606000 3868.853000  22.7660   0.0590   0.7930   0.0930   0.3200      0
190379   2665.603000 3883.444000  19.0560   0.0060   1.5000   0.0090   0.3190      0
190209   2654.271000 3947.445000  22.1520   0.0490   0.5680   0.0970   0.3190      0
186847   2439.973000 3775.500000  22.7350   0.0510   0.8430   0.0860   0.3190      0
190192   2653.245000 3777.032000  22.7780   0.0530   0.7590   0.0930   0.3190      0
189671   2621.908000 3646.004000  22.6960   0.0680   0.7870   0.1160   0.3190      0
188444   2545.302000 3688.765000  21.9570   0.0250   0.7000   0.0410   0.3180      0
188663   2559.760000 3699.286000  22.1410   0.0400   0.8010   0.0580   0.3180      0
187893   2509.148000 3836.880000  22.3290   0.0420   0.6750   0.0600   0.3180      0
190134   2649.808000 3698.571000  22.5580   0.0460   0.5590   0.0800   0.3180      0
188907   2574.542000 3938.364000  22.5990   0.0550   0.6790   0.1340   0.3180      0
189534   2614.652000 3803.533000  22.1070   0.0690   0.5290   0.0790   0.3180      0
191169   2719.864000 3912.488000  22.0410   0.0330   0.7940   0.0530   0.3170      0
189277   2598.472000 3754.223000  22.1310   0.0410   0.5690   0.0580   0.3170      0
189421   2607.729000 3778.349000  22.6540   0.0520   0.3890   0.0740   0.3170      0
188735   2564.757000 3893.530000  22.6880   0.0540   0.8380   0.0860   0.3170      0
188443   2545.260000 3808.329000  21.5880   0.0550  -0.2930   0.1320   0.3170      0
188646   2558.674000 3784.160000  22.6780   0.0620   0.7350   0.1470   0.3170      0
190962   2705.839000 3835.063000  22.7040   0.0960   1.2870   0.1290   0.3170      0
189216   2593.866000 3638.806000  22.3240   0.0360   0.3600   0.0520   0.3160      0
191013   2709.639000 3681.374000  22.5800   0.0470   0.7540   0.0890   0.3160      0
190822   2695.967000 3783.523000  22.5320   0.0530   0.4870   0.0930   0.3160      0
187229   2465.500000 3756.770000  22.6070   0.0620   0.7690   0.1040   0.3160      0
190823   2696.012000 3673.213000  22.0650   0.0320   0.5550   0.0420   0.3150      0
190521   2675.261000 3940.849000  22.3260   0.0390   0.6450   0.0540   0.3150      0
188513   2549.719000 3821.636000  22.3510   0.0420   1.2090   0.0700   0.3150      0
188435   2544.336000 3917.174000  22.9190   0.0460   0.6920   0.0980   0.3150      0
189853   2631.366000 3844.713000  22.0630   0.0300   0.6250   0.0430   0.3140      0
187082   2456.677000 3826.603000  22.2620   0.0400   0.8100   0.0660   0.3140      0
189454   2610.136000 3731.853000  22.5730   0.0450   0.7560   0.0760   0.3140      0
189346   2603.136000 3670.963000  21.5300   0.0490   0.1910   0.0530   0.3140      0
187804   2503.352000 3834.497000  21.7510   0.0500   0.4950   0.0580   0.3140      0
187856   2506.351000 3819.683000  22.7350   0.0680   0.8530   0.1010   0.3140      0
187775   2501.630000 3748.420000  22.1960   0.0480   0.6380   0.1060   0.3130      0
189013   2581.762000 3816.244000  22.1290   0.1040   0.7360   0.1120   0.3130      0
187332   2472.347000 3837.916000  22.1520   0.1080   0.6920   0.1200   0.3130      0
191807   2761.647000 3756.098000  20.2290   0.0070  -0.1080   0.0080   0.3120      0
188196   2530.015000 3839.192000  22.3010   0.0350   0.8220   0.0620   0.3120      0
189936   2637.296000 3735.707000  22.7600   0.0430   1.0650   0.0960   0.3120      0
190002   2640.929000 3940.316000  22.8070   0.0630   0.8290   0.0930   0.3120      0
188811   2568.645000 3824.262000  22.1950   0.0730   0.6840   0.1460   0.3120      0
189873   2632.399000 3912.672000  22.7000   0.0870   0.8490   0.1100   0.3120      0
189218   2593.943000 3804.573000  22.0430   0.0430   0.5330   0.0610   0.3110      0
189622   2618.998000 3807.142000  21.6530   0.0450   0.4410   0.0770   0.3110      0
188582   2554.141000 3792.129000  22.5270   0.0500   0.3610   0.0710   0.3110      0
189161   2590.850000 3675.433000  22.8110   0.0600   0.7810   0.1120   0.3110      0
188563   2552.638000 3833.469000  22.5810   0.0680   0.6270   0.0840   0.3110      0
188965   2578.115000 3719.053000  22.8270   0.0840   0.7690   0.1060   0.3110      0
189591   2617.492000 3686.193000  22.7840   0.0460   1.0470   0.1000   0.3100      0
189214   2593.730000 3895.618000  22.7950   0.0490   1.1870   0.1210   0.3100      0
187091   2457.527000 3839.581000  22.9140   0.0650   0.7250   0.0970   0.3100      0
190557   2678.070000 3906.942000  22.5800   0.0660   0.5540   0.1830   0.3100      0
191264   2725.875000 3893.171000  21.2020   0.0140   1.4380   0.0320   0.3090      0
188485   2547.982000 3738.974000  21.9130   0.0230   0.7200   0.0410   0.3090      0
191410   2734.261000 3775.494000  22.1810   0.0340   0.6280   0.0580   0.3090      0
188614   2556.274000 3930.341000  22.6280   0.0490   0.5610   0.0710   0.3090      0
191164   2719.549000 3857.820000  22.4900   0.0530   0.5110   0.0660   0.3090      0
187538   2485.794000 3875.556000  22.8510   0.0560   0.7260   0.0950   0.3090      0
189958   2638.533000 3915.003000  22.7280   0.0720   0.7130   0.1860   0.3090      0
186812   2437.682000 3762.741000  21.6820   0.0210   0.7390   0.0350   0.3080      0
187900   2509.785000 3825.711000  21.1430   0.0250   0.2730   0.0300   0.3080      0
190932   2703.669000 3703.177000  21.3590   0.0280   0.4920   0.0460   0.3080      0
189289   2599.190000 3932.889000  22.3170   0.0430   0.8020   0.0630   0.3080      0
191369   2731.612000 3712.975000  22.1230   0.0440   0.8320   0.0670   0.3080      0
187401   2476.667000 3889.913000  22.9280   0.0590   0.7370   0.1020   0.3080      0
189336   2602.393000 3728.613000  22.2820   0.0840   0.6340   0.0940   0.3080      0
187282   2469.017000 3730.924000  22.3410   0.0410   0.6500   0.0590   0.3070      0
187621   2491.658000 3833.085000  22.1980   0.0410   0.4400   0.0640   0.3070      0
189413   2607.293000 3856.749000  22.6220   0.0430   0.4940   0.0700   0.3070      0
190728   2690.674000 3846.960000  21.7560   0.0520   0.2890   0.0820   0.3070      0
189363   2603.883000 3938.426000  22.5680   0.0530   0.8000   0.0820   0.3070      0
187713   2496.945000 3694.440000  22.6930   0.0530   0.9000   0.0930   0.3070      0
187451   2479.526000 3893.614000  22.9230   0.0600   0.5760   0.0860   0.3070      0
188990   2580.029000 3763.885000  22.8750   0.0640   0.7410   0.1070   0.3070      0
187035   2453.781000 3830.054000  21.7730   0.0200   0.5010   0.0300   0.3060      0
187736   2498.690000 3753.255000  22.0380   0.0330   0.3660   0.0450   0.3060      0
189459   2610.278000 3740.353000  22.4950   0.0470   0.5230   0.0790   0.3060      0
190545   2676.721000 3880.302000  22.5920   0.0540   0.8640   0.0810   0.3060      0
190854   2698.297000 3716.184000  22.2960   0.0600   0.6100   0.0770   0.3060      0
187422   2477.715000 3829.687000  22.5550   0.0700   0.5730   0.1150   0.3060      0
188141   2526.344000 3857.911000  22.0600   0.1210   0.4270   0.1240   0.3060      0
189485   2611.870000 3763.096000  22.5070   0.1250   1.3260   0.1580   0.3060      0
187158   2460.949000 3754.795000  20.8780   0.0190   0.3220   0.0350   0.3050      0
188230   2532.213000 3857.612000  21.4970   0.0280   0.1430   0.0310   0.3050      0
189179   2591.988000 3812.830000  22.3400   0.0390   0.7540   0.0720   0.3050      0
190898   2701.405000 3748.809000  22.8460   0.0510   0.8390   0.0930   0.3050      0
187990   2516.505000 3669.967000  22.7200   0.0520   0.9940   0.1100   0.3050      0
189486   2611.899000 3696.175000  22.7760   0.0600   0.9970   0.0950   0.3050      0
190501   2673.727000 3817.704000  22.3270   0.0650   0.7220   0.0850   0.3050      0
188574   2553.314000 3874.616000  22.7740   0.0750   1.1300   0.1140   0.3050      0
190836   2696.937000 3880.807000  22.6000   0.0850   0.4940   0.0980   0.3050      0
191069   2712.911000 3904.096000  22.7480   0.0850   1.0090   0.1580   0.3050      0
190736   2691.555000 3808.968000  22.8640   0.0930   0.7240   0.1320   0.3050      0
188651   2559.014000 3736.173000  21.9540   0.0270   0.6900   0.0470   0.3040      0
187250   2467.021000 3808.055000  21.8990   0.0280   0.6960   0.0410   0.3040      0
189313   2600.840000 3745.722000  21.8790   0.0350   1.0480   0.0670   0.3040      0
189443   2609.179000 3789.782000  21.4760   0.0470   0.2350   0.0540   0.3040      0
190122   2649.123000 3851.959000  22.5560   0.0480   0.8160   0.0700   0.3040      0
187501   2483.576000 3820.627000  22.6570   0.0510   1.1420   0.1000   0.3040      0
190138   2650.235000 3659.977000  22.6790   0.0510   1.1020   0.1010   0.3040      0
189709   2623.800000 3766.751000  22.6320   0.0550   0.8990   0.1160   0.3040      0
187695   2495.996000 3741.606000  22.8460   0.0600   0.8430   0.1020   0.3040      0
187259   2467.711000 3895.947000  22.6340   0.0640   0.8990   0.1030   0.3040      0
189263   2597.638000 3846.313000  22.7580   0.0800   0.9780   0.1220   0.3040      0
189062   2584.802000 3785.800000  18.9440   0.0070   1.5610   0.0120   0.3030      0
191373   2731.895000 3788.511000  21.4160   0.0420   0.3150   0.0470   0.3030      0
190497   2673.116000 3807.137000  22.8130   0.0480   1.1270   0.1580   0.3030      0
189982   2639.937000 3883.641000  22.2880   0.0530   0.8240   0.0730   0.3030      0
190043   2643.929000 3697.791000  22.8840   0.0580   0.6190   0.0900   0.3030      0
188835   2570.227000 3838.963000  22.7230   0.0600   0.9830   0.0930   0.3030      0
191016   2709.742000 3839.836000  22.8810   0.0640   0.7930   0.1100   0.3030      0
188400   2542.286000 3855.549000  21.7390   0.0220   1.5310   0.0580   0.3020      0
191725   2755.279000 3860.906000  22.5970   0.0430   0.9080   0.0750   0.3020      0
190937   2703.966000 3903.039000  22.8000   0.0550   0.7190   0.1780   0.3020      0
190392   2666.284000 3911.678000  22.9570   0.0630   0.7170   0.1320   0.3020      0
188361   2540.315000 3825.083000  21.8490   0.0220   0.9140   0.0400   0.3010      0
189673   2622.033000 3824.217000  22.1640   0.0420   0.8060   0.0790   0.3010      0
189643   2620.214000 3794.979000  22.6700   0.0790   0.9600   0.1210   0.3010      0
190882   2700.039000 3687.332000  21.2440   0.0150   1.2410   0.0320   0.3000      0
191050   2711.537000 3784.467000  22.6770   0.0500   0.9280   0.0840   0.3000      0
191203   2721.924000 3853.270000  21.5250   0.0250   0.2320   0.0310   0.2990      0
190683   2687.401000 3816.247000  22.5530   0.0570   0.8040   0.0930   0.2990      0
189931   2636.538000 3743.236000  22.9070   0.0760   0.7960   0.1130   0.2990      0
187818   2504.136000 3770.901000  19.7060   0.0050  -0.1800   0.0090   0.2980      0
187215   2464.705000 3774.916000  22.5780   0.0470   0.9320   0.0820   0.2980      0
187623   2491.687000 3762.165000  21.4950   0.0570   1.3600   0.0670   0.2980      0
188512   2549.719000 3682.833000  22.7860   0.0590   0.6490   0.0880   0.2980      0
190587   2679.834000 3692.632000  22.8230   0.0630   0.9900   0.1110   0.2980      0
187566   2488.077000 3832.322000  22.6350   0.1180   0.4050   0.1420   0.2980      0
188393   2541.941000 3788.872000  22.6660   0.1490   0.8560   0.1620   0.2980      0
189229   2594.334000 3936.316000  22.2590   0.0380   0.8800   0.1180   0.2970      0
189520   2613.802000 3716.037000  22.5410   0.0430   0.9070   0.0770   0.2970      0
188607   2555.766000 3768.939000  22.8640   0.0590   0.8770   0.1000   0.2970      0
189031   2582.883000 3868.366000  22.8920   0.0640   0.5710   0.1320   0.2970      0
190862   2698.659000 3889.126000  22.6800   0.1120   0.5410   0.1210   0.2970      0
188067   2521.538000 3881.298000  23.5830   0.1230   0.4520   0.2070   0.2970      0
187205   2464.364000 3720.536000  21.3030   0.0180   0.7430   0.0250   0.2960      0
189060   2584.791000 3797.181000  22.3100   0.0560   0.5760   0.0760   0.2960      0
191106   2715.592000 3865.838000  22.8340   0.0560   1.0030   0.1010   0.2960      0
188718   2563.152000 3758.180000  22.5250   0.0780   0.5840   0.0930   0.2960      0
189427   2608.279000 3825.207000  19.2820   0.0160   1.4860   0.0310   0.2950      0
188964   2578.032000 3893.397000  22.3090   0.0290   0.4970   0.0450   0.2950      0
190634   2683.905000 3803.589000  22.2960   0.0450   0.4610   0.1160   0.2950      0
188371   2540.998000 3737.150000  22.0790   0.0310   0.9110   0.0530   0.2940      0
190131   2649.562000 3906.143000  22.2550   0.0370   0.8620   0.0700   0.2940      0
191082   2713.917000 3824.724000  22.4990   0.0430   0.5860   0.0650   0.2940      0
190007   2641.531000 3789.396000  20.7820   0.0450   0.0060   0.0520   0.2940      0
190093   2647.029000 3811.579000  22.8840   0.1740   0.7510   0.1850   0.2940      0
188507   2549.272000 3721.372000  19.0950   0.0050   1.5050   0.0130   0.2930      0
188773   2566.414000 3911.888000  21.3490   0.0150   0.9360   0.0700   0.2930      0
187737   2499.022000 3918.294000  21.9090   0.0410   0.2970   0.0480   0.2930      0
189234   2594.917000 3797.172000  21.9100   0.0600   0.7120   0.0770   0.2930      0
188847   2570.838000 3812.419000  21.9640   0.0300   0.5040   0.0410   0.2920      0
187684   2495.379000 3674.989000  21.8440   0.0330   1.0280   0.0590   0.2920      0
187407   2476.953000 3873.205000  22.2600   0.0360   0.8690   0.0600   0.2920      0
190780   2693.385000 3661.411000  22.6720   0.0440   0.5700   0.0640   0.2920      0
189733   2624.950000 3806.812000  21.9010   0.0450   0.7590   0.0690   0.2920      0
189317   2600.983000 3650.280000  22.3140   0.0630   0.8120   0.1140   0.2920      0
188798   2568.224000 3778.199000  21.8000   0.0330   0.8440   0.0580   0.2910      0
187727   2498.168000 3757.714000  22.5340   0.0450   0.7520   0.0790   0.2910      0
191465   2737.516000 3760.134000  22.8520   0.0660   0.9690   0.1100   0.2910      0
189732   2624.909000 3773.843000  21.8570   0.0700   0.6960   0.1460   0.2910      0
188519   2549.989000 3895.915000  22.6310   0.0730   0.0850   0.0840   0.2910      0
189409   2607.006000 3682.113000  22.3930   0.1320   0.4320   0.1770   0.2910      0
191535   2742.311000 3848.577000  21.2780   0.0170   0.2610   0.0210   0.2900      0
191358   2731.244000 3857.991000  22.3360   0.0350   0.4900   0.0490   0.2900      0
188589   2554.468000 3710.492000  21.8320   0.0390   0.3730   0.0730   0.2900      0
190645   2684.613000 3701.751000  22.2750   0.0480   0.3160   0.1320   0.2900      0
188483   2547.674000 3900.702000  22.3400   0.0800   0.5830   0.1530   0.2900      0
189262   2597.556000 3651.895000  22.8510   0.0880   0.9570   0.1260   0.2900      0
189388   2605.508000 3781.095000  22.5380   0.1030   0.7120   0.1350   0.2900      0
190038   2643.465000 3911.497000  22.8920   0.1400   0.5290   0.1530   0.2900      0
186982   2449.553000 3784.884000  20.9810   0.0270  -0.0460   0.0310   0.2890      0
190709   2689.254000 3718.480000  21.9840   0.0280   0.7350   0.0450   0.2890      0
188017   2518.431000 3785.971000  22.4590   0.0400   0.4460   0.1030   0.2890      0
189914   2635.587000 3865.086000  22.6320   0.0450   1.0330   0.0900   0.2890      0
190522   2675.302000 3910.787000  22.5300   0.0510   0.6990   0.0840   0.2890      0
190502   2673.851000 3688.590000  22.9350   0.0630   0.8270   0.0990   0.2890      0
191143   2718.022000 3905.169000  22.8570   0.0650   0.9620   0.1020   0.2890      0
188323   2537.590000 3878.471000  22.4010   0.1290   0.4010   0.2210   0.2890      0
190779   2693.361000 3724.443000  20.2720   0.0100   0.0430   0.0120   0.2880      0
187821   2504.224000 3761.546000  22.1510   0.0250   0.8300   0.0560   0.2880      0
189770   2627.416000 3828.653000  22.0180   0.0350   0.7550   0.0490   0.2880      0
190004   2641.247000 3738.649000  22.0060   0.0360   0.5360   0.0480   0.2880      0
187957   2513.842000 3899.703000  22.3450   0.0390   0.5590   0.0580   0.2880      0
187155   2460.690000 3893.462000  21.9990   0.0390   0.5300   0.1100   0.2880      0
190028   2642.806000 3792.922000  21.3480   0.0420   0.3610   0.0520   0.2880      0
189500   2612.851000 3783.111000  22.3550   0.0560   0.5920   0.0980   0.2880      0
188668   2560.156000 3730.583000  22.5870   0.0680   1.1590   0.1070   0.2880      0
189751   2626.481000 3761.463000  22.5830   0.0850   0.9840   0.1250   0.2880      0
191008   2709.332000 3771.877000  22.4520   0.1260   0.5830   0.1350   0.2880      0
186881   2442.091000 3784.211000  22.0190   0.0300   0.5580   0.0650   0.2870      0
189394   2605.773000 3878.393000  20.1040   0.0370   0.0180   0.0370   0.2870      0
190148   2650.632000 3795.751000  22.6020   0.0530   1.0060   0.0850   0.2870      0
187202   2464.283000 3903.455000  22.3650   0.0580   0.6710   0.0750   0.2870      0
188837   2570.312000 3767.696000  22.9400   0.1290   0.5300   0.2170   0.2870      0
191338   2730.178000 3878.221000  22.9610   0.1360   0.6430   0.2120   0.2870      0
190732   2691.128000 3793.816000  23.0300   0.0660   0.7380   0.0950   0.2860      0
187620   2491.589000 3796.393000  22.3020   0.0710   0.5330   0.0810   0.2860      0
189766   2627.227000 3917.745000  22.2210   0.0330   0.8280   0.0520   0.2850      0
187952   2513.498000 3834.527000  22.8670   0.0670   0.9780   0.1150   0.2850      0
190079   2645.770000 3885.312000  22.5280   0.1670   0.1400   0.1710   0.2850      0
190516   2674.974000 3851.796000  21.2520   0.0150   0.2770   0.0330   0.2840      0
187533   2485.389000 3677.230000  21.9640   0.0300   0.8820   0.0500   0.2840      0
188700   2562.110000 3741.966000  22.3690   0.0420   0.6920   0.0650   0.2840      0
189335   2602.329000 3793.287000  20.3950   0.0090   1.3840   0.0450   0.2830      0
187561   2487.569000 3841.063000  22.5040   0.0460   0.8870   0.0720   0.2830      0
188681   2560.775000 3772.069000  22.3310   0.0540   0.8400   0.0760   0.2830      0
190608   2681.515000 3946.608000  22.5540   0.0540   1.1740   0.1150   0.2830      0
191323   2729.466000 3739.897000  23.5270   0.1430   0.6030   0.1920   0.2830      0
188716   2562.988000 3783.547000  20.3280   0.0080   0.1990   0.0140   0.2820      0
189333   2602.274000 3915.319000  19.8060   0.0090  -0.0760   0.0100   0.2820      0
191343   2730.668000 3708.528000  21.1620   0.0170   0.0560   0.0230   0.2820      0
189152   2589.881000 3839.572000  22.3290   0.0400   0.8560   0.1490   0.2820      0
190325   2661.703000 3932.559000  22.2390   0.0470   0.5680   0.0620   0.2820      0
189994   2640.450000 3917.805000  21.9190   0.0590   0.8310   0.1310   0.2820      0
187781   2502.171000 3860.955000  22.9620   0.0970   0.8070   0.1700   0.2820      0
188295   2535.721000 3731.898000  21.9820   0.0290   0.5280   0.0420   0.2810      0
188275   2534.592000 3947.746000  22.3570   0.0390   0.7960   0.0620   0.2810      0
189793   2628.388000 3813.640000  22.4690   0.0520   1.2360   0.1310   0.2810      0
188285   2535.430000 3766.089000  22.8580   0.0550   1.1000   0.1160   0.2810      0
189437   2609.019000 3849.556000  22.5240   0.0670   0.9190   0.0950   0.2810      0
188891   2573.442000 3737.378000  22.7320   0.0690   0.4080   0.0810   0.2810      0
191429   2735.750000 3710.840000  23.3580   0.0940   0.6130   0.1490   0.2810      0
190565   2678.653000 3764.359000  23.8210   0.1620   0.3880   0.1980   0.2810      0
187922   2511.276000 3698.291000  22.5410   0.0950  -0.5320   0.1330   0.2800      0
191225   2723.608000 3728.044000  21.9950   0.0260   0.7520   0.0430   0.2790      0
187442   2478.945000 3848.874000  21.9720   0.0300   0.6670   0.0460   0.2790      0
188530   2550.727000 3899.624000  21.9430   0.0400   0.7540   0.0830   0.2790      0
189767   2627.317000 3654.462000  22.5190   0.0500   0.7200   0.0800   0.2790      0
191211   2722.595000 3786.104000  22.9810   0.0750   0.8140   0.1240   0.2790      0
188200   2530.254000 3906.386000  21.0710   0.0130   0.0970   0.0160   0.2780      0
191605   2747.252000 3855.241000  22.5010   0.0370   0.8490   0.0740   0.2780      0
188214   2530.728000 3702.117000  22.5120   0.0450   1.1670   0.0870   0.2780      0
188829   2569.728000 3821.272000  22.3880   0.0580   0.5220   0.0830   0.2780      0
188712   2562.716000 3651.383000  21.8820   0.0290   0.8100   0.0520   0.2770      0
190084   2646.069000 3722.043000  22.2640   0.0320   0.9250   0.0580   0.2770      0
190378   2665.534000 3649.731000  21.9540   0.0360   1.0870   0.0740   0.2770      0
191576   2745.180000 3861.333000  22.3710   0.0450   0.7500   0.0660   0.2770      0
187845   2505.449000 3824.697000  22.2540   0.0450   0.9190   0.1010   0.2770      0
189578   2617.034000 3809.970000  21.8680   0.0550   0.3610   0.0610   0.2770      0
187642   2493.099000 3822.274000  23.0940   0.1390   0.6090   0.1580   0.2770      0
188408   2542.754000 3680.893000  20.4300   0.0220   0.0140   0.0240   0.2760      0
187819   2504.144000 3850.936000  22.5040   0.0470   0.9610   0.0850   0.2760      0
188897   2573.984000 3904.988000  22.4910   0.0510   0.6170   0.0830   0.2760      0
188816   2568.922000 3755.338000  22.4970   0.0540   0.9250   0.0790   0.2760      0
188789   2567.331000 3709.315000  22.8720   0.0710   1.0530   0.1060   0.2760      0
189837   2630.561000 3754.461000  21.7440   0.0300   1.0730   0.0520   0.2750      0
190215   2654.794000 3801.502000  22.1620   0.0360   0.8400   0.0520   0.2750      0
190269   2658.099000 3722.644000  21.9060   0.0430   0.6580   0.0610   0.2750      0
191592   2746.585000 3722.232000  21.9980   0.0580   0.3050   0.0680   0.2750      0
190366   2664.633000 3836.431000  22.7640   0.0710   0.3900   0.0920   0.2750      0
187294   2469.587000 3788.079000  20.5760   0.0110   0.1040   0.0130   0.2740      0
187200   2464.229000 3797.344000  21.2780   0.0280  -0.1240   0.0430   0.2740      0
187822   2504.237000 3766.758000  22.8220   0.0770   0.4310   0.1620   0.2740      0
188213   2530.610000 3790.900000  22.8840   0.0990   1.0450   0.1370   0.2740      0
189908   2635.309000 3831.513000  21.8430   0.0360   0.3870   0.0560   0.2730      0
191458   2737.163000 3764.227000  23.1010   0.0890   0.6230   0.1290   0.2730      0
190661   2685.717000 3905.247000  23.4600   0.1180   0.6920   0.1820   0.2730      0
189371   2604.345000 3806.938000  21.7430   0.0260   0.7670   0.0480   0.2720      0
189575   2616.735000 3913.530000  21.8770   0.0310   0.8500   0.0450   0.2720      0
188799   2568.244000 3964.144000  21.9080   0.0380   0.8940   0.0690   0.2720      0
189676   2622.328000 3927.863000  22.3370   0.0460   0.8650   0.0760   0.2720      0
187836   2505.133000 3748.377000  22.5070   0.0620   1.0320   0.1910   0.2720      0
190998   2708.792000 3833.392000  22.7930   0.0690   0.3710   0.0940   0.2720      0
189924   2635.992000 3911.589000  23.0040   0.1090   0.3960   0.1780   0.2720      0
191467   2737.603000 3859.100000  22.4990   0.0440   1.0140   0.1430   0.2710      0
190957   2705.592000 3818.940000  22.5050   0.0550   0.7090   0.0810   0.2700      0
190145   2650.590000 3725.278000  23.0380   0.0680   0.7870   0.1050   0.2700      0
188987   2579.746000 3683.887000  22.4910   0.0510   0.6450   0.0800   0.2690      0
189626   2619.178000 3765.645000  23.0630   0.1060   0.4520   0.1330   0.2690      0
191245   2725.017000 3795.088000  22.2070   0.0490   0.9380   0.1610   0.2680      0
188925   2575.533000 3965.492000  22.4750   0.0460   0.9280   0.0760   0.2670      0
190348   2663.451000 3823.810000  21.9990   0.0890   1.0200   0.1030   0.2670      0
190078   2645.717000 3774.150000  22.3490   0.0350   0.8640   0.0550   0.2650      0
187928   2511.801000 3667.209000  23.3290   0.1010   0.6920   0.1520   0.2640      0
191651   2750.712000 3749.442000  22.3660   0.0410   0.8390   0.0640   0.2630      0
190735   2691.454000 3883.540000  21.9080   0.0800   0.4630   0.0850   0.2630      0
189189   2592.388000 3899.982000  23.1000   0.0750   0.7080   0.1430   0.2610      0
190258   2657.525000 3645.855000  23.2640   0.0850   0.6510   0.1300   0.2610      0
189082   2586.105000 3743.280000  21.1550   0.0230   0.1230   0.0260   0.2600      0
189746   2625.899000 3745.672000  21.5720   0.0360   0.4960   0.0420   0.2600      0
190448   2669.811000 3724.944000  22.3100   0.0390   0.9220   0.0660   0.2600      0
188661   2559.727000 3879.590000  23.1330   0.0740   0.6840   0.1150   0.2600      0
188783   2567.028000 3790.297000  21.5620   0.0190   0.1160   0.0320   0.2590      0
189616   2618.846000 3826.003000  20.6080   0.0140   0.0220   0.0190   0.2580      0
188901   2574.184000 3886.637000  21.8600   0.0290   0.6000   0.0400   0.2580      0
187089   2457.340000 3843.830000  22.4700   0.0420   0.8600   0.0920   0.2580      0
190975   2707.029000 3904.446000  22.4390   0.0680   0.7760   0.1570   0.2570      0
191123   2716.638000 3787.551000  22.0120   0.0320   0.6300   0.0420   0.2560      0
191403   2733.855000 3885.582000  22.4570   0.0450   0.8540   0.0640   0.2560      0
189530   2614.479000 3819.862000  21.1540   0.0480   0.2390   0.0530   0.2550      0
190056   2644.659000 3709.079000  23.2410   0.0740   0.7040   0.1220   0.2540      0
189246   2595.839000 3943.081000  22.9510   0.1160   0.3010   0.1400   0.2540      0
189975   2639.373000 3844.680000  22.4500   0.0440   0.8680   0.0740   0.2530      0
187625   2491.790000 3672.661000  22.9400   0.0750   1.0220   0.1380   0.2530      0
187263   2467.950000 3751.055000  22.8670   0.0480   1.3720   0.1250   0.2520      0
187912   2510.481000 3678.233000  22.8960   0.0610   1.1570   0.1110   0.2520      0
188529   2550.685000 3745.542000  22.3380   0.0770   1.0130   0.1690   0.2520      0
191334   2730.053000 3864.174000  22.3980   0.0370   0.7120   0.0730   0.2500      0
189225   2594.211000 3809.281000  21.6750   0.0330   0.8210   0.0620   0.2490      0
188755   2565.593000 3847.634000  22.4320   0.0590   0.8380   0.1450   0.2490      0
190463   2670.644000 3880.595000  21.8520   0.0320   0.5710   0.0420   0.2470      0
189125   2588.444000 3824.662000  22.4530   0.0390   0.9860   0.0740   0.2470      0
189701   2623.529000 3778.480000  21.7750   0.0360   0.8580   0.0510   0.2450      0
189379   2604.754000 3800.525000  21.3290   0.0230   0.4440   0.0320   0.2440      0
187789   2502.414000 3687.415000  22.4330   0.0410   0.8390   0.0690   0.2440      0
188539   2551.114000 3867.870000  23.3210   0.1160   0.7900   0.1750   0.2440      0
188166   2527.964000 3708.659000  22.4170   0.0420   0.9000   0.0660   0.2430      0
190660   2685.700000 3749.363000  22.4450   0.0550   1.0350   0.1390   0.2430      0
187776   2501.703000 3914.826000  23.1810   0.0860   0.7790   0.1420   0.2420      0
188713   2562.834000 3870.520000  22.2450   0.0330   1.0300   0.0590   0.2410      0
190509   2674.156000 3857.094000  22.8940   0.0610   1.4240   0.2160   0.2410      0
189120   2588.315000 3847.394000  22.9510   0.0770   1.0710   0.1330   0.2410      0
190327   2661.815000 3912.000000  21.2760   0.0200   0.5010   0.0290   0.2400      0
189678   2622.357000 3772.615000  21.9110   0.0610   0.5380   0.0700   0.2390      0
190869   2699.254000 3799.832000  23.0010   0.0590   0.9370   0.1010   0.2380      0
188176   2528.588000 3740.438000  23.2220   0.0630   0.7990   0.1260   0.2380      0
189951   2638.306000 3898.984000  21.7800   0.0270   0.9100   0.0430   0.2370      0
187748   2499.979000 3768.986000  21.8450   0.0270   0.4860   0.0470   0.2370      0
191252   2725.293000 3828.471000  21.6260   0.0340   0.8830   0.0460   0.2350      0
189944   2637.802000 3809.791000  22.4080   0.0410   0.9270   0.0730   0.2330      0
187470   2480.535000 3698.778000  23.2600   0.0870   0.8400   0.1300   0.2330      0
188939   2576.729000 3787.233000  21.6970   0.0410   0.3360   0.0570   0.2320      0
189719   2624.202000 3839.404000  23.2140   0.0820   1.2410   0.1550   0.2290      0
188481   2547.533000 3730.415000  23.2370   0.0880   1.2320   0.1500   0.2290      0
191217   2722.977000 3868.257000  23.2280   0.0720   0.8700   0.1480   0.2280      0
190344   2663.076000 3818.225000  22.3760   0.0800   1.0860   0.1150   0.2280      0
189056   2584.560000 3812.369000  21.2860   0.0220   0.3690   0.0270   0.2260      0
188979   2579.102000 3935.193000  23.0510   0.0780   0.9780   0.1270   0.2240      0
186876   2441.790000 3813.468000  23.3910   0.0890   1.2960   0.2110   0.2240      0
188918   2574.997000 3744.678000  23.1400   0.1000   0.9620   0.1680   0.2230      0
189299   2599.906000 3678.437000  21.8940   0.0310   0.4930   0.0460   0.2220      0
191731   2755.665000 3845.465000  23.1630   0.0800   0.9700   0.1970   0.2220      0
188199   2530.248000 3756.128000  23.1060   0.0870   1.0660   0.2270   0.2210      0
189787   2628.102000 3735.992000  23.2210   0.0850   1.1630   0.1710   0.2200      0
190857   2698.391000 3813.920000  23.4040   0.1120   0.9520   0.1830   0.2200      0
191370   2731.636000 3875.056000  23.0480   0.1310   1.3720   0.1870   0.2190      0
190431   2668.651000 3816.228000  21.5780   0.0430   0.9480   0.0500   0.2160      0
187286   2469.161000 3815.870000  23.4990   0.1200   1.2360   0.2220   0.2160      0
190842   2697.613000 3732.437000  23.1060   0.0830   1.0730   0.1800   0.2150      0
189212   2593.671000 3883.766000  23.6210   0.1440   1.2310   0.2260   0.2130      0
190363   2664.406000 3688.791000  23.0520   0.0600   1.0580   0.1380   0.2110      0
190029   2642.826000 3800.942000  21.5870   0.0720   0.3010   0.0750   0.2090      0
191292   2727.288000 3872.557000  23.0600   0.0850   1.1460   0.1460   0.2090      0
189373   2604.434000 3690.027000  23.5390   0.1040   1.1250   0.2010   0.2060      0
189495   2612.645000 3690.983000  22.0960   0.0330   1.0590   0.0630   0.1750      0
